unprocessed_DEMs/125_125_14239.asc
ncols        125
nrows        125
xllcorner    26.629166666667
yllcorner    35.245833333333
cellsize     0.004166666667
NODATA_value -32767
[rows 76 to 113 of 125, columns 0 to 83 of 125]
-1191 -1155 -1111 -1097 -1088 -1094 -1137 -1160 -1171 -1168 -1161 -1178 -1193 -1194 -1206 -1212 -1213 -1206 -1202 -1210 -1213 -1210 -1221 -1270 -1313 -1314 -1325 -1210 -1208 -1215 -1234 -1245 -1216 -1176 -1129 -1070 -1000 -922 -837 -747 -654 -560 -498 -463 -417 -377 -292 -202 -129 -69 -62 -57 -49 -30 -28 -45 -33 -17 -18 -14 -10 -9 4 -10 -11 -14 -13 -10 -10 -11 -19 -34 -44 -53 -60 -64 -59 -52 -44 -34 -25 -17 -16 -22
-1174 -1143 -1106 -1081 -1071 -1085 -1107 -1119 -1128 -1114 -1111 -1119 -1123 -1116 -1118 -1131 -1135 -1133 -1135 -1143 -1154 -1172 -1229 -1255 -1236 -1227 -1132 -1127 -1121 -1121 -1125 -1111 -1077 -1035 -987 -931 -866 -790 -703 -608 -515 -429 -385 -351 -316 -286 -181 -133 -80 -24 -14 -13 -13 -15 17 31 24 16 -11 -12 -12 -11 -10 -9 -15 -16 -16 -14 -14 -14 -18 -33 -41 -48 -52 -54 -51 -43 -34 -26 -16 -13 -13 -14
-1166 -1127 -1095 -1059 -1048 -1064 -1080 -1100 -1096 -1066 -1052 -1052 -1057 -1066 -1069 -1072 -1058 -1058 -1082 -1114 -1162 -1184 -1178 -1149 -1125 -1137 -1045 -1039 -1031 -1025 -1010 -980 -944 -904 -857 -806 -746 -676 -593 -502 -424 -357 -304 -255 -218 -179 -109 -80 -51 -24 -13 17 14 9 34 72 57 36 -7 -6 -10 -9 -11 -11 -13 -17 -15 -15 -15 -19 -23 -33 -38 -41 -40 -43 -43 -37 -30 -21 -15 -13 -14 -14
-1152 -1098 -1045 -1023 -1036 -1062 -1083 -1095 -1083 -1053 -1022 -1001 -995 -999 -1003 -998 -952 -949 -1018 -1105 -1110 -1105 -1099 -1071 -1043 -987 -970 -957 -944 -925 -890 -856 -821 -783 -741 -697 -646 -584 -509 -424 -356 -301 -242 -181 -134 -86 -47 -31 -27 -17 -14 -13 -11 10 29 24 28 18 8 -4 -8 -10 -10 -12 -13 -15 -14 -13 -15 -23 -24 -28 -31 -32 -29 -32 -33 -31 -24 -19 -15 -15 -15 -15
-1128 -1063 -1005 -1015 -1039 -1072 -1085 -1090 -1073 -1045 -1015 -991 -981 -963 -958 -965 -927 -908 -953 -994 -1002 -1029 -1032 -1033 -1030 -934 -910 -888 -864 -823 -775 -738 -706 -673 -636 -601 -562 -511 -447 -351 -275 -223 -169 -119 -78 -38 -17 -10 -13 2 -19 -11 -9 20 2 69 11 30 10 -7 -11 -9 -11 -15 -18 -14 -12 -12 -13 -19 -19 -22 -25 -24 -23 -24 -23 -21 -19 -16 -13 -17 -15 40
-1099 -1043 -1018 -1020 -1038 -1063 -1075 -1079 -1068 -1047 -1021 -990 -969 -937 -935 -957 -925 -890 -893 -919 -941 -976 -992 -1009 -1017 -878 -847 -815 -782 -724 -667 -629 -600 -572 -542 -516 -485 -440 -379 -279 -198 -149 -112 -80 -52 -26 -12 -7 -11 -14 -13 -12 -12 18 51 71 55 28 4 -13 -14 -14 -13 -14 -14 -11 -8 -7 -9 -12 -14 -17 -20 -20 -20 -18 -16 -11 -16 10 30 70 105 162
-1062 -1029 -1030 -1038 -1052 -1073 -1084 -1092 -1104 -1084 -1032 -975 -948 -923 -936 -958 -937 -881 -858 -924 -961 -982 -969 -942 -847 -812 -773 -733 -688 -626 -567 -527 -501 -478 -456 -435 -407 -362 -299 -220 -152 -110 -88 -65 -43 -27 -12 -10 -17 -18 -14 -15 1 23 50 70 45 14 -15 -15 -15 -14 -13 -13 -13 1 10 10 10 10 -13 -12 -14 -15 -13 -14 26 24 35 59 112 186 274 347
-1037 -1022 -1035 -1050 -1068 -1099 -1123 -1126 -1133 -1108 -1027 -962 -925 -914 -934 -955 -926 -851 -896 -971 -984 -995 -977 -918 -886 -743 -700 -654 -601 -533 -468 -429 -405 -391 -377 -360 -335 -296 -244 -185 -136 -102 -79 -60 -43 -31 -20 -20 -22 -20 -16 -13 -14 13 28 33 12 -15 -15 -15 -15 -14 -13 -13 10 19 51 57 45 35 11 5 6 17 36 62 85 86 87 123 213 308 405 495
-1033 -1027 -1042 -1063 -1095 -1133 -1174 -1185 -1176 -1121 -1014 -938 -890 -866 -886 -924 -890 -810 -898 -961 -976 -990 -958 -878 -733 -684 -639 -586 -530 -457 -380 -342 -318 -312 -310 -302 -284 -253 -211 -164 -127 -98 -76 -60 -47 -36 -27 -27 -25 -21 -18 -16 -15 -15 -15 -15 -15 -16 -16 -15 -15 -14 -12 15 12 33 74 98 75 45 20 23 37 60 89 139 193 216 168 182 266 374 479 528
-1042 -1044 -1065 -1096 -1139 -1192 -1254 -1273 -1247 -1157 -1017 -933 -888 -852 -832 -857 -823 -779 -844 -875 -907 -941 -905 -833 -690 -640 -589 -537 -483 -419 -342 -302 -272 -268 -275 -274 -258 -233 -198 -156 -124 -97 -75 -60 -50 -39 -33 -30 -27 -25 -22 -18 -17 -16 -16 -16 -16 -16 -15 -15 -15 -15 12 35 19 56 94 114 83 49 34 45 75 127 191 248 329 332 252 246 300 395 452 431
-1058 -1081 -1126 -1153 -1187 -1245 -1286 -1301 -1299 -1226 -1030 -891 -844 -799 -802 -803 -739 -710 -774 -795 -838 -886 -831 -759 -653 -607 -554 -506 -449 -404 -358 -317 -282 -274 -276 -273 -259 -234 -201 -163 -130 -102 -77 -61 -51 -42 -37 -33 -30 -29 -28 -20 -19 -17 -17 -17 -17 -17 -16 -15 -14 -12 27 12 29 62 96 113 77 62 62 90 109 138 194 278 332 365 357 321 353 378 388 364
-1069 -1095 -1137 -1171 -1205 -1276 -1309 -1320 -1320 -1237 -1017 -852 -771 -729 -708 -710 -668 -676 -730 -761 -807 -828 -780 -728 -634 -585 -535 -490 -440 -401 -375 -345 -316 -303 -299 -291 -278 -251 -216 -179 -142 -110 -81 -63 -53 -45 -39 -35 -34 -34 -33 -25 -22 -18 -17 -18 -18 -18 -17 -14 5 33 20 38 73 119 162 152 95 92 108 143 176 203 246 264 310 398 409 343 298 272 309 290
-1070 -1096 -1161 -1201 -1241 -1280 -1302 -1321 -1323 -1238 -1013 -844 -759 -688 -624 -603 -605 -660 -730 -759 -788 -790 -771 -743 -620 -575 -534 -490 -454 -419 -390 -368 -349 -335 -326 -312 -294 -265 -231 -195 -158 -120 -86 -67 -56 -49 -43 -39 -39 -40 -35 -30 -24 -19 -18 -18 -18 -18 21 45 40 62 107 170 199 236 251 153 115 129 194 255 304 351 390 384 397 398 328 209 165 112 134 109
-1077 -1100 -1158 -1202 -1236 -1261 -1291 -1315 -1317 -1246 -1035 -841 -733 -612 -519 -516 -588 -686 -736 -766 -791 -787 -756 -715 -602 -574 -543 -505 -472 -442 -414 -390 -374 -360 -346 -325 -301 -274 -243 -211 -173 -132 -96 -73 -59 -53 -48 -46 -44 -44 -38 -34 -25 -20 -19 -19 -18 28 65 113 183 221 290 312 328 277 201 177 212 221 230 368 435 486 511 482 440 333 175 70 136 123 47 90
-1066 -1059 -1096 -1126 -1169 -1217 -1276 -1306 -1311 -1253 -1049 -827 -710 -574 -489 -559 -626 -707 -749 -776 -785 -769 -716 -689 -588 -576 -548 -524 -496 -464 -438 -409 -392 -377 -362 -337 -306 -279 -254 -227 -188 -144 -106 -79 -64 -57 -54 -53 -51 -47 -39 -33 -26 -22 -19 -19 -17 38 139 283 369 381 405 389 345 259 236 280 317 325 249 343 484 547 543 475 374 216 84 68 49 38 25 8
-977 -917 -895 -886 -933 -1047 -1189 -1263 -1268 -1211 -1032 -812 -680 -546 -479 -576 -658 -718 -754 -764 -767 -760 -720 -683 -575 -574 -554 -548 -521 -487 -453 -421 -402 -387 -372 -346 -310 -282 -259 -234 -193 -149 -110 -84 -68 -59 -55 -55 -52 -45 -38 -32 -26 -20 -18 -16 28 88 215 369 459 459 410 379 280 267 303 323 378 395 305 302 433 480 455 335 160 90 27 -8 -14 -38 -35 -35
-776 -646 -645 -682 -794 -917 -1022 -1116 -1096 -1088 -1039 -862 -671 -511 -479 -565 -644 -692 -738 -759 -761 -749 -719 -655 -605 -578 -562 -566 -519 -484 -453 -430 -411 -394 -376 -354 -317 -284 -254 -223 -183 -142 -107 -85 -68 -58 -50 -48 -45 -41 -34 -29 -23 -18 -14 -18 61 130 267 391 447 475 401 294 263 305 361 367 389 425 367 299 355 357 251 106 86 23 -28 -15 -45 -65 -75 -80
-663 -530 -503 -521 -647 -805 -900 -1006 -1009 -986 -980 -839 -676 -502 -462 -538 -611 -678 -734 -750 -766 -768 -734 -635 -572 -568 -568 -572 -571 -542 -507 -436 -417 -398 -378 -358 -320 -279 -240 -204 -165 -127 -99 -81 -65 -52 -43 -39 -36 -33 -29 -25 -18 -16 17 54 92 129 272 381 443 459 388 296 261 279 340 384 418 411 351 323 318 178 86 46 7 -28 -33 -41 -64 -91 -109 -123
-669 -519 -505 -526 -579 -664 -801 -955 -971 -985 -1025 -878 -665 -485 -447 -522 -582 -682 -734 -742 -759 -746 -699 -640 -613 -567 -559 -558 -551 -516 -483 -436 -416 -399 -378 -351 -309 -263 -219 -180 -142 -108 -89 -74 -59 -45 -35 -30 -27 -26 -24 -22 -16 26 66 131 182 152 261 375 400 417 367 304 284 268 283 352 397 390 374 324 216 68 -12 -20 -16 -57 -58 -70 -91 -113 -134 -159
-608 -516 -521 -552 -612 -743 -899 -1021 -969 -1029 -1090 -884 -624 -488 -481 -546 -611 -703 -745 -733 -707 -670 -624 -567 -538 -523 -529 -526 -521 -501 -488 -477 -414 -390 -364 -326 -285 -236 -189 -149 -115 -88 -75 -63 -50 -37 -26 -21 -19 -20 -18 -18 -15 57 157 234 232 185 260 360 416 418 328 267 257 248 237 250 264 256 235 177 78 18 -15 -13 -66 -76 -77 -89 -111 -133 -158 -190
-483 -494 -533 -563 -687 -834 -1000 -1025 -999 -1065 -1105 -883 -642 -530 -545 -578 -657 -714 -708 -656 -632 -620 -550 -478 -471 -475 -482 -487 -496 -484 -475 -470 -408 -368 -329 -283 -243 -197 -152 -112 -85 -69 -59 -50 -39 -29 -17 -15 -14 -16 -11 -15 21 90 223 277 264 213 236 283 306 323 266 238 247 217 164 134 130 125 111 74 15 -22 -16 -19 -69 -84 -91 -101 -124 -153 -185 -219
-441 -529 -535 -590 -766 -935 -1044 -1081 -1135 -1119 -1104 -893 -688 -602 -646 -674 -693 -681 -632 -622 -601 -568 -510 -459 -444 -451 -447 -464 -480 -468 -457 -464 -395 -347 -296 -242 -198 -160 -116 -75 -58 -54 -50 -43 -34 -27 -15 8 -14 -12 -8 14 28 102 222 260 226 188 163 167 226 264 208 191 189 153 59 51 47 36 17 -36 -30 -30 -30 -56 -86 -99 -106 -113 -140 -178 -217 -252
-459 -541 -553 -659 -862 -1009 -1095 -1167 -1179 -1160 -1089 -872 -697 -663 -729 -749 -709 -619 -621 -607 -570 -551 -503 -450 -427 -420 -417 -429 -432 -429 -443 -468 -388 -341 -288 -224 -179 -142 -99 -56 -46 -50 -50 -50 -47 -37 -28 -23 -22 -17 -6 11 21 42 103 170 193 139 94 101 182 201 147 134 103 25 -19 -25 -36 -50 -61 -57 -43 -47 -65 -91 -113 -127 -134 -145 -179 -220 -258 -290
-536 -548 -595 -680 -875 -1057 -1186 -1201 -1170 -1143 -1038 -827 -681 -690 -755 -765 -718 -676 -655 -609 -572 -528 -485 -435 -381 -329 -368 -432 -426 -436 -465 -478 -398 -353 -307 -249 -198 -149 -102 -63 -54 -61 -69 -76 -74 -61 -55 -53 -47 -43 -29 -17 -16 5 23 62 126 89 42 88 157 165 103 72 52 -19 -23 -43 -65 -82 -92 -88 -77 -84 -104 -127 -150 -169 -184 -209 -245 -280 -310 -336
-555 -615 -695 -787 -937 -1143 -1210 -1165 -1126 -1099 -940 -723 -637 -708 -765 -773 -748 -720 -661 -591 -530 -484 -465 -435 -380 -342 -385 -457 -460 -465 -485 -483 -406 -376 -344 -305 -232 -164 -106 -74 -74 -92 -106 -110 -103 -95 -95 -98 -96 -85 -72 -47 7 7 12 11 63 81 32 119 176 142 50 14 -8 -31 -45 -69 -98 -115 -121 -120 -109 -118 -140 -165 -189 -223 -255 -290 -320 -348 -370 -386
-638 -781 -858 -963 -1090 -1227 -1185 -1094 -1098 -1036 -807 -606 -635 -702 -754 -770 -753 -700 -638 -569 -534 -517 -517 -480 -449 -447 -476 -492 -493 -496 -490 -476 -398 -382 -363 -340 -264 -187 -120 -93 -102 -131 -142 -143 -136 -133 -138 -142 -143 -128 -101 -60 -53 -55 -50 -45 -11 64 14 54 118 82 -19 -15 -31 -50 -79 -113 -138 -153 -149 -147 -144 -155 -183 -214 -247 -293 -338 -375 -400 -421 -432 -435
-812 -947 -1046 -1177 -1239 -1230 -1166 -1124 -1107 -973 -749 -596 -643 -704 -754 -772 -736 -676 -671 -638 -599 -566 -537 -502 -488 -492 -500 -496 -491 -486 -475 -458 -382 -365 -348 -329 -290 -232 -175 -149 -149 -161 -162 -162 -163 -168 -179 -187 -186 -162 -122 -79 -51 -42 -30 -33 -23 -22 -38 -18 -18 -19 -24 -19 -54 -82 -114 -152 -185 -207 -211 -215 -218 -228 -258 -294 -335 -383 -426 -456 -470 -477 -470 -460
-887 -1044 -1189 -1250 -1252 -1225 -1179 -1191 -1111 -923 -701 -607 -671 -723 -760 -774 -726 -672 -664 -621 -572 -545 -513 -497 -492 -503 -502 -491 -475 -451 -433 -412 -368 -349 -329 -304 -295 -270 -244 -224 -205 -186 -170 -168 -181 -195 -207 -211 -208 -186 -146 -103 -80 -68 -52 -39 -27 -17 -15 -19 -27 -30 -36 -42 -69 -100 -134 -179 -236 -283 -310 -317 -316 -324 -351 -396 -442 -479 -511 -515 -500 -484 -463 -447
-885 -1008 -1155 -1251 -1254 -1251 -1234 -1181 -1048 -844 -681 -658 -696 -722 -743 -766 -722 -680 -649 -594 -557 -520 -486 -460 -472 -497 -504 -484 -438 -381 -386 -384 -365 -347 -328 -310 -308 -297 -290 -278 -251 -218 -186 -185 -205 -224 -231 -223 -216 -201 -166 -129 -109 -93 -75 -60 -48 -42 -41 -38 -37 -37 -46 -62 -83 -110 -136 -176 -249 -318 -358 -359 -344 -352 -400 -468 -510 -516 -524 -500 -473 -459 -448 -436
-858 -974 -1151 -1245 -1252 -1252 -1213 -1068 -876 -749 -689 -694 -702 -713 -736 -769 -746 -699 -632 -572 -529 -489 -452 -418 -421 -468 -502 -489 -427 -371 -387 -397 -370 -352 -339 -340 -345 -337 -329 -315 -289 -259 -231 -231 -251 -268 -270 -256 -244 -223 -190 -155 -134 -116 -96 -80 -71 -66 -65 -61 -60 -63 -76 -90 -104 -122 -133 -156 -211 -273 -326 -342 -326 -337 -393 -455 -478 -455 -434 -403 -399 -423 -447 -461
-886 -1014 -1172 -1236 -1250 -1247 -1192 -1022 -809 -690 -703 -687 -698 -727 -758 -766 -754 -711 -630 -568 -515 -471 -433 -405 -406 -447 -485 -491 -454 -421 -425 -424 -379 -363 -358 -373 -386 -380 -368 -351 -333 -311 -295 -296 -311 -324 -324 -310 -291 -265 -230 -190 -160 -135 -112 -99 -94 -90 -87 -84 -84 -91 -105 -118 -126 -134 -134 -150 -185 -234 -293 -328 -332 -345 -375 -396 -396 -373 -346 -329 -343 -401 -456 -503
-1008 -1127 -1178 -1224 -1245 -1226 -1154 -1019 -803 -697 -725 -708 -711 -740 -770 -766 -751 -712 -650 -585 -518 -466 -431 -404 -364 -388 -471 -485 -473 -455 -432 -427 -387 -370 -376 -408 -431 -426 -401 -388 -382 -368 -355 -359 -373 -387 -385 -370 -347 -319 -284 -244 -210 -177 -148 -129 -114 -107 -101 -98 -101 -111 -125 -136 -140 -142 -144 -159 -195 -242 -293 -328 -346 -358 -365 -359 -349 -329 -307 -312 -349 -417 -486 -552
-1060 -1142 -1167 -1202 -1218 -1193 -1132 -1000 -796 -712 -751 -742 -730 -731 -767 -756 -726 -689 -647 -598 -545 -475 -421 -362 -319 -374 -487 -488 -469 -457 -445 -416 -390 -378 -399 -448 -478 -471 -433 -426 -429 -423 -415 -419 -433 -451 -444 -430 -403 -377 -343 -306 -279 -247 -218 -190 -155 -124 -109 -105 -109 -124 -140 -150 -157 -164 -167 -184 -225 -270 -311 -342 -361 -370 -368 -352 -340 -322 -303 -317 -380 -459 -537 -613
-1063 -1142 -1164 -1170 -1149 -1142 -1155 -1036 -805 -741 -774 -759 -711 -707 -737 -709 -677 -673 -642 -604 -553 -494 -423 -345 -339 -418 -490 -490 -482 -475 -444 -401 -412 -414 -444 -510 -533 -491 -457 -451 -477 -476 -476 -483 -496 -518 -503 -488 -454 -433 -399 -366 -350 -324 -296 -265 -219 -164 -135 -130 -139 -157 -174 -186 -195 -207 -217 -239 -278 -317 -350 -369 -385 -393 -389 -376 -365 -352 -344 -364 -429 -512 -598 -683
-1086 -1132 -1141 -1143 -1140 -1144 -1141 -1020 -819 -774 -790 -755 -686 -659 -661 -643 -626 -644 -615 -588 -543 -495 -433 -372 -390 -441 -481 -489 -492 -485 -450 -421 -428 -430 -461 -516 -566 -563 -519 -477 -489 -516 -518 -536 -551 -575 -562 -552 -508 -494 -458 -428 -422 -404 -374 -331 -277 -211 -177 -181 -195 -214 -228 -238 -248 -265 -284 -315 -352 -383 -409 -414 -419 -422 -422 -417 -412 -405 -407 -433 -490 -569 -659 -753
-1078 -1119 -1118 -1126 -1131 -1136 -1127 -1050 -895 -817 -808 -776 -715 -676 -679 -618 -557 -574 -573 -563 -541 -509 -467 -426 -428 -446 -479 -495 -507 -491 -460 -458 -476 -511 -566 -606 -610 -594 -540 -532 -572 -579 -561 -558 -570 -594 -617 -621 -577 -559 -516 -493 -496 -487 -444 -390 -306 -246 -227 -238 -254 -272 -284 -293 -306 -331 -359 -393 -427 -449 -471 -461 -453 -452 -454 -455 -453 -452 -459 -486 -539 -616 -706 -796
-1078 -1104 -1103 -1110 -1112 -1111 -1102 -1063 -990 -901 -831 -811 -758 -743 -718 -614 -519 -489 -524 -531 -545 -516 -489 -463 -441 -434 -489 -514 -518 -509 -489 -491 -513 -577 -644 -662 -645 -617 -583 -589 -622 -629 -607 -596 -616 -638 -656 -673 -675 -646 -617 -580 -566 -552 -490 -417 -315 -279 -278 -292 -311 -330 -342 -346 -361 -393 -435 -469 -499 -516 -512 -493 -481 -481 -485 -487 -484 -484 -497 -522 -572 -644 -722 -794
-1067 -1088 -1090 -1094 -1093 -1086 -1064 -1020 -970 -889 -825 -807 -776 -750 -705 -591 -485 -429 -455 -500 -524 -508 -502 -483 -453 -449 -510 -540 -546 -554 -552 -545 -576 -634 -683 -684 -671 -634 -613 -639 -678 -656 -629 -630 -653 -668 -681 -697 -707 -706 -683 -637 -602 -605 -572 -531 -331 -305 -319 -346 -371 -391 -397 -397 -415 -449 -503 -549 -577 -575 -535 -518 -508 -510 -516 -518 -515 -516 -530 -552 -591 -656 -716 -772
