unprocessed_DEMs/125_125_14239.asc
ncols        125
nrows        125
xllcorner    26.629166666667
yllcorner    35.245833333333
cellsize     0.004166666667
NODATA_value -32767
[rows 0 to 37 of 125, columns 0 to 83 of 125]
-750 -749 -750 -752 -762 -785 -814 -805 -769 -730 -698 -694 -713 -746 -791 -835 -863 -870 -871 -878 -894 -911 -926 -941 -953 -962 -970 -976 -978 -974 -964 -942 -911 -875 -841 -835 -846 -869 -906 -943 -1011 -1089 -1117 -1125 -1135 -1144 -1198 -1299 -1378 -1428 -1483 -1563 -1632 -1689 -1731 -1741 -1748 -1770 -1784 -1781 -1773 -1760 -1741 -1718 -1695 -1672 -1649 -1636 -1630 -1634 -1656 -1678 -1691 -1709 -1735 -1768 -1817 -1891 -1970 -2046 -2122 -2201 -2269 -2313
-794 -793 -795 -800 -811 -833 -857 -851 -819 -785 -758 -755 -772 -803 -843 -882 -908 -916 -919 -926 -940 -955 -969 -982 -992 -1000 -1007 -1012 -1013 -1008 -998 -976 -946 -912 -882 -876 -882 -901 -933 -970 -1032 -1103 -1140 -1160 -1178 -1196 -1240 -1312 -1375 -1430 -1488 -1557 -1624 -1688 -1740 -1765 -1777 -1796 -1807 -1804 -1796 -1784 -1766 -1747 -1730 -1713 -1696 -1687 -1681 -1683 -1696 -1712 -1727 -1748 -1777 -1814 -1867 -1941 -2022 -2097 -2167 -2237 -2296 -2338
-843 -843 -846 -852 -862 -879 -894 -889 -868 -845 -829 -828 -843 -868 -899 -928 -949 -961 -968 -977 -989 -1002 -1014 -1024 -1033 -1040 -1045 -1047 -1049 -1046 -1037 -1017 -990 -960 -936 -930 -936 -953 -979 -1018 -1072 -1134 -1188 -1227 -1255 -1282 -1314 -1351 -1397 -1451 -1505 -1562 -1625 -1695 -1758 -1800 -1821 -1831 -1836 -1832 -1823 -1810 -1795 -1780 -1768 -1759 -1753 -1747 -1741 -1730 -1722 -1728 -1752 -1782 -1816 -1859 -1916 -1988 -2068 -2144 -2210 -2268 -2320 -2360
-896 -895 -898 -903 -911 -924 -935 -933 -920 -906 -897 -898 -911 -933 -956 -979 -997 -1010 -1019 -1028 -1040 -1052 -1061 -1070 -1077 -1082 -1085 -1087 -1088 -1089 -1082 -1065 -1041 -1015 -993 -988 -991 -1004 -1025 -1067 -1133 -1200 -1259 -1305 -1336 -1364 -1388 -1414 -1450 -1499 -1545 -1588 -1643 -1716 -1787 -1837 -1861 -1869 -1870 -1865 -1852 -1838 -1824 -1812 -1805 -1802 -1804 -1798 -1784 -1766 -1748 -1752 -1784 -1822 -1860 -1903 -1958 -2024 -2101 -2180 -2248 -2307 -2357 -2394
-951 -949 -951 -955 -962 -972 -980 -981 -975 -968 -964 -967 -978 -996 -1015 -1034 -1050 -1063 -1073 -1083 -1093 -1103 -1112 -1118 -1123 -1127 -1128 -1130 -1133 -1136 -1133 -1120 -1098 -1074 -1055 -1049 -1051 -1059 -1074 -1118 -1198 -1274 -1328 -1372 -1406 -1437 -1462 -1491 -1529 -1574 -1615 -1646 -1691 -1759 -1825 -1875 -1900 -1908 -1904 -1897 -1883 -1867 -1852 -1839 -1833 -1830 -1832 -1821 -1801 -1793 -1789 -1802 -1835 -1875 -1916 -1958 -2003 -2055 -2124 -2208 -2282 -2350 -2403 -2436
-1005 -1003 -1003 -1007 -1013 -1021 -1028 -1031 -1030 -1028 -1029 -1034 -1044 -1059 -1076 -1092 -1106 -1119 -1130 -1140 -1149 -1158 -1165 -1170 -1173 -1173 -1174 -1175 -1180 -1188 -1191 -1180 -1159 -1136 -1119 -1114 -1116 -1125 -1143 -1184 -1255 -1324 -1375 -1420 -1459 -1492 -1522 -1556 -1596 -1640 -1682 -1716 -1759 -1815 -1871 -1913 -1933 -1938 -1932 -1923 -1911 -1895 -1879 -1865 -1853 -1845 -1840 -1833 -1825 -1831 -1846 -1869 -1900 -1935 -1972 -2011 -2052 -2106 -2175 -2254 -2325 -2389 -2439 -2469
-1056 -1054 -1054 -1057 -1063 -1070 -1077 -1082 -1085 -1087 -1090 -1097 -1108 -1121 -1136 -1151 -1165 -1177 -1188 -1198 -1207 -1214 -1220 -1224 -1223 -1220 -1217 -1218 -1226 -1241 -1256 -1246 -1220 -1196 -1178 -1174 -1179 -1194 -1217 -1254 -1303 -1359 -1413 -1461 -1503 -1539 -1569 -1601 -1639 -1685 -1732 -1777 -1823 -1872 -1921 -1956 -1967 -1964 -1957 -1948 -1936 -1923 -1908 -1891 -1873 -1856 -1845 -1847 -1863 -1886 -1912 -1941 -1970 -1997 -2024 -2055 -2102 -2169 -2245 -2319 -2378 -2429 -2470 -2496
-1103 -1102 -1103 -1107 -1113 -1120 -1127 -1134 -1139 -1144 -1150 -1158 -1170 -1183 -1197 -1212 -1226 -1238 -1249 -1258 -1266 -1272 -1277 -1279 -1274 -1266 -1258 -1255 -1264 -1290 -1317 -1309 -1276 -1248 -1229 -1225 -1232 -1250 -1279 -1316 -1360 -1411 -1460 -1504 -1543 -1579 -1611 -1642 -1680 -1730 -1778 -1823 -1868 -1914 -1963 -2000 -2009 -2004 -1997 -1985 -1971 -1954 -1936 -1916 -1896 -1879 -1867 -1875 -1910 -1951 -1990 -2023 -2048 -2068 -2083 -2106 -2158 -2236 -2316 -2384 -2432 -2472 -2503 -2521
-1148 -1148 -1150 -1154 -1161 -1169 -1177 -1185 -1193 -1200 -1209 -1219 -1231 -1245 -1259 -1273 -1287 -1299 -1310 -1319 -1326 -1332 -1336 -1336 -1327 -1313 -1299 -1292 -1300 -1333 -1367 -1361 -1325 -1297 -1280 -1275 -1278 -1297 -1336 -1381 -1430 -1478 -1517 -1551 -1581 -1614 -1654 -1692 -1731 -1773 -1814 -1850 -1889 -1932 -1976 -2015 -2042 -2058 -2054 -2037 -2016 -1990 -1961 -1938 -1926 -1921 -1923 -1942 -1985 -2034 -2080 -2116 -2139 -2153 -2164 -2188 -2244 -2320 -2391 -2444 -2478 -2502 -2522 -2533
-1191 -1192 -1195 -1200 -1207 -1217 -1227 -1237 -1247 -1257 -1267 -1278 -1291 -1305 -1319 -1334 -1348 -1361 -1372 -1380 -1385 -1389 -1394 -1396 -1385 -1366 -1347 -1337 -1345 -1378 -1412 -1414 -1385 -1359 -1340 -1336 -1342 -1363 -1403 -1450 -1499 -1545 -1578 -1610 -1641 -1673 -1713 -1751 -1787 -1820 -1851 -1879 -1907 -1939 -1962 -1993 -2039 -2083 -2097 -2083 -2057 -2021 -1985 -1960 -1958 -1974 -1998 -2032 -2078 -2130 -2182 -2220 -2242 -2258 -2276 -2309 -2358 -2407 -2454 -2488 -2507 -2519 -2530 -2537
-1232 -1233 -1238 -1244 -1253 -1265 -1277 -1288 -1300 -1312 -1324 -1336 -1350 -1363 -1378 -1394 -1408 -1420 -1432 -1439 -1441 -1443 -1447 -1453 -1441 -1423 -1402 -1390 -1398 -1433 -1470 -1479 -1459 -1432 -1412 -1410 -1423 -1445 -1475 -1514 -1562 -1609 -1648 -1686 -1726 -1760 -1786 -1812 -1840 -1871 -1898 -1918 -1933 -1945 -1951 -1969 -2022 -2093 -2134 -2123 -2089 -2052 -2015 -1993 -1999 -2037 -2082 -2126 -2170 -2224 -2288 -2332 -2346 -2362 -2393 -2433 -2462 -2478 -2497 -2515 -2524 -2530 -2536 -2540
-1270 -1273 -1279 -1288 -1300 -1312 -1326 -1340 -1353 -1366 -1380 -1394 -1407 -1421 -1436 -1451 -1465 -1476 -1486 -1491 -1491 -1491 -1492 -1495 -1488 -1475 -1458 -1449 -1458 -1494 -1535 -1549 -1532 -1510 -1492 -1490 -1501 -1517 -1535 -1566 -1617 -1676 -1726 -1773 -1816 -1844 -1856 -1866 -1886 -1917 -1942 -1952 -1957 -1958 -1959 -1970 -2027 -2122 -2185 -2176 -2136 -2101 -2070 -2059 -2075 -2122 -2176 -2222 -2258 -2307 -2379 -2417 -2409 -2419 -2464 -2508 -2523 -2521 -2525 -2532 -2535 -2537 -2540 -2543
-1305 -1310 -1319 -1331 -1345 -1360 -1376 -1391 -1405 -1420 -1435 -1449 -1462 -1476 -1491 -1506 -1519 -1528 -1535 -1537 -1534 -1532 -1529 -1526 -1522 -1517 -1509 -1506 -1518 -1553 -1594 -1613 -1604 -1586 -1572 -1566 -1567 -1571 -1578 -1598 -1649 -1728 -1803 -1861 -1897 -1913 -1912 -1911 -1922 -1951 -1974 -1981 -1984 -1987 -1990 -2010 -2072 -2165 -2233 -2246 -2217 -2187 -2165 -2163 -2180 -2219 -2266 -2309 -2339 -2381 -2438 -2456 -2432 -2439 -2487 -2528 -2543 -2540 -2539 -2540 -2541 -2542 -2543 -2545
-1335 -1343 -1356 -1371 -1388 -1405 -1423 -1440 -1456 -1471 -1487 -1502 -1514 -1527 -1542 -1557 -1569 -1575 -1581 -1579 -1575 -1569 -1564 -1558 -1557 -1556 -1554 -1554 -1571 -1611 -1652 -1676 -1675 -1662 -1647 -1633 -1620 -1615 -1615 -1627 -1683 -1784 -1882 -1950 -1977 -1976 -1962 -1950 -1956 -1986 -2010 -2018 -2024 -2037 -2048 -2076 -2143 -2227 -2291 -2322 -2305 -2283 -2272 -2273 -2287 -2314 -2349 -2381 -2408 -2442 -2483 -2494 -2479 -2482 -2511 -2540 -2551 -2548 -2545 -2544 -2544 -2545 -2545 -2546
-1362 -1373 -1390 -1408 -1428 -1448 -1468 -1486 -1503 -1519 -1536 -1550 -1563 -1575 -1588 -1603 -1613 -1617 -1619 -1616 -1612 -1607 -1604 -1603 -1604 -1608 -1611 -1615 -1635 -1679 -1723 -1750 -1753 -1743 -1727 -1710 -1689 -1679 -1676 -1696 -1773 -1885 -1983 -2046 -2064 -2050 -2023 -2001 -2006 -2044 -2074 -2082 -2091 -2115 -2137 -2169 -2230 -2310 -2367 -2385 -2369 -2359 -2363 -2373 -2385 -2403 -2425 -2448 -2466 -2491 -2524 -2538 -2534 -2535 -2546 -2558 -2558 -2552 -2548 -2548 -2547 -2547 -2547 -2548
-1387 -1403 -1422 -1445 -1467 -1489 -1511 -1530 -1547 -1564 -1581 -1595 -1606 -1618 -1631 -1644 -1653 -1654 -1652 -1649 -1648 -1648 -1651 -1656 -1663 -1675 -1687 -1698 -1721 -1763 -1807 -1836 -1838 -1831 -1819 -1807 -1793 -1786 -1785 -1817 -1911 -2023 -2103 -2148 -2151 -2130 -2102 -2082 -2088 -2126 -2161 -2177 -2194 -2222 -2254 -2291 -2335 -2388 -2428 -2434 -2424 -2424 -2442 -2462 -2474 -2483 -2497 -2511 -2520 -2534 -2552 -2562 -2560 -2559 -2562 -2566 -2563 -2558 -2553 -2552 -2551 -2551 -2551 -2553
-1419 -1435 -1455 -1479 -1503 -1526 -1549 -1570 -1587 -1604 -1621 -1636 -1646 -1656 -1668 -1681 -1689 -1688 -1685 -1686 -1689 -1695 -1701 -1710 -1723 -1741 -1762 -1783 -1812 -1850 -1890 -1917 -1922 -1920 -1915 -1909 -1906 -1903 -1910 -1946 -2032 -2135 -2208 -2243 -2233 -2215 -2199 -2191 -2198 -2227 -2258 -2284 -2307 -2331 -2363 -2395 -2417 -2440 -2461 -2471 -2474 -2481 -2501 -2525 -2537 -2541 -2549 -2556 -2559 -2563 -2569 -2571 -2569 -2568 -2567 -2567 -2564 -2561 -2557 -2556 -2555 -2555 -2557 -2560
-1451 -1467 -1487 -1510 -1534 -1557 -1581 -1603 -1620 -1638 -1654 -1668 -1679 -1689 -1701 -1712 -1718 -1718 -1719 -1729 -1739 -1747 -1753 -1763 -1777 -1796 -1822 -1853 -1888 -1926 -1963 -1989 -2001 -2006 -2008 -2006 -2002 -2002 -2013 -2054 -2139 -2231 -2293 -2316 -2303 -2294 -2292 -2299 -2312 -2332 -2357 -2382 -2403 -2418 -2438 -2456 -2463 -2471 -2482 -2495 -2506 -2518 -2537 -2558 -2570 -2572 -2574 -2575 -2574 -2574 -2575 -2574 -2571 -2569 -2568 -2566 -2564 -2561 -2559 -2558 -2557 -2557 -2561 -2568
-1476 -1492 -1513 -1535 -1559 -1582 -1605 -1628 -1648 -1667 -1682 -1696 -1707 -1718 -1730 -1741 -1745 -1747 -1755 -1777 -1794 -1800 -1805 -1814 -1828 -1848 -1877 -1914 -1954 -1996 -2037 -2066 -2081 -2092 -2102 -2108 -2108 -2109 -2116 -2159 -2255 -2337 -2374 -2379 -2366 -2363 -2371 -2387 -2405 -2422 -2439 -2458 -2471 -2477 -2483 -2491 -2492 -2493 -2499 -2512 -2527 -2544 -2566 -2583 -2589 -2586 -2582 -2578 -2577 -2575 -2573 -2571 -2570 -2567 -2566 -2564 -2563 -2561 -2559 -2558 -2557 -2557 -2563 -2577
-1495 -1512 -1532 -1555 -1577 -1597 -1618 -1639 -1655 -1674 -1695 -1714 -1727 -1741 -1757 -1769 -1775 -1780 -1795 -1823 -1843 -1849 -1853 -1860 -1874 -1898 -1931 -1972 -2016 -2061 -2106 -2139 -2157 -2174 -2195 -2212 -2225 -2234 -2242 -2282 -2355 -2413 -2440 -2442 -2431 -2429 -2437 -2455 -2470 -2479 -2488 -2500 -2507 -2509 -2510 -2511 -2509 -2508 -2513 -2530 -2549 -2569 -2590 -2604 -2600 -2591 -2581 -2577 -2574 -2571 -2569 -2567 -2566 -2565 -2563 -2563 -2562 -2561 -2560 -2559 -2558 -2559 -2567 -2584
-1510 -1527 -1545 -1565 -1582 -1593 -1604 -1615 -1629 -1651 -1683 -1714 -1736 -1756 -1774 -1789 -1800 -1813 -1831 -1855 -1872 -1879 -1886 -1895 -1912 -1940 -1978 -2023 -2070 -2113 -2156 -2191 -2214 -2238 -2269 -2295 -2311 -2324 -2342 -2378 -2421 -2453 -2479 -2486 -2479 -2478 -2482 -2497 -2507 -2508 -2511 -2519 -2524 -2524 -2524 -2522 -2520 -2521 -2528 -2544 -2563 -2581 -2595 -2603 -2599 -2590 -2580 -2575 -2571 -2568 -2565 -2564 -2564 -2563 -2562 -2562 -2562 -2562 -2562 -2563 -2566 -2570 -2577 -2587
-1524 -1539 -1552 -1567 -1579 -1581 -1575 -1579 -1599 -1626 -1664 -1701 -1739 -1765 -1786 -1805 -1822 -1836 -1853 -1875 -1890 -1897 -1906 -1920 -1941 -1970 -2010 -2059 -2107 -2151 -2191 -2224 -2250 -2279 -2318 -2346 -2356 -2365 -2385 -2416 -2449 -2470 -2490 -2498 -2495 -2494 -2499 -2509 -2516 -2517 -2518 -2524 -2529 -2529 -2529 -2527 -2527 -2530 -2538 -2552 -2567 -2578 -2587 -2592 -2591 -2585 -2577 -2572 -2568 -2565 -2563 -2563 -2563 -2563 -2562 -2562 -2563 -2563 -2564 -2570 -2578 -2587 -2590 -2589
-1546 -1559 -1566 -1580 -1591 -1587 -1567 -1566 -1583 -1610 -1647 -1691 -1740 -1771 -1798 -1824 -1858 -1866 -1877 -1902 -1919 -1927 -1935 -1950 -1969 -1996 -2033 -2082 -2136 -2190 -2239 -2276 -2296 -2322 -2366 -2394 -2395 -2398 -2412 -2434 -2457 -2474 -2485 -2491 -2494 -2496 -2501 -2505 -2510 -2513 -2515 -2518 -2523 -2527 -2529 -2529 -2530 -2534 -2543 -2557 -2569 -2578 -2583 -2587 -2587 -2582 -2575 -2572 -2568 -2566 -2564 -2563 -2565 -2567 -2567 -2570 -2572 -2567 -2567 -2575 -2584 -2593 -2595 -2588
-1578 -1592 -1595 -1605 -1611 -1601 -1572 -1561 -1567 -1591 -1629 -1681 -1745 -1772 -1812 -1851 -1893 -1910 -1921 -1945 -1967 -1984 -1993 -1998 -2006 -2024 -2054 -2100 -2160 -2229 -2298 -2346 -2362 -2382 -2422 -2447 -2442 -2438 -2442 -2452 -2465 -2474 -2480 -2485 -2490 -2494 -2499 -2503 -2507 -2510 -2512 -2515 -2519 -2526 -2531 -2535 -2539 -2544 -2553 -2564 -2574 -2580 -2585 -2588 -2587 -2584 -2581 -2579 -2577 -2573 -2569 -2568 -2571 -2576 -2581 -2585 -2583 -2574 -2571 -2575 -2578 -2584 -2585 -2581
-1613 -1630 -1626 -1629 -1632 -1613 -1577 -1552 -1548 -1573 -1608 -1668 -1752 -1784 -1833 -1869 -1907 -1935 -1949 -1981 -2016 -2048 -2063 -2057 -2053 -2056 -2073 -2112 -2170 -2246 -2323 -2376 -2397 -2415 -2443 -2464 -2467 -2464 -2461 -2462 -2467 -2470 -2474 -2479 -2486 -2491 -2496 -2500 -2505 -2509 -2512 -2513 -2519 -2528 -2537 -2545 -2552 -2558 -2566 -2573 -2577 -2580 -2583 -2585 -2583 -2582 -2583 -2582 -2581 -2575 -2569 -2568 -2572 -2578 -2584 -2584 -2579 -2569 -2566 -2567 -2568 -2571 -2573 -2574
-1649 -1668 -1661 -1651 -1656 -1624 -1585 -1541 -1525 -1550 -1590 -1664 -1758 -1808 -1852 -1882 -1917 -1938 -1955 -1999 -2046 -2089 -2112 -2110 -2100 -2093 -2098 -2123 -2171 -2248 -2326 -2378 -2399 -2413 -2434 -2450 -2458 -2463 -2465 -2464 -2458 -2459 -2465 -2472 -2481 -2488 -2493 -2497 -2502 -2507 -2510 -2510 -2516 -2530 -2545 -2556 -2563 -2569 -2573 -2574 -2574 -2573 -2573 -2574 -2573 -2573 -2573 -2572 -2570 -2567 -2562 -2562 -2565 -2570 -2570 -2569 -2567 -2561 -2560 -2560 -2562 -2565 -2566 -2570
-1689 -1708 -1705 -1685 -1670 -1631 -1589 -1539 -1499 -1528 -1577 -1666 -1772 -1827 -1867 -1902 -1929 -1948 -1975 -2018 -2068 -2113 -2144 -2152 -2145 -2135 -2135 -2147 -2185 -2263 -2342 -2392 -2408 -2417 -2431 -2441 -2448 -2457 -2466 -2466 -2453 -2451 -2459 -2468 -2477 -2484 -2489 -2494 -2501 -2506 -2509 -2508 -2515 -2532 -2551 -2564 -2569 -2573 -2574 -2572 -2569 -2567 -2566 -2566 -2567 -2567 -2564 -2563 -2561 -2560 -2559 -2559 -2561 -2562 -2562 -2562 -2562 -2560 -2560 -2561 -2563 -2566 -2567 -2569
-1722 -1746 -1740 -1726 -1661 -1703 -1603 -1544 -1503 -1544 -1537 -1715 -1817 -1856 -1892 -1922 -1946 -1967 -1998 -2039 -2085 -2128 -2161 -2181 -2189 -2189 -2193 -2206 -2238 -2298 -2359 -2398 -2413 -2421 -2429 -2437 -2445 -2453 -2462 -2466 -2458 -2457 -2462 -2469 -2476 -2483 -2488 -2493 -2500 -2507 -2512 -2515 -2523 -2538 -2555 -2566 -2570 -2571 -2570 -2569 -2567 -2564 -2564 -2565 -2565 -2565 -2562 -2559 -2558 -2557 -2557 -2558 -2559 -2559 -2560 -2560 -2561 -2561 -2562 -2563 -2565 -2567 -2568 -2569
-1719 -1752 -1776 -1773 -1750 -1714 -1656 -1643 -1599 -1572 -1622 -1700 -1818 -1869 -1927 -1945 -1963 -1984 -2014 -2054 -2092 -2132 -2169 -2201 -2227 -2247 -2264 -2283 -2309 -2340 -2374 -2399 -2410 -2417 -2425 -2434 -2442 -2449 -2456 -2463 -2465 -2465 -2468 -2472 -2477 -2482 -2487 -2493 -2501 -2510 -2519 -2527 -2536 -2547 -2558 -2565 -2567 -2567 -2566 -2566 -2564 -2562 -2562 -2565 -2569 -2568 -2561 -2555 -2554 -2554 -2555 -2556 -2557 -2558 -2558 -2560 -2561 -2562 -2563 -2564 -2566 -2567 -2568 -2568
-1734 -1767 -1777 -1776 -1776 -1746 -1709 -1715 -1718 -1743 -1784 -1833 -1873 -1917 -1952 -1966 -1980 -1998 -2028 -2062 -2097 -2134 -2175 -2215 -2251 -2283 -2311 -2336 -2357 -2371 -2387 -2400 -2407 -2414 -2422 -2430 -2438 -2445 -2453 -2460 -2466 -2469 -2471 -2475 -2479 -2483 -2488 -2494 -2502 -2514 -2526 -2536 -2544 -2551 -2559 -2563 -2564 -2563 -2563 -2563 -2561 -2561 -2562 -2568 -2582 -2575 -2552 -2543 -2545 -2550 -2553 -2555 -2556 -2557 -2558 -2559 -2561 -2562 -2563 -2565 -2567 -2568 -2567 -2563
-1709 -1770 -1782 -1794 -1801 -1795 -1791 -1801 -1814 -1830 -1838 -1867 -1899 -1939 -1965 -1979 -1993 -2004 -2031 -2064 -2099 -2136 -2177 -2218 -2255 -2288 -2319 -2346 -2366 -2378 -2388 -2397 -2405 -2412 -2420 -2428 -2435 -2442 -2450 -2458 -2465 -2470 -2473 -2476 -2480 -2484 -2489 -2495 -2504 -2517 -2530 -2539 -2545 -2551 -2556 -2559 -2560 -2558 -2558 -2558 -2557 -2558 -2559 -2569 -2587 -2577 -2545 -2535 -2540 -2546 -2551 -2554 -2555 -2556 -2558 -2559 -2561 -2562 -2563 -2565 -2567 -2568 -2567 -2561
-1687 -1767 -1789 -1800 -1812 -1820 -1826 -1827 -1845 -1862 -1869 -1889 -1916 -1937 -1965 -1984 -1993 -2000 -2007 -2064 -2099 -2137 -2179 -2217 -2249 -2279 -2309 -2336 -2357 -2372 -2383 -2393 -2402 -2410 -2418 -2426 -2433 -2440 -2448 -2456 -2465 -2470 -2474 -2478 -2481 -2486 -2493 -2499 -2508 -2520 -2530 -2537 -2542 -2547 -2551 -2553 -2553 -2552 -2552 -2551 -2551 -2551 -2552 -2558 -2570 -2565 -2548 -2542 -2544 -2547 -2551 -2553 -2553 -2555 -2557 -2559 -2561 -2563 -2564 -2566 -2568 -2570 -2570 -2567
-1693 -1750 -1791 -1802 -1818 -1828 -1839 -1854 -1869 -1883 -1899 -1918 -1931 -1949 -1981 -2000 -2006 -2020 -2030 -2034 -2096 -2140 -2180 -2215 -2243 -2275 -2304 -2331 -2353 -2367 -2379 -2389 -2398 -2408 -2417 -2425 -2431 -2438 -2446 -2455 -2463 -2470 -2475 -2480 -2485 -2491 -2498 -2505 -2514 -2522 -2529 -2534 -2537 -2540 -2544 -2546 -2545 -2544 -2544 -2543 -2543 -2543 -2544 -2547 -2551 -2551 -2548 -2546 -2546 -2547 -2548 -2550 -2552 -2554 -2556 -2558 -2561 -2563 -2565 -2566 -2569 -2573 -2575 -2576
-1706 -1763 -1794 -1805 -1821 -1835 -1848 -1868 -1887 -1895 -1906 -1921 -1940 -1966 -1999 -2029 -2039 -2039 -2049 -2049 -2065 -2144 -2179 -2210 -2238 -2272 -2298 -2325 -2347 -2362 -2375 -2386 -2395 -2405 -2414 -2422 -2429 -2436 -2442 -2451 -2460 -2468 -2476 -2483 -2490 -2497 -2504 -2513 -2520 -2524 -2526 -2528 -2531 -2533 -2535 -2536 -2535 -2535 -2535 -2534 -2533 -2533 -2535 -2537 -2539 -2540 -2540 -2540 -2541 -2542 -2545 -2547 -2549 -2551 -2554 -2557 -2560 -2562 -2564 -2567 -2570 -2574 -2578 -2581
-1689 -1758 -1791 -1808 -1826 -1840 -1854 -1876 -1898 -1903 -1910 -1923 -1936 -1958 -1995 -2032 -2051 -2059 -2067 -2071 -2079 -2145 -2177 -2207 -2238 -2270 -2295 -2319 -2339 -2354 -2368 -2379 -2390 -2399 -2409 -2417 -2424 -2430 -2435 -2443 -2453 -2463 -2474 -2483 -2492 -2498 -2504 -2511 -2516 -2519 -2520 -2520 -2522 -2522 -2523 -2523 -2523 -2523 -2523 -2523 -2523 -2524 -2525 -2527 -2529 -2531 -2532 -2533 -2534 -2537 -2540 -2543 -2544 -2547 -2550 -2554 -2557 -2560 -2563 -2566 -2569 -2574 -2580 -2586
-1693 -1753 -1788 -1808 -1823 -1837 -1854 -1878 -1904 -1916 -1923 -1930 -1934 -1948 -1983 -2031 -2062 -2070 -2082 -2094 -2112 -2128 -2180 -2211 -2241 -2272 -2299 -2316 -2331 -2344 -2357 -2368 -2379 -2390 -2400 -2409 -2416 -2421 -2425 -2431 -2442 -2454 -2468 -2480 -2489 -2494 -2494 -2496 -2499 -2506 -2510 -2509 -2509 -2509 -2509 -2509 -2509 -2509 -2509 -2510 -2512 -2513 -2515 -2517 -2520 -2522 -2523 -2526 -2528 -2530 -2534 -2537 -2539 -2542 -2545 -2549 -2553 -2556 -2560 -2563 -2566 -2571 -2580 -2590
-1681 -1728 -1780 -1797 -1813 -1833 -1857 -1883 -1903 -1916 -1925 -1937 -1945 -1950 -1979 -2031 -2073 -2081 -2092 -2106 -2120 -2138 -2188 -2217 -2244 -2274 -2300 -2311 -2322 -2335 -2348 -2359 -2369 -2379 -2390 -2400 -2407 -2413 -2416 -2422 -2432 -2444 -2456 -2467 -2473 -2477 -2480 -2484 -2488 -2495 -2498 -2497 -2495 -2495 -2495 -2495 -2494 -2493 -2494 -2496 -2498 -2500 -2503 -2506 -2509 -2511 -2513 -2516 -2518 -2521 -2525 -2529 -2531 -2535 -2538 -2543 -2547 -2550 -2554 -2557 -2560 -2564 -2574 -2589
-1675 -1719 -1759 -1780 -1799 -1819 -1841 -1856 -1874 -1892 -1914 -1938 -1954 -1967 -1986 -2028 -2083 -2091 -2101 -2113 -2132 -2147 -2194 -2222 -2245 -2269 -2293 -2305 -2315 -2328 -2340 -2351 -2360 -2370 -2380 -2390 -2397 -2403 -2409 -2415 -2424 -2433 -2441 -2447 -2451 -2455 -2465 -2475 -2482 -2485 -2484 -2483 -2481 -2480 -2479 -2479 -2478 -2478 -2478 -2480 -2483 -2485 -2488 -2492 -2496 -2498 -2501 -2504 -2506 -2510 -2514 -2518 -2521 -2525 -2530 -2535 -2539 -2543 -2548 -2551 -2552 -2555 -2566 -2582
