unprocessed_DEMs/125_125_14239.asc
ncols        125
nrows        125
xllcorner    26.629166666667
yllcorner    35.245833333333
cellsize     0.004166666667
NODATA_value -32767
[rows 38 to 75 of 125, columns 0 to 83 of 125]
-1650 -1701 -1742 -1764 -1783 -1791 -1800 -1818 -1839 -1859 -1881 -1915 -1954 -1994 -2018 -2050 -2087 -2099 -2111 -2122 -2137 -2158 -2174 -2224 -2244 -2264 -2287 -2301 -2311 -2322 -2332 -2342 -2351 -2360 -2369 -2378 -2386 -2393 -2399 -2406 -2412 -2419 -2425 -2430 -2435 -2441 -2450 -2458 -2465 -2469 -2470 -2469 -2467 -2465 -2464 -2462 -2462 -2462 -2462 -2465 -2467 -2470 -2473 -2478 -2482 -2485 -2488 -2491 -2494 -2497 -2501 -2505 -2508 -2512 -2517 -2523 -2529 -2534 -2540 -2542 -2541 -2543 -2552 -2568
-1605 -1660 -1708 -1738 -1748 -1756 -1766 -1795 -1817 -1843 -1871 -1899 -1940 -2007 -2048 -2058 -2085 -2106 -2121 -2135 -2149 -2167 -2183 -2223 -2241 -2262 -2282 -2296 -2307 -2317 -2326 -2335 -2342 -2350 -2360 -2368 -2375 -2382 -2389 -2395 -2401 -2407 -2412 -2417 -2423 -2429 -2435 -2441 -2447 -2454 -2457 -2454 -2452 -2451 -2449 -2447 -2446 -2445 -2446 -2449 -2452 -2455 -2459 -2463 -2468 -2471 -2474 -2477 -2480 -2484 -2488 -2491 -2493 -2496 -2501 -2508 -2514 -2516 -2521 -2521 -2515 -2511 -2514 -2521
-1564 -1619 -1682 -1714 -1728 -1745 -1758 -1779 -1801 -1833 -1871 -1906 -1953 -2017 -2055 -2073 -2085 -2107 -2127 -2146 -2164 -2179 -2187 -2222 -2241 -2256 -2278 -2295 -2305 -2314 -2321 -2329 -2336 -2344 -2353 -2361 -2367 -2374 -2380 -2387 -2393 -2399 -2405 -2410 -2415 -2420 -2426 -2431 -2436 -2445 -2448 -2444 -2442 -2440 -2437 -2434 -2434 -2434 -2435 -2438 -2440 -2443 -2446 -2450 -2455 -2458 -2462 -2466 -2469 -2472 -2475 -2474 -2474 -2476 -2480 -2488 -2492 -2493 -2497 -2491 -2473 -2455 -2441 -2426
-1538 -1601 -1666 -1704 -1719 -1741 -1749 -1766 -1782 -1817 -1866 -1903 -1946 -2008 -2050 -2079 -2099 -2118 -2136 -2155 -2171 -2186 -2195 -2204 -2225 -2244 -2272 -2296 -2307 -2313 -2316 -2321 -2330 -2340 -2349 -2356 -2361 -2367 -2376 -2383 -2388 -2395 -2403 -2408 -2413 -2416 -2421 -2427 -2433 -2441 -2445 -2443 -2439 -2434 -2429 -2426 -2426 -2427 -2429 -2430 -2432 -2433 -2436 -2439 -2442 -2445 -2450 -2455 -2459 -2460 -2460 -2453 -2447 -2447 -2451 -2459 -2459 -2458 -2464 -2457 -2419 -2375 -2340 -2305
-1528 -1581 -1638 -1672 -1715 -1730 -1744 -1773 -1789 -1815 -1855 -1883 -1928 -2002 -2057 -2084 -2099 -2116 -2142 -2161 -2173 -2185 -2195 -2166 -2193 -2228 -2262 -2295 -2307 -2308 -2308 -2311 -2319 -2333 -2346 -2355 -2359 -2365 -2376 -2384 -2388 -2394 -2403 -2408 -2410 -2413 -2418 -2425 -2432 -2441 -2445 -2442 -2436 -2430 -2422 -2415 -2415 -2420 -2423 -2422 -2422 -2423 -2425 -2425 -2424 -2425 -2429 -2432 -2435 -2431 -2424 -2413 -2404 -2400 -2403 -2402 -2388 -2378 -2381 -2369 -2320 -2263 -2214 -2167
-1474 -1538 -1611 -1653 -1708 -1735 -1761 -1780 -1790 -1809 -1842 -1868 -1912 -1984 -2040 -2082 -2104 -2121 -2140 -2157 -2175 -2190 -2189 -2137 -2174 -2218 -2254 -2289 -2300 -2299 -2296 -2292 -2299 -2319 -2342 -2358 -2363 -2367 -2375 -2382 -2387 -2395 -2407 -2413 -2411 -2412 -2418 -2421 -2425 -2432 -2433 -2431 -2427 -2424 -2414 -2403 -2400 -2405 -2407 -2404 -2403 -2401 -2400 -2397 -2395 -2394 -2395 -2393 -2391 -2387 -2378 -2362 -2341 -2321 -2307 -2291 -2268 -2246 -2239 -2221 -2181 -2128 -2072 -2011
-1444 -1511 -1592 -1653 -1699 -1736 -1766 -1778 -1789 -1809 -1849 -1884 -1921 -1989 -2030 -2077 -2101 -2121 -2141 -2160 -2175 -2188 -2163 -2080 -2188 -2224 -2253 -2281 -2290 -2290 -2287 -2281 -2285 -2303 -2323 -2342 -2352 -2360 -2364 -2369 -2375 -2384 -2394 -2402 -2406 -2414 -2416 -2408 -2406 -2407 -2406 -2403 -2402 -2404 -2396 -2384 -2379 -2377 -2377 -2375 -2374 -2367 -2358 -2356 -2355 -2349 -2341 -2337 -2338 -2342 -2344 -2315 -2269 -2216 -2161 -2141 -2133 -2118 -2098 -2079 -2048 -2005 -1943 -1872
-1464 -1525 -1589 -1651 -1702 -1736 -1761 -1774 -1791 -1820 -1866 -1901 -1931 -1997 -2036 -2072 -2101 -2119 -2140 -2156 -2172 -2188 -2193 -2187 -2211 -2229 -2247 -2263 -2272 -2277 -2281 -2281 -2284 -2282 -2279 -2290 -2320 -2342 -2347 -2350 -2357 -2362 -2367 -2374 -2384 -2398 -2400 -2391 -2385 -2380 -2377 -2372 -2371 -2372 -2368 -2362 -2356 -2351 -2350 -2350 -2350 -2345 -2333 -2332 -2327 -2312 -2292 -2290 -2303 -2310 -2311 -2270 -2210 -2144 -2071 -2042 -2020 -1990 -1951 -1929 -1903 -1867 -1819 -1761
-1465 -1514 -1561 -1634 -1691 -1726 -1753 -1773 -1787 -1823 -1891 -1929 -1950 -1999 -2035 -2068 -2087 -2110 -2130 -2147 -2165 -2183 -2191 -2197 -2209 -2220 -2231 -2241 -2250 -2259 -2266 -2271 -2275 -2264 -2248 -2255 -2290 -2316 -2325 -2331 -2338 -2342 -2346 -2351 -2357 -2365 -2371 -2368 -2362 -2355 -2349 -2344 -2341 -2341 -2340 -2339 -2335 -2331 -2328 -2327 -2328 -2330 -2327 -2327 -2317 -2301 -2280 -2280 -2290 -2284 -2261 -2214 -2157 -2099 -2040 -1988 -1927 -1864 -1813 -1786 -1763 -1731 -1698 -1657
-1444 -1511 -1573 -1627 -1689 -1724 -1751 -1778 -1792 -1830 -1910 -1957 -1979 -2018 -2043 -2067 -2090 -2109 -2128 -2146 -2165 -2179 -2187 -2198 -2205 -2213 -2220 -2228 -2235 -2243 -2249 -2254 -2258 -2256 -2250 -2256 -2276 -2292 -2301 -2308 -2314 -2319 -2323 -2327 -2331 -2336 -2340 -2340 -2335 -2328 -2321 -2315 -2310 -2307 -2307 -2310 -2311 -2307 -2304 -2301 -2301 -2305 -2311 -2313 -2308 -2303 -2293 -2288 -2276 -2243 -2198 -2146 -2090 -2033 -1973 -1907 -1844 -1782 -1729 -1694 -1667 -1637 -1604 -1562
-1450 -1510 -1552 -1610 -1681 -1731 -1763 -1784 -1799 -1835 -1916 -1965 -1989 -2026 -2049 -2069 -2091 -2112 -2130 -2146 -2162 -2179 -2191 -2198 -2203 -2208 -2213 -2217 -2222 -2228 -2234 -2239 -2245 -2249 -2252 -2257 -2265 -2272 -2277 -2282 -2287 -2293 -2298 -2302 -2304 -2307 -2311 -2312 -2307 -2298 -2292 -2286 -2278 -2269 -2271 -2281 -2288 -2285 -2280 -2274 -2272 -2276 -2289 -2294 -2289 -2293 -2307 -2297 -2262 -2201 -2131 -2073 -2018 -1961 -1897 -1827 -1772 -1718 -1665 -1627 -1595 -1562 -1524 -1479
-1463 -1506 -1555 -1617 -1683 -1739 -1782 -1805 -1817 -1852 -1921 -1971 -2004 -2032 -2057 -2076 -2089 -2106 -2124 -2140 -2157 -2176 -2191 -2193 -2197 -2200 -2203 -2206 -2210 -2216 -2222 -2227 -2233 -2239 -2243 -2246 -2249 -2250 -2250 -2252 -2259 -2268 -2274 -2278 -2279 -2281 -2284 -2285 -2280 -2272 -2267 -2262 -2254 -2245 -2247 -2261 -2270 -2269 -2265 -2258 -2255 -2260 -2276 -2281 -2273 -2275 -2290 -2269 -2222 -2148 -2069 -2008 -1955 -1901 -1842 -1778 -1725 -1672 -1617 -1573 -1534 -1495 -1453 -1406
-1480 -1538 -1581 -1639 -1684 -1734 -1785 -1821 -1846 -1885 -1943 -1982 -2019 -2050 -2073 -2088 -2095 -2105 -2118 -2134 -2154 -2171 -2185 -2186 -2186 -2189 -2191 -2194 -2199 -2206 -2212 -2218 -2223 -2227 -2230 -2232 -2230 -2222 -2213 -2216 -2231 -2246 -2254 -2258 -2258 -2258 -2259 -2258 -2255 -2251 -2248 -2245 -2242 -2239 -2242 -2249 -2255 -2256 -2257 -2257 -2257 -2261 -2271 -2274 -2262 -2248 -2235 -2198 -2146 -2080 -2011 -1951 -1898 -1851 -1807 -1761 -1704 -1642 -1581 -1527 -1479 -1434 -1388 -1342
-1458 -1507 -1554 -1625 -1684 -1744 -1793 -1835 -1869 -1897 -1940 -2007 -2044 -2062 -2068 -2086 -2101 -2105 -2115 -2131 -2145 -2158 -2167 -2172 -2167 -2171 -2175 -2180 -2186 -2194 -2202 -2209 -2213 -2216 -2219 -2220 -2218 -2206 -2192 -2195 -2218 -2234 -2239 -2239 -2238 -2236 -2234 -2232 -2231 -2230 -2229 -2229 -2231 -2232 -2236 -2240 -2242 -2244 -2248 -2256 -2257 -2258 -2262 -2262 -2233 -2197 -2164 -2118 -2066 -2005 -1943 -1884 -1834 -1793 -1764 -1743 -1679 -1604 -1539 -1477 -1421 -1372 -1325 -1280
-1450 -1495 -1545 -1616 -1688 -1741 -1787 -1839 -1886 -1923 -1954 -2002 -2044 -2067 -2079 -2087 -2097 -2094 -2102 -2119 -2130 -2141 -2149 -2152 -2140 -2148 -2154 -2161 -2168 -2176 -2187 -2195 -2199 -2202 -2204 -2206 -2208 -2200 -2192 -2195 -2212 -2221 -2219 -2215 -2212 -2210 -2208 -2206 -2205 -2204 -2205 -2209 -2214 -2220 -2225 -2228 -2229 -2233 -2238 -2246 -2246 -2236 -2228 -2211 -2163 -2106 -2050 -2006 -1964 -1912 -1859 -1802 -1751 -1711 -1683 -1667 -1603 -1530 -1469 -1409 -1353 -1304 -1258 -1214
-1475 -1521 -1567 -1615 -1675 -1720 -1774 -1834 -1894 -1949 -1985 -2013 -2045 -2068 -2081 -2086 -2088 -2076 -2076 -2094 -2106 -2118 -2125 -2126 -2116 -2125 -2133 -2140 -2144 -2152 -2161 -2169 -2172 -2176 -2180 -2183 -2186 -2185 -2184 -2187 -2194 -2194 -2188 -2184 -2180 -2179 -2179 -2179 -2178 -2178 -2181 -2187 -2195 -2203 -2210 -2211 -2209 -2212 -2212 -2209 -2200 -2175 -2147 -2108 -2055 -1994 -1929 -1887 -1849 -1804 -1755 -1701 -1649 -1601 -1558 -1519 -1468 -1415 -1366 -1319 -1274 -1231 -1188 -1145
-1498 -1542 -1592 -1642 -1688 -1735 -1793 -1860 -1915 -1959 -1999 -2027 -2043 -2059 -2072 -2079 -2077 -2061 -2048 -2060 -2075 -2089 -2100 -2106 -2102 -2111 -2116 -2120 -2117 -2122 -2129 -2134 -2134 -2138 -2147 -2155 -2160 -2162 -2165 -2168 -2169 -2162 -2155 -2150 -2148 -2148 -2149 -2150 -2152 -2154 -2158 -2166 -2174 -2182 -2191 -2189 -2179 -2170 -2158 -2141 -2112 -2074 -2033 -1987 -1944 -1900 -1855 -1805 -1754 -1700 -1643 -1590 -1537 -1481 -1421 -1357 -1321 -1291 -1255 -1224 -1192 -1157 -1118 -1077
-1528 -1578 -1620 -1652 -1686 -1752 -1832 -1876 -1921 -1957 -1988 -2017 -2041 -2054 -2061 -2068 -2068 -2047 -2023 -2022 -2039 -2056 -2071 -2086 -2090 -2096 -2099 -2098 -2093 -2090 -2096 -2101 -2102 -2107 -2117 -2126 -2132 -2137 -2140 -2143 -2140 -2132 -2124 -2118 -2114 -2115 -2118 -2122 -2124 -2126 -2129 -2134 -2140 -2147 -2156 -2148 -2134 -2118 -2092 -2056 -2008 -1963 -1920 -1875 -1842 -1812 -1776 -1726 -1668 -1606 -1543 -1488 -1434 -1374 -1307 -1238 -1208 -1188 -1162 -1141 -1119 -1089 -1054 -1016
-1520 -1573 -1616 -1644 -1669 -1711 -1774 -1828 -1883 -1914 -1941 -1990 -2029 -2042 -2050 -2056 -2059 -2042 -2009 -1997 -2015 -2036 -2042 -2052 -2075 -2077 -2083 -2079 -2070 -2055 -2057 -2062 -2071 -2079 -2086 -2094 -2101 -2106 -2106 -2105 -2101 -2098 -2096 -2093 -2088 -2087 -2089 -2090 -2088 -2085 -2083 -2083 -2086 -2093 -2100 -2095 -2081 -2060 -2019 -1963 -1900 -1856 -1819 -1783 -1754 -1724 -1688 -1641 -1584 -1522 -1459 -1401 -1344 -1284 -1222 -1166 -1134 -1114 -1095 -1077 -1057 -1031 -999 -966
-1528 -1567 -1604 -1639 -1664 -1691 -1729 -1769 -1811 -1849 -1900 -1952 -2007 -2028 -2039 -2047 -2049 -2040 -2023 -2012 -2015 -2022 -2037 -2048 -2060 -2065 -2069 -2061 -2043 -2021 -2016 -2019 -2031 -2043 -2050 -2057 -2065 -2071 -2071 -2070 -2069 -2072 -2078 -2079 -2074 -2071 -2067 -2059 -2049 -2038 -2030 -2024 -2024 -2028 -2032 -2028 -2011 -1986 -1940 -1881 -1816 -1771 -1737 -1704 -1674 -1644 -1608 -1560 -1503 -1443 -1381 -1321 -1263 -1205 -1149 -1100 -1071 -1054 -1040 -1024 -1004 -980 -951 -919
-1533 -1571 -1606 -1646 -1677 -1705 -1738 -1769 -1802 -1851 -1902 -1946 -1972 -2002 -2027 -2041 -2043 -2043 -2040 -2035 -2037 -2044 -2054 -2065 -2071 -2065 -2057 -2041 -2020 -1998 -1985 -1987 -1998 -2008 -2014 -2020 -2030 -2039 -2046 -2052 -2057 -2065 -2073 -2075 -2069 -2060 -2049 -2036 -2016 -1995 -1978 -1967 -1962 -1958 -1954 -1943 -1926 -1901 -1861 -1811 -1755 -1706 -1665 -1630 -1598 -1567 -1532 -1483 -1426 -1366 -1304 -1245 -1186 -1130 -1078 -1034 -1011 -1000 -991 -978 -959 -935 -907 -876
-1535 -1558 -1591 -1630 -1663 -1688 -1715 -1752 -1796 -1849 -1898 -1924 -1949 -1980 -2011 -2035 -2038 -2043 -2045 -2046 -2051 -2054 -2058 -2070 -2081 -2075 -2048 -2029 -2009 -1987 -1969 -1968 -1978 -1984 -1986 -1991 -2000 -2012 -2025 -2038 -2048 -2059 -2067 -2068 -2065 -2048 -2027 -2007 -1978 -1946 -1922 -1902 -1890 -1880 -1868 -1852 -1838 -1822 -1784 -1736 -1683 -1633 -1590 -1554 -1522 -1491 -1455 -1407 -1350 -1289 -1228 -1169 -1111 -1058 -1011 -973 -955 -949 -946 -937 -919 -895 -868 -839
-1550 -1569 -1593 -1622 -1650 -1672 -1690 -1714 -1745 -1792 -1849 -1884 -1916 -1945 -1981 -2029 -2039 -2042 -2049 -2050 -2055 -2063 -2065 -2066 -2070 -2066 -2073 -2024 -2007 -1987 -1969 -1967 -1971 -1968 -1965 -1967 -1975 -1989 -2005 -2022 -2036 -2044 -2047 -2043 -2036 -2013 -1987 -1960 -1926 -1889 -1861 -1839 -1818 -1797 -1777 -1753 -1734 -1720 -1683 -1638 -1590 -1545 -1506 -1472 -1442 -1412 -1377 -1329 -1272 -1212 -1151 -1092 -1035 -985 -944 -915 -903 -901 -906 -900 -881 -858 -832 -806
-1562 -1576 -1598 -1615 -1632 -1646 -1662 -1685 -1715 -1756 -1803 -1840 -1875 -1911 -1967 -2012 -2037 -2037 -2037 -2041 -2048 -2054 -2058 -2058 -2059 -2061 -2034 -2022 -2009 -1997 -1984 -1976 -1968 -1956 -1946 -1944 -1953 -1966 -1982 -2001 -2013 -2012 -2009 -1992 -1973 -1949 -1923 -1896 -1859 -1821 -1794 -1779 -1742 -1703 -1675 -1638 -1605 -1578 -1549 -1517 -1479 -1442 -1409 -1382 -1357 -1331 -1299 -1252 -1194 -1133 -1071 -1011 -954 -905 -867 -849 -844 -850 -866 -862 -842 -820 -797 -773
-1568 -1576 -1592 -1602 -1609 -1615 -1627 -1654 -1704 -1755 -1783 -1822 -1867 -1915 -1971 -2008 -2026 -2029 -2032 -2037 -2046 -2061 -2065 -2064 -2064 -2051 -2027 -2016 -2009 -2006 -2001 -1985 -1964 -1947 -1934 -1930 -1932 -1940 -1953 -1966 -1972 -1955 -1936 -1910 -1890 -1864 -1842 -1819 -1775 -1726 -1691 -1674 -1624 -1574 -1537 -1492 -1452 -1421 -1400 -1382 -1356 -1327 -1300 -1282 -1266 -1248 -1220 -1172 -1111 -1048 -986 -924 -864 -811 -772 -759 -760 -776 -801 -800 -789 -779 -758 -731
-1563 -1572 -1583 -1588 -1598 -1610 -1630 -1669 -1724 -1767 -1788 -1814 -1851 -1900 -1950 -1984 -2001 -2014 -2025 -2033 -2041 -2048 -2052 -2052 -2048 -2046 -2011 -2004 -2003 -2003 -2003 -1987 -1962 -1946 -1933 -1925 -1919 -1917 -1920 -1902 -1874 -1844 -1814 -1779 -1762 -1738 -1727 -1716 -1654 -1572 -1524 -1506 -1454 -1401 -1361 -1314 -1280 -1253 -1243 -1240 -1228 -1205 -1180 -1171 -1170 -1162 -1140 -1090 -1024 -956 -892 -829 -769 -705 -651 -637 -649 -681 -706 -699 -704 -732 -715 -670
-1558 -1571 -1582 -1594 -1603 -1615 -1628 -1664 -1709 -1728 -1752 -1777 -1806 -1839 -1881 -1926 -1965 -1987 -2006 -2013 -2015 -2024 -2040 -2041 -2037 -2035 -2033 -1986 -1985 -1984 -1985 -1976 -1961 -1951 -1940 -1927 -1907 -1889 -1869 -1816 -1760 -1724 -1690 -1650 -1628 -1610 -1610 -1614 -1527 -1401 -1312 -1251 -1215 -1204 -1195 -1164 -1141 -1118 -1111 -1113 -1106 -1086 -1068 -1067 -1076 -1079 -1069 -1015 -938 -862 -791 -726 -664 -595 -535 -517 -531 -571 -602 -601 -613 -656 -646 -601
-1563 -1575 -1583 -1594 -1603 -1616 -1634 -1648 -1672 -1696 -1718 -1744 -1770 -1794 -1823 -1851 -1887 -1932 -1971 -1989 -2004 -2017 -2030 -2029 -2023 -2016 -2012 -1966 -1961 -1955 -1946 -1942 -1945 -1950 -1948 -1928 -1890 -1849 -1804 -1748 -1696 -1652 -1607 -1565 -1534 -1514 -1507 -1500 -1400 -1261 -1130 -1019 -1001 -1036 -1068 -1071 -1055 -1033 -1015 -1002 -988 -974 -966 -968 -978 -985 -986 -930 -849 -765 -686 -614 -549 -489 -440 -420 -426 -459 -495 -516 -532 -554 -550 -529
-1567 -1577 -1588 -1596 -1605 -1620 -1636 -1646 -1653 -1664 -1687 -1705 -1725 -1742 -1751 -1760 -1791 -1841 -1896 -1941 -1970 -1988 -2000 -2008 -2008 -2010 -1960 -1948 -1942 -1932 -1919 -1917 -1927 -1942 -1956 -1929 -1872 -1813 -1752 -1705 -1656 -1598 -1539 -1482 -1435 -1398 -1369 -1331 -1241 -1124 -1007 -918 -904 -939 -981 -1001 -985 -955 -922 -892 -870 -856 -850 -851 -859 -869 -869 -822 -746 -661 -575 -499 -433 -381 -344 -325 -329 -358 -392 -422 -444 -459 -459 -448
-1584 -1589 -1596 -1602 -1614 -1632 -1642 -1653 -1667 -1675 -1682 -1687 -1687 -1686 -1689 -1703 -1726 -1767 -1823 -1886 -1921 -1937 -1953 -1978 -1994 -1996 -1935 -1922 -1917 -1911 -1908 -1910 -1916 -1931 -1951 -1919 -1854 -1790 -1725 -1685 -1622 -1544 -1464 -1387 -1318 -1258 -1204 -1148 -1074 -990 -912 -859 -855 -890 -934 -950 -923 -880 -829 -780 -749 -732 -724 -721 -735 -747 -744 -702 -639 -566 -473 -391 -316 -277 -251 -232 -237 -270 -306 -337 -363 -380 -381 -370
-1586 -1591 -1594 -1600 -1609 -1620 -1627 -1639 -1659 -1674 -1682 -1685 -1686 -1683 -1683 -1701 -1720 -1749 -1793 -1856 -1898 -1920 -1936 -1952 -1964 -1953 -1943 -1888 -1887 -1885 -1885 -1889 -1896 -1906 -1915 -1884 -1831 -1775 -1717 -1665 -1578 -1476 -1375 -1276 -1185 -1100 -1023 -957 -903 -859 -828 -812 -825 -866 -909 -912 -872 -812 -742 -675 -637 -615 -602 -596 -610 -617 -608 -569 -515 -455 -376 -315 -251 -220 -200 -179 -184 -215 -246 -275 -302 -320 -322 -311
-1542 -1563 -1566 -1571 -1581 -1588 -1617 -1640 -1649 -1649 -1659 -1669 -1680 -1671 -1654 -1667 -1697 -1741 -1781 -1803 -1837 -1872 -1913 -1928 -1929 -1913 -1902 -1853 -1854 -1853 -1852 -1856 -1862 -1867 -1864 -1837 -1795 -1747 -1697 -1618 -1510 -1390 -1270 -1153 -1040 -930 -827 -748 -715 -713 -734 -765 -805 -853 -892 -885 -832 -756 -665 -588 -537 -501 -483 -473 -474 -475 -459 -428 -378 -324 -277 -258 -242 -225 -199 -177 -178 -194 -215 -237 -261 -279 -285 -275
-1451 -1453 -1454 -1459 -1485 -1547 -1609 -1627 -1614 -1596 -1594 -1605 -1621 -1621 -1618 -1628 -1654 -1678 -1698 -1702 -1727 -1777 -1831 -1877 -1889 -1877 -1858 -1789 -1798 -1799 -1805 -1807 -1801 -1803 -1805 -1779 -1735 -1684 -1628 -1538 -1419 -1288 -1156 -1028 -898 -763 -625 -509 -492 -548 -631 -717 -790 -842 -882 -866 -800 -714 -607 -516 -442 -387 -359 -344 -344 -337 -314 -289 -256 -212 -191 -200 -219 -231 -208 -185 -180 -185 -195 -211 -232 -253 -262 -251
-1383 -1379 -1379 -1388 -1423 -1485 -1546 -1553 -1550 -1529 -1517 -1519 -1530 -1543 -1549 -1564 -1582 -1588 -1594 -1599 -1632 -1682 -1747 -1787 -1802 -1811 -1800 -1789 -1712 -1725 -1743 -1752 -1736 -1735 -1746 -1708 -1648 -1583 -1513 -1426 -1310 -1178 -1041 -914 -783 -643 -493 -354 -344 -439 -548 -667 -744 -781 -817 -797 -723 -637 -547 -448 -359 -287 -242 -219 -214 -206 -177 -146 -139 -122 -127 -147 -174 -200 -198 -186 -178 -173 -175 -184 -205 -223 -232 -221
-1324 -1323 -1348 -1367 -1404 -1455 -1471 -1478 -1483 -1469 -1450 -1459 -1470 -1475 -1478 -1493 -1507 -1508 -1501 -1501 -1531 -1592 -1649 -1675 -1691 -1700 -1680 -1674 -1613 -1636 -1663 -1691 -1679 -1670 -1666 -1614 -1542 -1466 -1389 -1304 -1194 -1070 -943 -825 -707 -585 -463 -340 -319 -382 -468 -573 -622 -643 -670 -652 -579 -501 -453 -368 -278 -201 -136 -90 -82 -78 -64 -41 -45 -50 -74 -99 -123 -146 -162 -168 -162 -155 -149 -151 -168 -184 -188 -178
-1287 -1303 -1318 -1321 -1351 -1373 -1371 -1374 -1348 -1345 -1350 -1371 -1388 -1397 -1418 -1435 -1444 -1437 -1421 -1419 -1436 -1483 -1531 -1559 -1573 -1574 -1564 -1481 -1508 -1535 -1567 -1601 -1593 -1572 -1547 -1491 -1418 -1339 -1258 -1173 -1073 -965 -857 -751 -647 -549 -446 -338 -290 -303 -369 -438 -463 -475 -494 -486 -430 -363 -334 -273 -200 -128 -53 -16 -8 -11 -10 1 -15 -15 -41 -62 -82 -103 -120 -130 -132 -127 -120 -117 -124 -139 -141 -129
-1257 -1244 -1244 -1262 -1262 -1243 -1243 -1244 -1259 -1280 -1296 -1296 -1296 -1316 -1351 -1377 -1386 -1380 -1360 -1358 -1371 -1394 -1417 -1441 -1447 -1445 -1452 -1452 -1400 -1432 -1458 -1491 -1482 -1452 -1416 -1356 -1282 -1203 -1122 -1039 -945 -852 -764 -671 -588 -506 -410 -308 -238 -220 -263 -299 -312 -310 -315 -321 -287 -238 -211 -173 -127 -60 -15 -10 7 5 -11 -12 -11 -15 -29 -43 -58 -75 -86 -93 -97 -94 -90 -84 -84 -91 -93 -82
-1214 -1183 -1171 -1169 -1152 -1127 -1159 -1194 -1225 -1241 -1244 -1245 -1256 -1271 -1289 -1293 -1298 -1299 -1294 -1290 -1292 -1299 -1312 -1332 -1343 -1358 -1370 -1376 -1299 -1320 -1345 -1373 -1354 -1318 -1276 -1215 -1141 -1063 -980 -896 -805 -716 -636 -573 -514 -449 -376 -269 -186 -147 -157 -166 -162 -139 -135 -162 -126 -102 -91 -72 -50 -15 -7 9 -8 -5 -7 -8 -9 -11 -24 -36 -47 -60 -68 -73 -72 -67 -63 -53 -49 -45 -44 -45
