unprocessed_DEMs/20_20_234.asc
ncols        20
nrows        20
xllcorner    25.979166666667
yllcorner    37.554166666667
cellsize     0.004166666667
NODATA_value -32767
 -456 -445 -436 -429 -422 -420 -424 -435 -450 -454 -433 -345 -234 -160 -124 -96 -67 -46 -36 -32
 -412 -395 -377 -359 -343 -329 -320 -322 -331 -332 -312 -256 -191 -143 -115 -91 -66 -42 -30 -24
 -370 -346 -320 -291 -265 -237 -210 -206 -212 -212 -193 -168 -151 -129 -103 -80 -58 -36 -22 -19
 -333 -304 -272 -237 -204 -170 -136 -129 -134 -134 -121 -113 -113 -105 -87 -65 -45 -26 -18 33
 -302 -269 -234 -199 -166 -134 -108 -101 -103 -103 -96 -88 -83 -76 -65 -46 -28 -12 79 101
 -274 -239 -204 -170 -140 -113 -93 -88 -89 -87 -79 -71 -62 -52 -41 -27 7 72 157 225
 -248 -211 -176 -144 -117 -95 -80 -77 -76 -70 -64 -55 -46 -36 -25 37 85 158 248 324
 -220 -183 -149 -119 -96 -79 -69 -65 -61 -56 -50 -41 -33 6 34 85 177 260 315 388
 -191 -153 -121 -95 -76 -67 -60 -54 -49 -44 -38 -29 -21 40 106 201 291 367 427 414
 -157 -120 -92 -70 -61 -56 -51 -45 -39 -34 -28 -20 26 84 213 316 370 469 515 466
 -122 -91 -69 -56 -51 -47 -42 -36 -31 -24 -19 28 87 206 319 389 481 562 586 520
 -85 -67 -55 -49 -44 -40 -34 -29 -22 -16 34 98 199 328 438 508 571 640 599 517
 -50 -47 -45 -42 -38 -33 -28 -23 -17 27 74 197 356 456 558 637 661 666 618 578
 -32 -36 -36 -35 -32 -27 -21 -17 41 102 205 338 466 550 611 700 712 677 635 638
 -38 -34 -31 -29 -26 -22 -17 40 91 188 324 462 543 628 672 715 742 705 679 689
 -54 -38 -30 -25 -21 -17 45 90 153 247 384 520 622 678 728 766 772 746 728 727
 -64 -45 -32 -23 -18 23 85 154 256 391 537 650 724 775 787 789 758 744 747 750
 -58 -47 -33 -21 -17 79 169 288 397 533 669 780 830 841 831 792 751 757 767 776
 -48 -40 -27 -16 71 150 253 381 520 668 774 856 874 860 815 773 751 773 797 826
 -39 -30 -19 58 131 246 374 510 633 691 761 875 906 845 786 757 767 812 870 908
