unprocessed_DEMs/50_50_2304.asc
ncols        50
nrows        50
xllcorner    -61.150000000000
yllcorner    16.216666666667
cellsize     0.004166666667
NODATA_value -32767
 -3433 -3551 -3616 -3642 -3665 -3679 -3694 -3726 -3755 -3778 -3802 -3805 -3757 -3731 -3798 -3863 -3857 -3770 -3716 -3774 -3871 -3925 -3954 -3987 -3984 -3965 -3938 -3899 -3790 -3671 -3624 -3586 -3501 -3380 -3230 -3100 -3036 -2943 -2787 -2727 -2818 -2909 -2869 -2709 -2536 -2476 -2497 -2497 -2463 -2389
 -3395 -3513 -3569 -3594 -3623 -3640 -3659 -3696 -3732 -3737 -3691 -3690 -3680 -3685 -3776 -3817 -3805 -3743 -3681 -3693 -3763 -3810 -3855 -3892 -3872 -3824 -3766 -3713 -3630 -3475 -3395 -3364 -3271 -3122 -2983 -2873 -2802 -2711 -2553 -2507 -2613 -2686 -2614 -2443 -2284 -2258 -2282 -2298 -2309 -2258
 -3380 -3464 -3497 -3537 -3570 -3597 -3629 -3652 -3647 -3636 -3654 -3658 -3621 -3634 -3718 -3729 -3715 -3699 -3635 -3628 -3690 -3728 -3777 -3802 -3733 -3646 -3582 -3536 -3501 -3186 -3157 -3123 -3026 -2869 -2749 -2597 -2489 -2462 -2379 -2304 -2413 -2502 -2394 -2182 -2019 -1986 -1989 -2035 -2103 -2111
 -3343 -3410 -3447 -3479 -3509 -3544 -3583 -3617 -3580 -3580 -3636 -3625 -3582 -3605 -3671 -3663 -3656 -3657 -3583 -3582 -3622 -3639 -3700 -3701 -3616 -3504 -3400 -3287 -3145 -3020 -2901 -2828 -2787 -2682 -2556 -2385 -2241 -2205 -2119 -2094 -2246 -2295 -2186 -1997 -1816 -1727 -1686 -1727 -1797 -1843
 -3305 -3348 -3377 -3404 -3454 -3503 -3529 -3515 -3477 -3525 -3576 -3536 -3519 -3575 -3619 -3606 -3595 -3582 -3516 -3516 -3555 -3569 -3603 -3584 -3482 -3335 -3189 -3013 -2808 -2721 -2673 -2601 -2518 -2411 -2320 -2210 -2055 -1955 -1923 -1965 -2076 -2090 -2014 -1860 -1648 -1495 -1442 -1492 -1553 -1637
 -3263 -3291 -3317 -3338 -3370 -3393 -3377 -3341 -3381 -3476 -3500 -3494 -3500 -3527 -3556 -3543 -3531 -3517 -3483 -3456 -3448 -3437 -3418 -3357 -3233 -3091 -2969 -3018 -2482 -2460 -2431 -2381 -2312 -2234 -2140 -2042 -1889 -1736 -1726 -1807 -1912 -1933 -1881 -1770 -1562 -1325 -1231 -1280 -1334 -1478
 -3180 -3209 -3246 -3276 -3282 -3289 -3265 -3249 -3323 -3389 -3395 -3429 -3454 -3475 -3498 -3469 -3447 -3431 -3390 -3325 -3270 -3232 -3198 -3078 -2916 -2799 -2695 -2611 -2463 -2277 -2208 -2196 -2122 -2072 -1998 -1878 -1792 -1688 -1586 -1633 -1759 -1778 -1757 -1668 -1439 -1205 -1116 -1129 -1219 -1389
 -3108 -3140 -3167 -3181 -3171 -3120 -3054 -3102 -3217 -3271 -3309 -3364 -3390 -3410 -3427 -3400 -3367 -3334 -3270 -3196 -3130 -3043 -2968 -2786 -2615 -2511 -2434 -2398 -2305 -2136 -2008 -1940 -1880 -1850 -1818 -1715 -1599 -1530 -1490 -1534 -1623 -1636 -1633 -1566 -1322 -1058 -946 -959 -1071 -1248
 -3029 -3052 -3069 -3084 -3054 -2945 -2889 -2961 -3068 -3144 -3246 -3317 -3324 -3336 -3348 -3326 -3281 -3222 -3129 -3046 -2967 -2871 -2922 -2417 -2350 -2234 -2155 -2091 -2057 -1845 -1786 -1693 -1641 -1629 -1625 -1548 -1412 -1356 -1375 -1436 -1513 -1527 -1515 -1446 -1232 -969 -818 -812 -925 -1131
 -2942 -2971 -2989 -2997 -2939 -2809 -2770 -2878 -3022 -3145 -3219 -3236 -3245 -3251 -3232 -3200 -3160 -3097 -3008 -2906 -2811 -2717 -2580 -2353 -2121 -1989 -1920 -1832 -1802 -1744 -1587 -1455 -1385 -1369 -1340 -1260 -1212 -1199 -1217 -1315 -1399 -1422 -1422 -1338 -1161 -929 -750 -725 -809 -996
 -2864 -2895 -2905 -2906 -2842 -2732 -2710 -2819 -2979 -3091 -3120 -3119 -3132 -3137 -3107 -3060 -3024 -2981 -2878 -2756 -2655 -2552 -2416 -2217 -1977 -1795 -1691 -1602 -1596 -1579 -1446 -1294 -1158 -1038 -983 -982 -919 -933 -1046 -1181 -1280 -1303 -1279 -1172 -990 -791 -638 -583 -621 -812
 -2791 -2815 -2822 -2819 -2709 -2588 -2674 -2838 -2937 -2990 -2997 -2993 -2997 -2983 -2946 -2883 -2841 -2817 -2743 -2622 -2491 -2386 -2235 -2053 -1891 -1694 -1500 -1358 -1334 -1352 -1265 -1127 -962 -799 -698 -701 -716 -765 -949 -1096 -1162 -1187 -1156 -1038 -820 -621 -512 -474 -529 -706
 -2705 -2735 -2742 -2730 -2639 -2545 -2642 -2787 -2838 -2845 -2830 -2824 -2810 -2808 -2783 -2716 -2665 -2616 -2555 -2464 -2335 -2220 -2079 -1865 -1654 -1535 -1416 -1231 -1104 -1074 -1043 -954 -783 -630 -578 -542 -572 -705 -873 -968 -1016 -1054 -1045 -928 -712 -516 -404 -378 -430 -548
 -2617 -2648 -2658 -2638 -2564 -2514 -2588 -2677 -2713 -2703 -2662 -2627 -2600 -2619 -2608 -2531 -2466 -2410 -2318 -2242 -2171 -2059 -1938 -1747 -1490 -1252 -1211 -1159 -954 -877 -840 -686 -637 -468 -243 -119 -514 -590 -736 -834 -849 -891 -903 -754 -561 -405 -300 -299 -358 -435
 -2512 -2555 -2568 -2553 -2492 -2409 -2440 -2529 -2534 -2491 -2461 -2432 -2408 -2417 -2404 -2338 -2258 -2201 -2105 -2004 -1934 -1859 -1770 -1637 -1449 -1172 -1005 -942 -817 -747 -676 -529 -429 -221 -132 -88 -96 -566 -639 -702 -684 -709 -745 -651 -468 -319 -246 -254 -304 -360
 -2434 -2465 -2462 -2444 -2392 -2330 -2333 -2373 -2352 -2243 -2188 -2182 -2159 -2164 -2158 -2124 -2063 -1988 -1898 -1790 -1697 -1630 -1563 -1446 -1285 -1161 -958 -781 -689 -589 -484 -337 -44 -42 -42 -43 -43 -97 -224 -407 -472 -489 -546 -522 -370 -258 -230 -234 -264 -296
 -2335 -2356 -2344 -2322 -2287 -2245 -2236 -2237 -2167 -2042 -1975 -1969 -1942 -1907 -1895 -1877 -1845 -1791 -1707 -1593 -1474 -1364 -1287 -1255 -1101 -902 -760 -675 -581 -418 -45 -41 -36 8 12 -38 -42 -44 -101 -225 -287 -342 -424 -379 -253 -208 -219 -231 -254 -277
 -2240 -2248 -2215 -2192 -2173 -2127 -2075 -2037 -1973 -1836 -1742 -1739 -1717 -1652 -1615 -1630 -1629 -1581 -1495 -1352 -1191 -1048 -982 -944 -905 -775 -554 -431 -44 -41 -36 -28 26 10 5 17 -35 -40 -43 -74 -94 -159 -245 -221 -153 -158 -202 -228 -245 -267
 -2160 -2144 -2098 -2070 -2057 -2005 -1926 -1826 -1734 -1645 -1544 -1501 -1494 -1435 -1368 -1378 -1404 -1355 -1280 -1109 -871 -764 -735 -697 -633 -485 -44 -40 -35 -29 -21 10 65 42 10 4 10 -32 -37 -39 -66 -73 -153 -169 -110 -157 -215 -229 -243 -264
 -2037 -1994 -1967 -1978 -1956 -1884 -1795 -1654 -1512 -1437 -1340 -1248 -1246 -1186 -1098 -1120 -1168 -1117 -1028 -920 -726 -565 -539 -490 -44 -41 -38 -29 -22 38 83 101 88 63 14 4 39 1 -33 -37 -65 -72 -85 -96 -110 -166 -217 -234 -251 -270
 -1922 -1882 -1863 -1848 -1798 -1728 -1651 -1512 -1356 -1241 -1107 -1021 -1024 -960 -846 -858 -918 -839 -719 -689 -561 -515 -42 -41 -39 -32 -24 9 90 150 174 145 75 43 15 5 39 6 -29 -37 -39 -74 -88 -104 -160 -215 -232 -248 -263 -275
 -1836 -1787 -1735 -1696 -1621 -1517 -1451 -1358 -1203 -1078 -968 -805 -737 -722 -584 -529 -616 -624 -496 -397 -43 -40 -36 -30 18 101 71 133 183 193 168 90 45 29 24 10 4 -18 -25 -37 -43 -81 -103 -161 -219 -238 -246 -258 -274 -287
 -1718 -1680 -1649 -1587 -1476 -1366 -1170 -1083 -1074 -959 -754 -569 -479 -541 -461 -308 -370 -38 -40 -39 -35 -31 -25 19 66 130 181 190 201 179 96 33 16 15 9 7 -17 -25 -34 -42 -43 -98 -158 -230 -262 -268 -271 -281 -292 -300
 -1623 -1579 -1548 -1495 -1410 -1237 -1004 -869 -767 -697 -587 -510 -385 -364 -350 -41 -37 -33 -32 -28 -25 -19 34 100 191 210 211 207 187 97 24 89 55 22 -15 -24 -33 -42 -44 -45 -112 -173 -245 -279 -303 -307 -302 -303 -309 -322
 -1517 -1451 -1406 -1349 -1302 -1148 -966 -821 -651 -536 -416 -295 -182 -42 -39 -36 -31 -25 -20 17 29 79 140 191 210 212 200 132 80 114 75 37 -20 -29 -38 -42 -43 -46 -115 -171 -236 -270 -292 -308 -323 -336 -338 -333 -331 -335
 -1436 -1352 -1297 -1242 -1201 -1057 -933 -786 -596 -458 -334 -211 -41 -39 -31 -26 -22 59 108 126 158 215 233 239 240 198 110 44 87 36 13 -29 -39 -41 -43 -104 -159 -220 -254 -277 -295 -308 -317 -328 -340 -353 -365 -371 -365 -356
 -1396 -1294 -1197 -1140 -1066 -913 -849 -735 -557 -451 -323 -37 -35 -29 -18 13 21 67 194 235 252 265 264 263 215 77 27 39 26 3 -29 -40 -44 -89 -117 -185 -242 -270 -293 -312 -324 -332 -318 -324 -353 -366 -379 -390 -403 -396
 -1320 -1213 -1095 -1000 -964 -787 -709 -636 -506 -390 -216 -32 -25 13 58 76 103 108 113 150 188 235 236 197 82 -53 -4 -8 -14 -24 -36 -44 -45 -93 -170 -244 -270 -287 -305 -325 -342 -346 -342 -348 -363 -375 -388 -402 -414 -433
 -1266 -1170 -1065 -959 -922 -732 -608 -540 -452 -346 -38 -26 -17 43 102 119 120 58 28 23 37 181 75 -1 -2 -4 -9 -13 -21 -31 -42 -45 -82 -82 -262 -276 -296 -304 -314 -331 -349 -359 -357 -363 -376 -389 -400 -411 -425 -443
 -1212 -1116 -971 -846 -844 -496 -559 -427 -404 -308 -36 -20 1 32 43 54 42 12 119 133 136 103 -6 -11 -12 -11 -11 -17 -25 -35 -44 -46 -68 -99 -283 -299 -318 -326 -332 -341 -352 -367 -375 -370 -379 -399 -411 -422 -435 -453
 -1137 -1072 -963 -810 -641 -506 -400 -352 -306 -41 -31 -14 9 13 16 68 71 71 76 76 68 41 -15 -16 -15 -13 -14 -20 -29 -39 -45 -70 -72 -258 -280 -313 -332 -343 -350 -354 -361 -371 -386 -395 -399 -407 -418 -429 -443 -460
 -1081 -991 -861 -737 -585 -452 -346 -284 -221 -37 -25 -14 6 4 48 54 56 51 35 7 -15 -15 -16 -16 -16 -15 -18 -25 -32 -41 -45 -73 -77 -271 -291 -323 -342 -354 -364 -369 -371 -377 -388 -403 -412 -418 -425 -435 -448 -462
 -979 -968 -805 -609 -453 -340 -264 -208 -134 -37 -25 -18 -12 18 31 38 41 35 -14 -15 -15 -15 -15 -15 -17 -18 -20 -26 -32 -41 -45 -76 -79 -277 -297 -328 -347 -362 -376 -383 -385 -389 -396 -409 -420 -427 -433 -441 -453 -466
 -828 -866 -743 -596 -506 -411 -313 -211 -115 -35 -26 -23 -20 3 15 20 18 11 -15 -15 -15 -14 -13 -14 -17 -20 -23 -27 -35 -44 -46 -78 -82 -280 -303 -330 -349 -363 -380 -394 -401 -402 -406 -416 -426 -434 -441 -449 -459 -471
 -670 -677 -668 -623 -488 -365 -281 -222 -150 -173 -111 -26 -25 -22 2 4 -14 -14 -15 -15 -15 -15 -14 -15 -18 -20 -25 -29 -38 -45 -46 -81 -158 -256 -303 -329 -347 -362 -380 -398 -410 -415 -416 -422 -431 -440 -449 -457 -465 -475
 -549 -537 -576 -614 -545 -444 -365 -335 -298 -199 -102 -49 -26 -23 -21 2 -17 -16 -16 -15 -14 -14 -14 -15 -17 -21 -27 -32 -41 -45 -67 -83 -161 -258 -304 -327 -348 -364 -378 -396 -413 -424 -428 -431 -438 -447 -455 -463 -472 -480
 -459 -437 -504 -531 -507 -505 -462 -398 -263 -223 -58 -50 -37 -21 -20 4 3 -18 -16 -15 -14 -14 -14 -14 -17 -21 -27 -34 -42 -45 -69 -86 -166 -262 -304 -326 -347 -370 -385 -398 -416 -430 -437 -440 -444 -454 -461 -469 -477 -485
 -370 -363 -435 -486 -475 -471 -445 -404 -300 -277 -119 -52 -22 -20 2 7 9 4 -16 -15 -15 -15 -16 -16 -18 -22 -29 -38 -44 -46 -73 -92 -181 -277 -312 -335 -352 -366 -382 -398 -412 -423 -433 -441 -451 -460 -467 -474 -481 -490
 -257 -271 -361 -418 -434 -444 -410 -385 -331 -175 -167 -51 -21 -18 3 8 9 5 -16 -16 -16 -17 -19 -19 -21 -25 -32 -41 -45 -46 -80 -111 -205 -294 -325 -348 -365 -383 -397 -407 -419 -431 -437 -432 -444 -464 -471 -479 -487 -495
 -118 -200 -297 -361 -384 -379 -355 -323 -274 -158 -99 -24 -20 -17 3 7 8 5 -17 -17 -18 -18 -19 -20 -22 -28 -37 -44 -46 -74 -95 -168 -263 -316 -342 -361 -375 -387 -401 -414 -428 -439 -445 -452 -460 -469 -476 -483 -490 -499
 -74 -137 -281 -335 -316 -322 -337 -252 -194 -95 -27 -26 -23 -19 2 5 6 3 -18 -18 -18 -18 -18 -19 -23 -30 -40 -46 -46 -88 -154 -249 -309 -339 -360 -375 -388 -401 -414 -427 -439 -448 -454 -460 -469 -478 -484 -491 -499 -506
 -38 -63 -128 -277 -244 -251 -248 -162 -109 -52 -29 -29 -26 -21 1 2 2 -17 -17 -18 -19 -18 -19 -22 -27 -35 -44 -46 -78 -129 -225 -303 -335 -355 -373 -387 -399 -410 -422 -437 -451 -461 -468 -475 -484 -491 -495 -499 -504 -512
 -37 -58 -68 -172 -93 -42 -39 -36 -35 -33 -30 -30 -27 -22 -18 -18 -17 -18 -19 -19 -19 -20 -22 -25 -30 -41 -46 -46 -89 -168 -267 -318 -344 -363 -380 -394 -409 -424 -439 -451 -462 -472 -480 -487 -494 -501 -504 -506 -511 -519
 -39 -43 -51 -51 -44 -41 -35 -32 -31 -30 -30 -29 -26 -21 -18 -18 -18 -18 -19 -20 -20 -21 -25 -29 -36 -44 -46 -77 -102 -192 -285 -322 -346 -365 -383 -400 -418 -439 -458 -467 -473 -482 -490 -498 -505 -510 -511 -512 -516 -526
 -37 -33 -38 -43 -39 -35 -32 -29 -29 -28 -28 -27 -25 -22 -18 -18 -18 -19 -19 -20 -21 -23 -26 -33 -41 -45 -67 -84 -144 -235 -292 -323 -347 -366 -384 -400 -416 -433 -449 -462 -479 -493 -499 -510 -518 -521 -521 -518 -523 -534
 -30 -26 -28 -31 -30 -29 -28 -27 -27 -27 -26 -25 -25 -23 -20 -20 -20 -20 -20 -21 -23 -27 -32 -41 -45 -45 -76 -98 -174 -254 -290 -318 -342 -364 -384 -402 -418 -435 -452 -464 -472 -482 -494 -518 -538 -539 -539 -535 -530 -537
 -24 -24 -24 -26 -26 -26 -26 -26 -25 -25 -26 -26 -26 -24 -21 -21 -21 -21 -21 -23 -27 -32 -40 -44 -46 -69 -85 -133 -214 -261 -283 -312 -339 -365 -389 -410 -426 -441 -455 -474 -493 -498 -508 -531 -553 -565 -560 -553 -546 -548
 -23 -24 -24 -24 -24 -24 -24 -25 -26 -27 -26 -26 -25 -23 -20 -20 -21 -21 -22 -25 -29 -35 -43 -45 -63 -80 -102 -171 -238 -257 -273 -304 -341 -371 -398 -421 -439 -458 -478 -496 -512 -525 -534 -544 -556 -576 -592 -589 -576 -575
 -26 -26 -26 -25 -24 -23 -24 -24 -25 -25 -25 -24 -23 -21 -20 -20 -21 -22 -24 -28 -34 -41 -44 -44 -76 -93 -146 -212 -245 -262 -285 -313 -342 -372 -399 -424 -442 -456 -477 -501 -526 -539 -555 -588 -598 -592 -604 -602 -594 -613
 -28 -27 -26 -26 -25 -24 -24 -23 -24 -23 -24 -23 -22 -21 -19 -20 -21 -23 -26 -31 -41 -45 -45 -75 -92 -131 -193 -233 -247 -264 -288 -316 -346 -380 -413 -441 -459 -471 -486 -511 -549 -567 -567 -596 -630 -624 -631 -640 -633 -642
