unprocessed_DEMs/50_50_1455.asc
ncols        50
nrows        50
xllcorner    26.304166666667
yllcorner    38.295833333333
cellsize     0.004166666667
NODATA_value -32767
 -30 -43 -55 -68 -78 -84 -85 -81 -75 -70 -68 -67 -67 -71 -73 -74 -72 -70 -60 -34 -12 -5 -8 -20 54 122 92 109 125 120 120 103 96 67 82 110 163 205 237 260 262 220 268 359 494 633 728 790 817 741
 -29 -42 -54 -66 -75 -80 -82 -80 -76 -72 -70 -69 -70 -72 -74 -77 -77 -76 -70 -51 -37 -24 -14 -17 23 58 51 42 36 44 44 53 77 94 103 122 156 199 224 209 166 149 212 359 469 526 574 662 725 637
 -30 -45 -57 -68 -76 -80 -81 -79 -76 -74 -72 -71 -72 -73 -75 -76 -77 -78 -76 -69 -61 -55 -39 -19 -23 18 26 34 32 86 80 78 114 128 126 127 126 147 156 123 104 140 201 332 409 405 435 512 602 572
 -34 -49 -62 -74 -80 -81 -81 -79 -76 -74 -73 -73 -74 -74 -75 -76 -77 -78 -78 -77 -76 -74 -52 -29 -14 26 30 23 23 84 114 119 133 122 121 125 103 81 83 87 100 163 231 261 352 385 402 424 504 506
 -38 -53 -68 -80 -83 -82 -81 -79 -77 -75 -74 -74 -75 -76 -76 -77 -77 -79 -81 -83 -81 -78 -50 -20 72 59 12 8 8 17 52 110 138 126 128 120 85 60 92 87 122 208 270 298 376 417 461 437 415 409
 -43 -58 -74 -81 -82 -81 -81 -79 -78 -77 -76 -76 -76 -77 -78 -78 -79 -82 -55 -81 -62 -63 -39 -11 94 99 18 5 4 3 9 35 65 92 101 91 50 55 81 95 115 185 248 300 370 402 426 426 409 396
 -53 -64 -77 -79 -80 -80 -79 -79 -78 -78 -77 -77 -77 -78 -78 -79 -80 -83 -31 -46 -36 -38 -19 10 112 100 33 12 2 1 1 5 19 41 58 53 56 144 146 106 79 115 189 290 368 406 395 395 419 429
 -63 -73 -78 -78 -79 -79 -78 -78 -77 -77 -77 -77 -77 -78 -78 -78 -79 -82 -59 -38 -35 -21 -7 155 214 120 51 32 -27 -1 -26 -28 -33 15 27 24 85 209 177 141 74 120 191 247 316 341 374 400 405 413
 -73 -78 -78 -79 -80 -80 -79 -78 -77 -77 -76 -73 -74 -72 -72 -76 -80 -84 -85 -59 -27 -14 109 246 252 122 39 -10 -20 -11 -19 -22 -18 -11 -12 12 73 172 157 130 68 97 136 187 300 383 405 436 443 426
 -77 -76 -77 -78 -80 -82 -81 -78 -77 -72 -63 -56 -57 -50 -50 -61 -78 -88 -85 -53 -17 82 191 260 246 126 -20 -20 -13 -26 -37 -38 -35 -28 -19 -11 -25 50 52 63 42 79 102 197 371 426 420 403 415 417
 -72 -70 -69 -71 -76 -80 -79 -74 -66 -54 -37 -26 -30 -32 -35 -39 -66 -86 -78 -47 -10 122 196 166 116 79 -1 -9 -16 -35 -50 -49 -46 -43 -38 -27 -16 -24 -20 24 15 30 53 153 324 371 290 305 377 422
 -63 -59 -57 -60 -67 -69 -64 -57 -44 -29 -23 -8 -17 -20 -24 -25 -52 -77 -72 -44 -10 101 158 93 30 22 -2 -7 -24 -45 -55 -52 -49 -50 -50 -44 -36 -27 -16 -10 -1 24 23 53 146 180 171 243 297 323
 -53 -48 -48 -52 -52 -46 -38 -29 -18 -16 70 132 114 43 -18 -16 -45 -74 -75 -48 -16 70 101 56 -16 -11 -20 -20 -37 -55 -56 -53 -51 -51 -54 -54 -52 -47 -34 -23 -19 -14 7 22 44 56 90 131 192 260
 -48 -45 -47 -44 -33 -19 -21 -13 16 43 111 150 104 52 -28 -9 -34 -62 -72 -53 -23 24 33 22 -18 -10 -22 -37 -51 -59 -56 -54 -53 -54 -55 -57 -59 -59 -52 -47 -46 -38 -25 1 8 16 33 63 109 177
 -53 -50 -51 -37 -19 -7 -8 108 127 125 129 142 97 49 -18 -6 -20 -33 -44 -39 -26 4 -11 -9 -13 -22 -37 -50 -58 -57 -53 -51 -52 -54 -56 -59 -62 -62 -59 -58 -58 -55 -44 -28 -17 -11 11 30 66 114
 -62 -59 -56 -37 -12 21 76 136 131 98 113 113 68 20 -38 -7 -12 -16 -21 -23 -28 -21 -20 -21 -27 -38 -51 -57 -58 -53 -45 -43 -46 -49 -48 -50 -53 -55 -53 -49 -50 -55 -55 -45 -41 -31 -15 19 43 57
 -60 -55 -52 -38 -14 11 41 78 72 57 68 52 36 -35 -31 25 -22 -37 -26 -23 -24 -15 -34 -42 -51 -57 -63 -63 -60 -52 -40 -38 -42 -40 -33 -30 -31 -35 -35 -32 -32 -39 -48 -53 -57 -53 -33 -14 22 27
 -41 -35 -34 -34 -14 31 44 49 42 29 28 30 29 -60 -28 23 -19 -17 65 43 -19 -2 -27 -48 -62 -66 -67 -65 -62 -56 -48 -45 -44 -34 -19 -18 -19 -22 -14 -19 -22 -20 -33 -47 -58 -64 -48 -26 -7 -16
 -18 -20 -15 -28 -12 -16 55 35 10 11 -27 29 26 -28 -13 -28 8 21 41 45 -19 -4 -24 -47 -61 -67 -68 -67 -65 -62 -59 -55 -50 -33 -13 -14 -11 -6 -2 -6 -11 -11 -20 -34 -50 -61 -52 -32 -9 -5
 -7 -19 -7 -16 -29 -21 32 -10 -10 -14 -22 -27 -34 -8 -16 -60 -39 -22 11 17 -20 -51 -24 -48 -62 -67 -68 -68 -67 -66 -66 -61 -56 -36 -16 8 13 23 28 21 -4 -7 -13 -20 -35 -51 -40 -25 -11 25
 -8 -45 -18 -4 -15 -16 -14 -10 -8 -14 -19 -18 -20 -25 -32 -33 -32 -25 -16 -16 -13 -12 -31 -54 -64 -67 -67 -67 -68 -68 -67 -64 -59 -43 -24 -4 8 17 34 40 28 -2 -11 -12 -17 -35 -27 -17 -15 26
 -12 7 8 -8 -15 -24 -26 -25 -28 -28 -29 -36 -44 -48 -50 -52 -51 -48 -43 -36 -32 -35 -46 -61 -65 -66 -67 -67 -67 -68 -67 -65 -62 -55 -37 -18 -29 19 24 38 47 28 -1 -5 -7 -24 -16 -16 8 67
 -18 -11 -12 -13 -25 -37 -43 -45 -48 -50 -52 -54 -61 -62 -62 -62 -62 -64 -62 -57 -55 -57 -60 -64 -65 -65 -65 -66 -66 -66 -66 -66 -66 -63 -47 -34 -17 17 13 17 37 41 25 -8 -12 -10 -7 16 45 101
 -28 -29 -29 -35 -46 -52 -56 -58 -61 -64 -64 -64 -65 -65 -65 -65 -65 -65 -65 -65 -65 -66 -65 -65 -64 -64 -65 -66 -66 -65 -64 -65 -64 -56 -40 -33 -23 -23 -20 -7 27 40 36 -8 -17 -1 -3 21 60 106
 -34 -41 -45 -51 -59 -60 -61 -63 -65 -67 -67 -66 -65 -65 -65 -64 -63 -63 -62 -62 -63 -64 -64 -64 -64 -64 -65 -66 -62 -56 -52 -52 -56 -39 -19 -25 -24 -23 -27 -10 2 25 39 31 -3 -1 29 32 43 91
 -36 -45 -51 -55 -57 -59 -61 -62 -63 -65 -66 -65 -64 -63 -63 -62 -62 -62 -62 -62 -62 -62 -63 -63 -63 -64 -65 -65 -50 -35 -28 -31 -47 -27 -9 -33 -22 -8 21 6 -1 18 21 31 42 43 35 24 38 98
 -32 -41 -47 -50 -51 -53 -55 -57 -60 -62 -63 -62 -62 -61 -61 -60 -60 -61 -61 -61 -62 -62 -62 -62 -62 -63 -63 -60 -39 -16 -13 -16 -35 6 7 -36 -18 -9 22 -7 10 21 16 35 40 29 15 29 67 130
 -25 -32 -37 -39 -42 -46 -49 -52 -55 -57 -58 -58 -58 -58 -58 -58 -59 -60 -61 -61 -61 -61 -61 -61 -61 -61 -61 -54 -33 -6 -5 -8 -23 -16 -30 -34 -13 -12 15 -5 10 14 28 43 21 18 35 75 109 117
 -19 -21 -23 -25 -30 -38 -43 -48 -51 -53 -54 -54 -53 -54 -54 -55 -56 -58 -60 -59 -59 -60 -60 -60 -61 -60 -58 -53 -33 -12 -7 -12 -23 -18 -26 -20 -11 -9 -6 -3 10 18 36 23 9 13 24 38 43 45
 -14 -9 -14 -16 -17 -30 -41 -46 -48 -49 -50 -49 -48 -49 -50 -51 -53 -54 -56 -56 -57 -58 -59 -59 -60 -59 -57 -53 -39 -26 -18 -21 -28 -24 -13 -9 -10 -4 -4 -2 -2 16 34 11 10 27 48 56 66 84
 -10 -4 -12 -23 -9 -25 -40 -44 -45 -46 -46 -45 -45 -46 -47 -48 -49 -50 -50 -51 -53 -54 -56 -57 -57 -56 -55 -52 -46 -37 -28 -28 -34 -29 -21 -17 -9 -5 5 -3 -2 -6 8 10 22 45 99 142 171 209
 -5 13 17 -11 -6 -22 -38 -41 -42 -41 -42 -42 -43 -44 -44 -44 -45 -45 -45 -46 -48 -49 -51 -52 -52 -51 -51 -49 -47 -42 -35 -33 -32 -24 -15 -9 -10 -4 -4 -3 -1 25 35 38 37 40 63 112 164 220
 -2 19 13 -6 -5 -19 -32 -38 -38 -38 -39 -40 -41 -41 -41 -42 -42 -42 -42 -41 -42 -43 -44 -44 -45 -45 -45 -44 -44 -41 -37 -36 -25 -14 -9 -2 -5 -7 -2 3 14 26 34 37 43 49 58 77 115 157
 21 24 -4 -4 -3 -13 -22 -31 -34 -35 -36 -37 -38 -39 -39 -38 -39 -39 -38 -35 -33 -33 -34 -35 -38 -38 -37 -37 -38 -36 -34 -32 -20 -8 10 19 -4 -3 3 13 18 43 49 42 58 74 81 105 133 143
 23 27 19 -6 -8 -9 -13 -23 -30 -33 -34 -35 -36 -36 -36 -35 -36 -36 -32 -27 -24 -23 -24 -27 -31 -32 -32 -31 -32 -30 -28 -25 -18 -7 -5 13 11 2 35 54 69 84 68 56 99 139 130 163 213 221
 17 12 9 22 -13 -20 -9 -18 -27 -30 -31 -32 -33 -34 -34 -33 -33 -30 -22 -16 -14 -14 -17 -22 -25 -27 -29 -29 -28 -25 -22 -19 -14 -6 -3 -7 -1 15 28 50 74 95 80 68 113 163 162 188 254 304
 12 9 14 33 22 -14 -7 -15 -24 -26 -27 -28 -29 -30 -30 -30 -30 -22 -13 -10 -8 -7 -11 -16 -20 -23 -25 -25 -22 -18 -14 -10 -7 -5 -3 12 17 29 51 55 73 98 85 69 104 143 147 177 223 283
 27 24 21 18 -11 -14 -7 -15 -21 -22 -23 -24 -25 -26 -26 -26 -26 -17 -7 10 -8 -4 -5 -8 -13 -19 -19 -17 -14 -10 -6 -4 -3 -4 -7 9 26 51 69 77 89 108 98 72 82 119 162 173 208 241
 43 41 21 -4 -10 -18 -9 -16 -17 -17 -17 -18 -20 -22 -23 -23 -22 -14 -4 19 -9 -4 -1 -5 -7 -13 -11 -7 -8 -5 -1 17 10 15 25 26 24 42 63 84 100 104 101 81 81 118 149 166 205 201
 43 29 12 -5 -2 -5 -11 -15 -11 -9 -9 -11 -16 -19 -21 -21 -20 -12 -2 18 -2 35 -14 -9 -4 -6 -4 -2 -2 12 17 28 39 49 39 51 63 69 56 58 74 80 106 93 86 123 155 163 165 165
 31 30 30 -13 -1 -5 -9 -9 -5 -4 -4 -6 -11 -16 -18 -19 -19 -12 -3 10 18 55 47 -8 -6 -4 -1 -5 7 9 18 40 72 82 61 57 74 86 85 78 72 71 92 107 100 123 142 139 142 149
 30 37 27 14 -11 -2 -4 -3 -2 -3 -7 -4 -8 -13 -15 -17 -17 -12 -6 7 28 56 30 -7 -5 -1 13 9 17 31 49 81 101 107 90 81 93 95 99 99 99 84 81 95 98 110 129 137 159 177
 19 18 32 28 -3 -5 -1 -1 -1 17 -4 -2 -6 -10 -12 -14 -15 -12 -6 -9 41 34 -4 -7 -4 8 11 20 45 79 97 115 128 132 125 118 113 112 112 117 122 116 122 103 97 113 134 154 225 260
 17 31 57 55 27 20 13 7 9 10 -2 -1 -4 -6 -8 -10 -12 -8 -3 19 32 19 1 6 12 21 25 34 62 102 129 105 99 113 117 117 116 116 118 125 140 136 152 143 116 138 134 139 195 252
 10 35 60 63 40 43 48 24 19 13 -3 -7 -3 -4 -6 -5 -8 -5 -1 17 21 13 8 14 13 32 49 53 70 112 134 103 122 143 135 127 122 113 117 126 134 174 198 164 135 122 121 144 179 200
 13 21 45 79 95 106 72 37 21 13 8 -3 -3 -4 -5 -2 -4 -3 2 25 34 20 10 18 17 29 40 49 78 124 122 95 116 134 157 159 140 121 117 118 127 160 173 181 186 187 172 152 175 201
 27 30 41 64 100 121 98 65 30 16 10 9 8 -3 -4 -1 -1 1 20 51 49 28 13 19 23 30 35 55 94 94 83 109 104 113 148 178 175 150 127 126 138 168 203 194 175 167 176 202 230 261
 49 47 53 60 87 127 135 79 38 21 18 16 9 5 5 -1 7 7 22 76 74 37 15 18 26 31 30 41 54 51 93 158 151 128 133 147 162 181 170 162 167 187 181 156 145 162 208 250 278 302
 56 71 87 82 106 116 132 89 52 34 26 14 8 5 5 9 10 13 24 51 49 24 20 26 27 23 25 33 59 63 90 161 166 155 134 118 128 157 158 154 141 133 132 137 149 168 185 204 210 229
 55 71 103 111 134 128 122 121 75 58 64 26 9 5 6 13 16 29 42 35 35 25 31 34 23 20 20 30 68 71 64 84 104 111 107 127 140 137 132 122 118 141 158 162 187 216 234 266 251 222
