unprocessed_DEMs/75_75_5343.asc
ncols        75
nrows        75
xllcorner    25.654166666667
yllcorner    36.200000000000
cellsize     0.004166666667
NODATA_value -32767
[rows 0 to 45 of 75, columns 0 to 74 of 75]
-370 -352 -346 -349 -349 -349 -352 -363 -376 -372 -363 -401 -492 -521 -549 -569 -586 -603 -620 -631 -627 -646 -651 -651 -650 -649 -649 -650 -649 -648 -647 -643 -635 -621 -602 -591 -589 -586 -584 -581 -575 -568 -560 -558 -554 -553 -551 -548 -542 -538 -531 -517 -497 -491 -483 -468 -465 -465 -461 -454 -441 -430 -426 -418 -406 -389 -361 -334 -316 -311 -305 -314 -322 -329 -331
-364 -360 -359 -355 -355 -357 -358 -374 -405 -386 -361 -395 -465 -480 -511 -540 -563 -577 -587 -585 -615 -641 -646 -650 -650 -645 -645 -646 -646 -645 -643 -638 -625 -611 -597 -593 -592 -590 -585 -578 -572 -563 -553 -548 -550 -549 -548 -547 -545 -540 -527 -509 -495 -481 -461 -449 -449 -448 -440 -432 -428 -426 -421 -412 -401 -320 -298 -294 -290 -295 -298 -307 -315 -324 -329
-378 -373 -370 -372 -373 -366 -378 -416 -474 -457 -431 -429 -419 -430 -490 -531 -552 -561 -562 -557 -609 -635 -639 -645 -644 -643 -642 -643 -643 -641 -637 -627 -614 -605 -602 -597 -592 -587 -581 -577 -570 -560 -549 -544 -546 -546 -544 -543 -539 -528 -513 -501 -478 -454 -444 -441 -438 -433 -427 -423 -424 -425 -425 -371 -355 -322 -306 -303 -299 -297 -294 -299 -307 -319 -327
-392 -385 -387 -398 -406 -431 -423 -482 -497 -497 -478 -457 -451 -456 -483 -518 -547 -551 -544 -534 -613 -629 -636 -638 -639 -641 -639 -640 -641 -638 -631 -621 -611 -602 -598 -595 -591 -586 -581 -575 -567 -559 -548 -539 -538 -538 -540 -534 -518 -501 -498 -484 -453 -438 -430 -430 -427 -423 -420 -419 -421 -376 -366 -359 -347 -327 -314 -309 -302 -300 -292 -289 -295 -310 -323
-403 -395 -406 -427 -443 -473 -495 -500 -506 -506 -496 -479 -476 -477 -500 -530 -551 -554 -550 -551 -587 -628 -629 -632 -635 -636 -636 -637 -638 -633 -626 -616 -602 -594 -593 -590 -588 -586 -581 -573 -566 -559 -547 -531 -526 -527 -528 -522 -515 -505 -493 -474 -443 -426 -422 -422 -423 -422 -420 -420 -421 -414 -339 -343 -335 -323 -319 -310 -305 -303 -292 -284 -279 -299 -319
-413 -415 -424 -452 -470 -482 -493 -507 -510 -510 -504 -488 -474 -484 -521 -551 -554 -558 -573 -600 -619 -622 -625 -628 -630 -633 -633 -635 -634 -630 -623 -610 -594 -588 -585 -584 -583 -580 -575 -569 -563 -553 -536 -524 -516 -518 -514 -507 -507 -498 -487 -465 -433 -422 -422 -422 -422 -421 -423 -421 -401 -368 -319 -326 -322 -318 -320 -318 -315 -308 -298 -287 -277 -296 -320
-434 -445 -447 -475 -489 -491 -494 -509 -518 -517 -513 -499 -491 -508 -534 -554 -557 -567 -594 -613 -617 -619 -622 -625 -629 -630 -631 -632 -630 -626 -617 -601 -591 -585 -581 -579 -580 -575 -570 -566 -561 -552 -538 -523 -511 -506 -500 -497 -500 -494 -480 -460 -437 -427 -423 -419 -419 -425 -424 -384 -319 -308 -307 -313 -315 -318 -321 -324 -328 -318 -309 -300 -289 -304 -329
-455 -464 -470 -486 -496 -503 -506 -517 -527 -531 -526 -520 -518 -532 -545 -553 -565 -586 -603 -611 -614 -617 -621 -623 -624 -627 -629 -630 -628 -624 -616 -604 -596 -589 -584 -579 -578 -575 -569 -565 -560 -552 -539 -522 -512 -504 -495 -491 -492 -488 -475 -459 -445 -432 -425 -419 -391 -346 -313 -303 -305 -303 -303 -308 -314 -316 -322 -330 -336 -335 -327 -320 -310 -324 -347
-467 -473 -483 -493 -502 -513 -520 -528 -536 -541 -541 -541 -540 -547 -556 -563 -576 -596 -609 -611 -614 -617 -617 -619 -622 -624 -627 -628 -625 -622 -617 -609 -601 -594 -588 -583 -580 -579 -573 -566 -559 -550 -538 -525 -516 -508 -498 -489 -486 -482 -470 -460 -451 -439 -434 -392 -366 -334 -316 -304 -307 -305 -306 -311 -315 -318 -322 -325 -352 -352 -346 -341 -336 -353 -370
-474 -483 -493 -502 -511 -522 -530 -538 -544 -543 -546 -551 -556 -562 -569 -577 -590 -606 -609 -611 -613 -613 -615 -618 -621 -622 -624 -624 -623 -621 -616 -610 -604 -598 -593 -588 -584 -584 -582 -572 -562 -551 -540 -529 -519 -508 -500 -493 -484 -475 -465 -458 -452 -398 -388 -376 -348 -327 -316 -310 -313 -310 -318 -321 -322 -331 -335 -344 -357 -365 -363 -357 -358 -379 -390
-480 -491 -502 -511 -520 -530 -538 -545 -545 -549 -553 -555 -560 -566 -575 -589 -603 -605 -607 -609 -610 -612 -615 -616 -617 -619 -621 -621 -619 -619 -617 -612 -607 -601 -597 -594 -590 -586 -583 -572 -561 -551 -542 -530 -520 -513 -502 -489 -477 -467 -461 -411 -397 -382 -368 -357 -335 -323 -320 -319 -322 -326 -325 -327 -330 -334 -337 -345 -360 -374 -380 -376 -386 -402 -408
-487 -499 -511 -520 -530 -537 -542 -543 -550 -555 -559 -561 -564 -572 -586 -601 -603 -604 -605 -607 -609 -611 -613 -614 -615 -616 -616 -617 -617 -616 -615 -615 -611 -605 -599 -595 -591 -586 -582 -574 -565 -553 -543 -530 -516 -503 -492 -480 -468 -412 -401 -390 -378 -365 -351 -342 -332 -327 -326 -326 -328 -330 -333 -333 -334 -336 -339 -345 -358 -378 -391 -395 -407 -417 -419
-494 -505 -516 -527 -534 -539 -542 -546 -551 -558 -564 -570 -574 -583 -599 -600 -602 -604 -606 -607 -608 -609 -611 -612 -614 -614 -613 -613 -614 -613 -611 -608 -608 -605 -597 -594 -589 -582 -575 -567 -559 -546 -534 -519 -503 -485 -479 -408 -396 -386 -377 -368 -357 -346 -338 -334 -333 -332 -331 -332 -333 -335 -337 -338 -338 -339 -341 -345 -354 -369 -384 -395 -406 -415 -419
-501 -509 -520 -528 -531 -539 -542 -547 -552 -560 -568 -575 -582 -591 -596 -599 -601 -603 -604 -604 -605 -606 -608 -610 -611 -611 -611 -610 -609 -608 -607 -606 -603 -597 -591 -588 -580 -572 -563 -555 -546 -535 -521 -446 -422 -407 -393 -378 -367 -359 -351 -344 -338 -334 -334 -334 -335 -336 -336 -337 -338 -340 -342 -342 -342 -342 -343 -346 -348 -351 -359 -376 -392 -404 -413
-506 -512 -520 -524 -529 -532 -537 -543 -550 -560 -568 -576 -583 -589 -594 -597 -598 -599 -600 -600 -602 -604 -606 -607 -607 -608 -609 -609 -606 -604 -604 -602 -598 -590 -582 -579 -572 -564 -554 -544 -533 -439 -429 -413 -389 -372 -360 -348 -335 -329 -327 -326 -328 -331 -333 -336 -338 -340 -341 -342 -343 -345 -347 -347 -347 -347 -348 -349 -345 -341 -346 -366 -384 -397 -408
-509 -512 -516 -520 -523 -527 -534 -542 -549 -558 -566 -576 -584 -589 -592 -593 -594 -594 -595 -597 -601 -603 -604 -605 -606 -606 -602 -600 -603 -602 -602 -598 -593 -587 -581 -573 -565 -552 -533 -502 -462 -359 -367 -365 -350 -337 -324 -316 -308 -307 -311 -317 -323 -329 -333 -338 -343 -346 -348 -349 -350 -352 -353 -355 -356 -357 -358 -357 -354 -350 -355 -369 -383 -396 -406
-509 -512 -514 -518 -522 -527 -534 -540 -548 -557 -568 -578 -584 -587 -589 -589 -591 -592 -594 -597 -600 -601 -601 -601 -598 -597 -598 -597 -600 -598 -597 -594 -591 -582 -567 -550 -535 -512 -468 -390 -333 -295 -302 -307 -305 -301 -294 -292 -291 -293 -301 -310 -320 -329 -336 -342 -348 -352 -355 -357 -358 -360 -362 -365 -368 -370 -371 -370 -369 -368 -371 -378 -387 -397 -407
-509 -510 -514 -518 -523 -529 -537 -545 -553 -563 -573 -580 -582 -585 -583 -585 -588 -591 -593 -596 -595 -597 -599 -600 -599 -593 -597 -597 -596 -595 -593 -590 -584 -565 -524 -488 -445 -398 -337 -260 -254 -254 -257 -265 -273 -278 -279 -279 -277 -280 -292 -306 -319 -330 -339 -347 -355 -361 -364 -366 -367 -369 -373 -377 -381 -384 -385 -385 -385 -384 -386 -388 -393 -399 -409
-511 -515 -519 -523 -528 -536 -544 -555 -566 -574 -576 -578 -580 -583 -583 -584 -588 -591 -592 -592 -593 -595 -595 -590 -595 -594 -592 -591 -592 -590 -587 -584 -577 -551 -496 -444 -398 -322 -265 -231 -228 -223 -235 -248 -259 -269 -273 -274 -273 -276 -289 -307 -323 -335 -346 -355 -363 -369 -372 -373 -375 -378 -383 -389 -395 -399 -400 -400 -400 -399 -398 -398 -398 -402 -410
-517 -521 -527 -531 -533 -540 -550 -560 -565 -567 -571 -575 -576 -578 -582 -586 -587 -588 -588 -588 -590 -591 -592 -591 -590 -588 -585 -582 -580 -580 -581 -578 -440 -374 -344 -272 -217 -192 -215 -202 -204 -212 -220 -237 -252 -265 -273 -278 -280 -286 -299 -315 -331 -344 -355 -365 -372 -377 -377 -377 -381 -387 -393 -402 -408 -413 -413 -413 -413 -413 -410 -406 -403 -404 -411
-524 -527 -530 -533 -538 -545 -552 -559 -564 -567 -570 -574 -575 -577 -581 -584 -584 -586 -587 -587 -587 -587 -588 -586 -584 -580 -575 -569 -566 -564 -422 -405 -371 -322 -300 -222 -195 -179 -172 -173 -190 -187 -200 -219 -239 -261 -277 -284 -292 -301 -313 -328 -343 -355 -364 -370 -379 -386 -381 -380 -388 -397 -405 -414 -421 -425 -424 -423 -425 -426 -421 -414 -406 -404 -410
-529 -533 -536 -539 -544 -549 -555 -560 -564 -567 -570 -573 -574 -576 -580 -582 -580 -583 -585 -585 -584 -584 -582 -580 -577 -573 -566 -560 -405 -392 -379 -342 -301 -261 -246 -192 -172 -161 -157 -159 -161 -168 -177 -192 -213 -239 -262 -275 -290 -305 -317 -331 -343 -352 -353 -348 -347 -354 -361 -370 -383 -397 -408 -418 -427 -431 -431 -430 -433 -436 -431 -422 -409 -404 -410
-531 -535 -539 -543 -547 -550 -555 -559 -563 -565 -566 -571 -573 -576 -578 -578 -579 -581 -582 -581 -580 -577 -573 -570 -570 -568 -338 -312 -281 -280 -280 -247 -219 -197 -206 -171 -148 -155 -154 -147 -146 -152 -157 -165 -180 -197 -219 -245 -272 -294 -307 -317 -325 -330 -325 -314 -302 -306 -327 -346 -364 -380 -396 -409 -421 -429 -432 -433 -437 -439 -435 -426 -415 -411 -415
-532 -537 -541 -546 -549 -551 -555 -559 -562 -563 -566 -570 -572 -575 -576 -577 -577 -578 -576 -571 -564 -561 -561 -559 -298 -216 -170 -171 -154 -183 -177 -157 -132 -161 -158 -153 -130 -139 -141 -130 -129 -134 -138 -143 -149 -154 -170 -208 -248 -277 -288 -294 -300 -305 -304 -298 -292 -295 -309 -328 -346 -363 -381 -397 -412 -422 -428 -432 -437 -438 -435 -428 -422 -420 -422
-535 -538 -542 -546 -551 -553 -557 -560 -561 -564 -566 -570 -572 -573 -574 -572 -571 -568 -556 -543 -538 -536 -357 -282 -183 -93 -62 -69 -70 -113 -103 -98 -93 -128 -111 -120 -104 -101 -108 -106 -111 -119 -125 -128 -127 -125 -137 -175 -216 -246 -258 -265 -273 -280 -284 -284 -285 -289 -299 -315 -333 -351 -370 -388 -403 -415 -423 -429 -433 -436 -435 -430 -426 -425 -426
-537 -539 -542 -546 -549 -552 -556 -558 -562 -565 -567 -570 -572 -569 -568 -565 -558 -543 -519 -500 -343 -300 -249 -183 8 -33 -17 -19 -23 -50 -45 -57 -74 -81 -81 -81 -77 -77 -82 -89 -98 -110 -117 -117 -115 -114 -123 -150 -179 -201 -215 -230 -243 -253 -261 -267 -272 -279 -291 -306 -324 -343 -362 -380 -396 -409 -418 -424 -429 -433 -433 -430 -428 -427 -427
-535 -541 -544 -546 -551 -555 -560 -562 -563 -564 -565 -567 -567 -563 -559 -549 -532 -509 -360 -314 -243 -197 -147 -88 8 -22 3 10 9 -18 -19 -31 -45 -48 -53 -55 -55 -58 -65 -76 -89 -102 -110 -110 -108 -107 -114 -131 -150 -165 -182 -201 -216 -228 -239 -249 -259 -269 -282 -299 -317 -337 -356 -374 -390 -404 -413 -419 -424 -429 -430 -429 -428 -427 -426
-536 -540 -542 -547 -553 -557 -559 -561 -561 -559 -559 -559 -556 -550 -538 -513 -362 -326 -291 -233 -170 -120 -63 -26 13 62 105 80 51 35 -15 -19 -23 -30 -30 -31 -34 -43 -54 -65 -78 -89 -99 -103 -104 -104 -109 -121 -135 -148 -166 -183 -197 -209 -221 -234 -246 -259 -273 -291 -310 -330 -350 -369 -386 -399 -408 -414 -420 -424 -427 -427 -426 -425 -424
-537 -542 -545 -549 -553 -554 -554 -553 -544 -531 -528 -537 -534 -528 -517 -341 -293 -254 -220 -176 -126 -76 -24 -17 23 123 161 165 105 56 17 -14 -18 -18 -16 -17 -22 -31 -43 -54 -65 -75 -83 -91 -97 -104 -109 -119 -129 -141 -156 -171 -184 -195 -207 -222 -236 -250 -264 -283 -303 -324 -344 -364 -382 -395 -403 -408 -415 -420 -423 -424 -423 -422 -421
-537 -543 -547 -549 -547 -542 -534 -517 -492 -477 -471 -480 -477 -356 -320 -281 -232 -187 -151 -113 -73 -42 12 102 194 284 292 236 160 113 72 38 11 -14 -15 -17 -19 -19 -31 -41 -51 -60 -68 -77 -88 -101 -111 -120 -128 -137 -150 -163 -173 -184 -195 -210 -224 -238 -253 -273 -295 -317 -338 -359 -378 -393 -400 -405 -411 -416 -419 -419 -419 -418 -417
-536 -541 -542 -541 -536 -519 -487 -454 -439 -429 -416 -411 -403 -406 -244 -218 -176 -127 -78 -48 -25 -15 28 95 197 322 399 351 277 191 148 113 78 56 30 -12 -13 -17 -19 -27 -37 -46 -54 -64 -78 -96 -113 -121 -128 -136 -146 -156 -166 -175 -185 -198 -212 -226 -242 -263 -286 -309 -331 -352 -372 -388 -397 -402 -407 -411 -413 -414 -414 -414 -413
-532 -535 -535 -527 -509 -475 -431 -405 -386 -369 -335 -301 -286 -191 -185 -164 -124 -71 -29 -14 -15 21 62 95 141 233 339 401 332 276 219 151 143 144 99 55 27 11 -17 -19 -23 -31 -41 -54 -71 -89 -109 -123 -130 -137 -144 -151 -158 -166 -176 -187 -202 -217 -234 -255 -278 -300 -322 -343 -362 -378 -388 -394 -399 -404 -406 -408 -408 -408 -409
-528 -527 -509 -470 -420 -380 -348 -324 -292 -249 -197 -139 -138 -130 -125 -106 -74 -31 -15 4 43 42 88 141 191 279 401 478 421 326 226 197 262 267 201 148 104 84 35 9 -17 -18 -29 -46 -64 -82 -100 -122 -130 -135 -140 -145 -150 -158 -165 -176 -191 -208 -226 -248 -270 -291 -312 -333 -352 -366 -377 -384 -390 -396 -399 -400 -401 -402 -403
-521 -501 -449 -388 -334 -275 -242 -225 -198 -163 -152 -102 -98 -85 -79 -58 -33 -16 1 38 97 114 147 223 258 275 347 383 397 379 303 281 315 282 232 229 195 176 138 79 19 5 -18 -37 -54 -70 -89 -111 -123 -128 -130 -135 -141 -150 -158 -168 -184 -201 -220 -240 -262 -283 -303 -322 -341 -356 -366 -374 -381 -387 -391 -392 -394 -395 -397
-493 -422 -344 -293 -232 -196 -191 -187 -187 -123 -108 -91 -77 -72 -62 -35 -17 -11 44 33 46 96 201 299 334 335 343 303 288 292 255 261 262 284 247 258 303 267 223 150 100 12 -16 -24 -37 -48 -65 -85 -99 -103 -107 -119 -130 -141 -152 -164 -178 -195 -214 -233 -254 -274 -293 -312 -329 -344 -355 -363 -371 -378 -382 -384 -386 -387 -389
-415 -328 -263 -211 -192 -186 -177 -165 -119 -111 -97 -83 -70 -62 -47 -25 -15 -16 56 80 76 91 145 226 292 354 368 319 243 196 211 247 188 169 180 220 269 305 300 242 185 80 -13 -14 -18 -24 -34 -49 -57 -59 -71 -96 -116 -130 -144 -158 -173 -189 -207 -226 -246 -265 -284 -301 -316 -330 -342 -353 -361 -369 -373 -375 -376 -378 -381
-367 -321 -275 -206 -180 -165 -147 -129 -106 -98 -86 -73 -62 -48 -36 -21 -15 -15 48 64 65 106 148 194 288 266 263 243 231 169 163 193 184 130 212 186 126 160 198 151 112 70 42 -36 -9 -13 -21 -29 -34 -35 -41 -72 -102 -119 -135 -151 -167 -183 -201 -219 -239 -258 -275 -291 -306 -320 -332 -343 -352 -360 -365 -365 -365 -367 -372
-368 -318 -282 -170 -138 -112 -119 -108 -105 -87 -74 -68 -57 -44 -32 -20 -16 -16 -12 20 60 96 105 107 192 139 123 173 238 198 160 131 154 94 146 149 101 54 68 70 41 36 87 122 132 100 -18 -20 40 -37 -22 -58 -94 -113 -129 -146 -162 -178 -194 -213 -232 -251 -267 -283 -299 -313 -324 -335 -344 -352 -356 -356 -356 -357 -363
-366 -253 -206 -162 -135 -114 -101 -103 -95 -91 -68 -64 -58 -46 -34 -24 -17 -16 -15 -14 21 29 32 43 70 77 136 171 158 149 168 102 82 53 61 57 64 35 11 16 -11 33 133 239 262 254 179 72 26 -9 -19 -56 -94 -113 -129 -145 -160 -174 -189 -207 -226 -244 -259 -274 -289 -303 -315 -327 -337 -344 -348 -347 -347 -348 -356
-276 -241 -196 -157 -132 -114 -101 -89 -78 -86 -79 -67 -61 -52 -41 -32 -23 -19 -17 -16 -14 -14 11 24 25 54 83 77 86 83 86 54 27 21 14 17 15 3 -11 -14 -13 -16 33 120 151 160 121 51 -13 -14 -30 -63 -98 -116 -131 -147 -160 -172 -184 -202 -220 -237 -252 -265 -277 -291 -305 -319 -331 -340 -344 -342 -340 -342 -353
-253 -221 -186 -152 -128 -111 -98 -88 -78 -72 -75 -71 -67 -58 -51 -42 -35 -28 -22 -20 -17 -17 -17 -16 -14 -13 10 10 23 20 18 19 7 -6 -6 -9 -8 -12 -15 -18 -19 -20 -19 -19 -17 30 -25 -28 -29 -31 -49 -76 -104 -121 -136 -152 -162 -171 -182 -199 -217 -232 -246 -256 -267 -280 -297 -314 -329 -339 -344 -342 -339 -343 -356
-227 -198 -172 -142 -122 -107 -96 -89 -82 -76 -72 -71 -71 -68 -61 -52 -47 -41 -34 -29 -26 -23 -19 -18 -18 -17 -17 -16 -14 -11 -7 -6 -7 -10 -11 -11 -13 -16 -19 -20 -37 -39 -31 -24 -22 -26 -35 -43 -51 -62 -74 -93 -114 -130 -144 -157 -166 -173 -183 -199 -215 -229 -241 -249 -258 -271 -290 -311 -329 -343 -350 -347 -346 -352 -364
-196 -173 -155 -132 -115 -105 -97 -91 -85 -80 -77 -75 -73 -75 -74 -64 -59 -53 -47 -41 -36 -33 -30 -28 -28 -25 -23 -19 -16 -16 -18 -17 -15 -15 -15 -15 -16 -19 -34 -42 -49 -52 -48 -47 -49 -58 -72 -85 -89 -96 -103 -117 -132 -146 -156 -164 -170 -176 -186 -199 -214 -228 -238 -245 -250 -263 -285 -310 -332 -352 -360 -357 -357 -363 -370
-179 -158 -143 -127 -112 -104 -99 -94 -88 -84 -80 -76 -75 -74 -73 -74 -71 -65 -58 -51 -46 -43 -41 -39 -37 -35 -32 -30 -29 -27 -25 -22 -20 -17 -19 -19 -27 -36 -45 -53 -60 -65 -65 -69 -74 -83 -97 -113 -119 -123 -129 -138 -150 -160 -167 -171 -175 -180 -189 -201 -215 -228 -237 -243 -247 -259 -283 -309 -335 -358 -370 -368 -367 -369 -371
-187 -162 -142 -125 -112 -104 -101 -96 -91 -86 -82 -79 -78 -77 -75 -75 -76 -80 -67 -61 -56 -54 -51 -49 -47 -45 -41 -40 -38 -37 -35 -29 -19 -14 -12 -18 -21 -35 -49 -61 -71 -78 -84 -90 -96 -102 -112 -123 -132 -138 -144 -151 -160 -168 -172 -174 -180 -186 -195 -207 -219 -231 -239 -244 -249 -261 -284 -308 -332 -354 -368 -370 -371 -370 -370
-207 -177 -150 -128 -111 -102 -99 -96 -92 -87 -83 -80 -78 -78 -78 -78 -76 -80 -80 -70 -66 -64 -62 -59 -57 -55 -51 -49 -47 -46 -35 -25 -14 -9 -9 -13 -10 -22 -45 -62 -78 -90 -98 -106 -111 -115 -121 -131 -139 -146 -152 -157 -164 -171 -175 -180 -186 -194 -203 -214 -226 -235 -242 -248 -255 -267 -286 -307 -327 -346 -358 -364 -366 -365 -365
