data/processed_DEMs/100_100_6360.asc
ncols        100
nrows        100
xllcorner    23.462500000000
yllcorner    35.366666666667
cellsize     0.004166666667
NODATA_value -32767
[rows 0 to 40 of 100, columns 0 to 92 of 100]
-869 -862 -862 -868 -861 -848 -827 -789 -717 -652 -581 -515 -439 -353 -317 -357 -415 -485 -541 -614 -641 -645 -660 -686 -719 -752 -777 -793 -811 -834 -852 -856 -854 -855 -857 -855 -856 -858 -871 -896 -899 -869 -806 -692 -641 -660 -756 -824 -819 -811 -813 -793 -765 -723 -674 -631 -629 -657 -686 -704 -708 -701 -688 -663 -614 -547 -468 -387 -327 -278 -232 -203 -189 -189 -200 -213 -226 -239 -254 -269 -289 -313 -338 -358 -365 -368 -373 -376 -379 -381 -390 -411 -432
-843 -831 -825 -822 -815 -808 -800 -782 -740 -670 -597 -518 -431 -334 -290 -331 -359 -454 -509 -597 -640 -637 -645 -668 -706 -741 -767 -785 -805 -823 -835 -841 -835 -837 -837 -837 -824 -820 -831 -862 -861 -819 -753 -667 -645 -678 -767 -820 -800 -779 -769 -738 -704 -669 -632 -599 -600 -632 -661 -680 -682 -667 -652 -626 -581 -517 -440 -358 -307 -270 -234 -213 -205 -204 -207 -215 -227 -241 -259 -277 -296 -315 -335 -351 -358 -365 -369 -369 -371 -376 -385 -403 -415
-817 -798 -783 -768 -763 -765 -774 -784 -780 -704 -617 -525 -430 -328 -284 -290 -281 -364 -418 -565 -644 -637 -639 -647 -675 -723 -760 -779 -798 -817 -829 -808 -793 -781 -772 -767 -747 -735 -744 -778 -797 -766 -705 -650 -642 -676 -726 -751 -728 -693 -660 -639 -628 -619 -608 -599 -604 -631 -659 -676 -673 -653 -637 -612 -569 -508 -434 -359 -311 -276 -246 -230 -221 -217 -217 -222 -234 -250 -269 -286 -301 -311 -320 -331 -346 -364 -375 -380 -385 -386 -389 -388 -388
-796 -770 -747 -722 -720 -734 -753 -784 -797 -722 -620 -517 -422 -319 -288 -285 -246 -270 -377 -565 -633 -631 -634 -641 -663 -710 -754 -774 -794 -816 -833 -776 -748 -722 -697 -687 -655 -612 -621 -687 -753 -747 -684 -628 -624 -650 -668 -677 -652 -599 -535 -526 -551 -575 -590 -603 -616 -641 -669 -688 -685 -668 -648 -620 -576 -516 -445 -373 -327 -295 -270 -252 -240 -231 -228 -232 -246 -265 -283 -298 -307 -305 -298 -305 -333 -364 -387 -406 -412 -405 -394 -378 -373
-781 -752 -738 -726 -732 -750 -768 -793 -795 -740 -630 -500 -400 -297 -271 -290 -279 -310 -403 -566 -635 -623 -627 -643 -671 -707 -744 -768 -789 -812 -833 -760 -725 -690 -653 -649 -626 -576 -585 -657 -728 -719 -647 -571 -536 -555 -596 -625 -612 -555 -477 -469 -514 -550 -572 -594 -619 -652 -687 -711 -711 -697 -676 -646 -601 -543 -475 -404 -359 -326 -300 -280 -263 -248 -242 -246 -264 -286 -306 -320 -321 -308 -289 -295 -330 -369 -404 -434 -440 -426 -406 -384 -376
-779 -754 -758 -789 -809 -814 -816 -813 -788 -757 -672 -532 -400 -288 -238 -269 -281 -321 -419 -559 -609 -605 -618 -645 -676 -704 -737 -759 -782 -805 -817 -751 -711 -675 -639 -654 -678 -687 -680 -687 -699 -675 -614 -534 -466 -477 -558 -615 -621 -584 -531 -518 -535 -550 -559 -574 -608 -657 -705 -736 -740 -729 -712 -686 -643 -588 -527 -464 -416 -375 -345 -317 -289 -271 -265 -271 -290 -315 -338 -355 -351 -331 -313 -315 -340 -368 -401 -433 -447 -438 -419 -398 -384
-787 -781 -797 -843 -866 -857 -846 -822 -777 -761 -725 -605 -477 -324 -216 -240 -238 -266 -405 -552 -576 -589 -601 -620 -647 -681 -727 -750 -769 -792 -815 -751 -712 -674 -633 -670 -741 -772 -741 -696 -679 -664 -630 -586 -548 -558 -620 -666 -674 -660 -639 -605 -574 -548 -544 -560 -601 -667 -730 -766 -768 -759 -749 -732 -690 -637 -588 -543 -494 -446 -410 -358 -303 -285 -294 -309 -324 -347 -375 -399 -393 -370 -351 -343 -344 -345 -364 -402 -430 -433 -422 -405 -387
-807 -816 -837 -867 -870 -849 -838 -819 -782 -767 -750 -683 -612 -420 -248 -161 -187 -214 -404 -547 -552 -563 -576 -591 -613 -649 -710 -735 -755 -781 -797 -764 -738 -696 -654 -706 -782 -780 -738 -691 -679 -677 -676 -674 -676 -689 -722 -744 -742 -739 -737 -672 -585 -510 -514 -572 -638 -705 -763 -792 -785 -775 -766 -754 -715 -668 -630 -600 -555 -509 -466 -391 -309 -286 -285 -301 -327 -358 -390 -418 -416 -395 -376 -358 -342 -329 -341 -385 -418 -428 -420 -406 -385
-796 -824 -852 -876 -867 -839 -828 -813 -794 -774 -757 -734 -688 -550 -288 -346 -193 -199 -383 -516 -521 -536 -552 -574 -606 -639 -681 -713 -735 -737 -754 -764 -760 -734 -717 -756 -799 -783 -746 -709 -701 -708 -725 -744 -760 -773 -791 -790 -775 -761 -750 -686 -585 -495 -512 -628 -716 -758 -786 -789 -775 -760 -745 -729 -697 -661 -631 -605 -567 -525 -481 -411 -334 -290 -265 -273 -314 -353 -387 -412 -417 -402 -386 -368 -351 -342 -354 -390 -417 -428 -422 -409 -392
-715 -788 -839 -866 -858 -834 -821 -805 -792 -777 -758 -735 -696 -708 -639 -477 -231 -215 -367 -486 -489 -505 -524 -546 -580 -624 -660 -690 -721 -716 -730 -743 -754 -756 -771 -795 -802 -789 -754 -735 -728 -737 -766 -794 -814 -818 -814 -794 -762 -721 -674 -649 -616 -576 -594 -688 -757 -780 -787 -777 -760 -742 -716 -694 -660 -632 -604 -577 -543 -508 -468 -415 -361 -311 -289 -297 -329 -360 -390 -413 -418 -406 -394 -379 -366 -361 -374 -399 -420 -430 -427 -416 -403
-637 -758 -815 -829 -810 -797 -784 -771 -777 -769 -753 -727 -697 -707 -648 -441 -192 -209 -315 -412 -451 -476 -499 -523 -548 -592 -649 -671 -691 -694 -705 -717 -735 -759 -796 -798 -769 -736 -673 -618 -617 -675 -747 -810 -835 -823 -805 -782 -751 -697 -637 -640 -674 -676 -690 -723 -758 -773 -779 -772 -760 -742 -704 -670 -627 -591 -562 -537 -505 -481 -448 -409 -371 -340 -322 -327 -349 -371 -397 -414 -420 -411 -402 -391 -382 -378 -390 -408 -425 -434 -432 -424 -415
-634 -724 -709 -655 -635 -662 -685 -700 -733 -744 -749 -733 -702 -704 -674 -540 -231 -224 -290 -341 -408 -450 -477 -499 -525 -572 -631 -659 -660 -662 -668 -680 -707 -747 -791 -767 -712 -647 -560 -462 -469 -577 -682 -773 -806 -788 -772 -760 -749 -713 -670 -678 -713 -717 -725 -738 -756 -767 -774 -768 -760 -740 -688 -648 -592 -547 -512 -487 -460 -447 -428 -407 -378 -363 -351 -353 -367 -382 -402 -413 -422 -417 -411 -403 -397 -395 -404 -415 -429 -437 -437 -433 -427
-628 -630 -549 -453 -445 -504 -566 -622 -667 -706 -737 -730 -701 -720 -670 -576 -429 -291 -308 -325 -372 -438 -462 -480 -506 -557 -609 -633 -615 -612 -616 -625 -663 -710 -749 -731 -678 -614 -541 -473 -478 -560 -642 -712 -749 -749 -746 -743 -743 -726 -705 -708 -719 -725 -729 -740 -752 -763 -769 -765 -761 -730 -672 -619 -558 -509 -465 -439 -415 -411 -402 -399 -381 -379 -376 -376 -378 -390 -406 -412 -418 -421 -419 -416 -414 -413 -418 -421 -434 -441 -444 -443 -438
-566 -536 -463 -379 -374 -433 -495 -565 -615 -668 -719 -713 -755 -698 -667 -578 -520 -382 -349 -345 -405 -443 -457 -462 -491 -544 -590 -629 -575 -567 -560 -561 -617 -670 -705 -697 -658 -609 -556 -523 -525 -569 -624 -676 -713 -734 -742 -743 -740 -730 -716 -716 -722 -729 -733 -743 -750 -758 -765 -763 -763 -723 -656 -588 -528 -465 -419 -394 -368 -374 -369 -375 -382 -391 -393 -392 -380 -387 -398 -405 -408 -416 -417 -420 -422 -423 -424 -425 -434 -440 -446 -447 -444
-531 -504 -444 -367 -365 -424 -480 -542 -595 -646 -702 -721 -741 -669 -646 -577 -526 -407 -361 -364 -441 -441 -443 -452 -490 -534 -552 -541 -542 -535 -519 -530 -599 -648 -675 -669 -643 -609 -573 -552 -553 -583 -625 -668 -702 -727 -738 -741 -741 -734 -721 -723 -726 -734 -737 -742 -749 -753 -760 -759 -762 -733 -641 -556 -485 -409 -365 -348 -324 -328 -334 -348 -372 -389 -392 -391 -406 -407 -388 -402 -405 -408 -413 -414 -420 -423 -426 -427 -428 -434 -440 -447 -448
-546 -528 -492 -448 -447 -478 -512 -557 -597 -638 -681 -712 -741 -691 -609 -557 -512 -417 -356 -371 -409 -420 -431 -449 -483 -514 -505 -507 -508 -506 -503 -539 -597 -632 -648 -645 -631 -611 -589 -579 -582 -607 -640 -669 -699 -723 -738 -743 -741 -734 -728 -733 -729 -739 -742 -739 -747 -751 -748 -747 -769 -767 -749 -688 -413 -338 -310 -293 -279 -283 -303 -322 -352 -374 -387 -390 -391 -385 -379 -389 -397 -403 -406 -410 -414 -418 -421 -423 -426 -430 -437 -443 -446
-592 -586 -579 -579 -580 -580 -579 -598 -612 -632 -649 -670 -707 -705 -588 -539 -487 -367 -331 -358 -391 -412 -425 -439 -466 -493 -469 -472 -473 -474 -494 -535 -576 -606 -624 -629 -629 -621 -610 -611 -618 -637 -660 -680 -704 -723 -737 -740 -737 -735 -731 -734 -733 -738 -742 -736 -742 -752 -757 -749 -747 -750 -730 -663 -556 -423 -340 -312 -291 -277 -278 -302 -324 -350 -370 -373 -376 -365 -372 -382 -389 -395 -401 -404 -408 -413 -417 -422 -426 -428 -433 -439 -444
-648 -650 -647 -635 -624 -608 -591 -593 -593 -604 -609 -627 -678 -690 -570 -446 -432 -392 -334 -342 -382 -391 -402 -420 -450 -432 -435 -437 -439 -448 -481 -519 -556 -590 -613 -626 -637 -638 -634 -639 -648 -661 -685 -701 -715 -727 -733 -732 -730 -732 -729 -741 -745 -741 -737 -741 -741 -748 -742 -719 -726 -737 -717 -602 -436 -377 -263 -250 -221 -234 -251 -276 -299 -324 -337 -364 -370 -350 -368 -376 -382 -391 -398 -404 -404 -413 -418 -424 -428 -428 -433 -438 -442
-702 -709 -669 -580 -542 -521 -512 -527 -543 -566 -575 -584 -647 -687 -590 -406 -397 -385 -347 -321 -356 -346 -363 -391 -400 -401 -403 -404 -405 -432 -471 -512 -550 -584 -612 -629 -644 -653 -654 -658 -672 -685 -713 -727 -726 -723 -727 -725 -739 -739 -734 -736 -734 -730 -732 -735 -738 -742 -715 -637 -687 -727 -707 -574 -382 -256 -227 -196 -172 -210 -233 -254 -275 -299 -309 -311 -313 -327 -338 -349 -359 -369 -377 -381 -388 -397 -407 -415 -416 -419 -423 -426 -430
-735 -732 -651 -520 -470 -446 -448 -478 -509 -537 -554 -560 -605 -653 -675 -472 -342 -331 -324 -307 -283 -267 -313 -369 -360 -362 -369 -374 -387 -426 -468 -509 -548 -583 -612 -632 -647 -663 -670 -675 -691 -708 -724 -736 -724 -735 -729 -726 -730 -730 -726 -729 -726 -730 -732 -733 -736 -732 -686 -566 -598 -704 -685 -602 -385 -242 -214 -83 -107 -135 -159 -183 -204 -232 -260 -274 -282 -296 -309 -322 -332 -342 -350 -357 -365 -376 -388 -397 -400 -405 -408 -412 -415
-732 -709 -628 -517 -461 -432 -437 -465 -493 -520 -543 -555 -596 -623 -685 -671 -484 -365 -308 -252 -195 -202 -257 -319 -321 -333 -348 -356 -386 -427 -470 -510 -548 -585 -615 -637 -650 -667 -682 -687 -702 -715 -717 -730 -729 -720 -719 -716 -719 -718 -721 -723 -725 -729 -728 -728 -729 -717 -660 -567 -642 -687 -661 -595 -188 -81 -48 -30 -61 -88 -110 -136 -161 -191 -219 -237 -250 -265 -279 -294 -306 -316 -324 -333 -343 -355 -368 -380 -386 -391 -394 -397 -401
-718 -703 -631 -535 -474 -442 -447 -471 -495 -519 -540 -553 -570 -610 -653 -679 -620 -514 -374 -259 -172 -178 -259 -290 -310 -325 -332 -344 -383 -432 -475 -514 -552 -587 -620 -643 -650 -668 -680 -689 -703 -709 -715 -717 -717 -711 -708 -709 -714 -715 -718 -719 -721 -723 -724 -726 -721 -692 -604 -520 -624 -668 -635 -538 8 9 81 -5 -23 -40 -64 -90 -116 -149 -178 -198 -216 -232 -249 -265 -278 -288 -297 -308 -320 -333 -348 -362 -371 -376 -379 -382 -386
-734 -734 -647 -530 -465 -437 -452 -478 -505 -529 -550 -567 -570 -611 -655 -699 -710 -639 -497 -325 -200 -204 -257 -278 -302 -317 -310 -325 -394 -443 -484 -521 -556 -590 -623 -645 -648 -663 -678 -683 -691 -700 -706 -707 -708 -701 -698 -700 -703 -707 -711 -715 -719 -719 -721 -721 -711 -660 -563 -576 -602 -631 -301 -171 19 147 207 103 6 -15 -42 -47 -72 -103 -135 -161 -183 -204 -224 -243 -257 -267 -277 -289 -302 -316 -332 -347 -358 -364 -366 -369 -373
-779 -758 -645 -510 -447 -427 -454 -482 -514 -540 -567 -588 -594 -641 -697 -767 -834 -724 -589 -459 -275 -217 -263 -287 -289 -302 -312 -336 -404 -447 -489 -530 -560 -590 -617 -634 -646 -653 -664 -675 -684 -690 -696 -696 -698 -697 -688 -691 -695 -699 -708 -711 -714 -713 -718 -709 -698 -463 -428 -408 -352 -279 -194 -78 20 207 297 246 183 9 -33 -23 -30 -58 -94 -130 -157 -181 -205 -229 -245 -255 -266 -278 -291 -305 -321 -336 -347 -354 -357 -359 -362
-798 -753 -650 -535 -477 -456 -467 -487 -528 -553 -579 -601 -614 -670 -754 -843 -886 -830 -684 -548 -404 -256 -265 -289 -268 -269 -302 -344 -385 -429 -485 -525 -552 -580 -599 -619 -632 -646 -662 -673 -681 -685 -686 -689 -693 -704 -684 -687 -690 -700 -704 -707 -707 -703 -626 -571 -496 -414 -350 -272 -212 -158 -85 -23 174 277 300 293 283 218 135 7 -5 -23 -56 -93 -126 -154 -181 -207 -227 -238 -250 -263 -276 -291 -307 -322 -335 -344 -349 -352 -354
-787 -743 -685 -597 -548 -508 -481 -492 -547 -572 -592 -621 -621 -684 -784 -878 -916 -912 -801 -610 -463 -327 -258 -270 -246 -233 -257 -306 -353 -402 -452 -490 -528 -558 -583 -607 -623 -640 -656 -669 -674 -677 -679 -681 -686 -688 -678 -685 -692 -700 -667 -659 -650 -635 -599 -554 -458 -366 -274 -195 -128 -95 14 78 216 261 291 281 259 228 193 133 2 -6 -35 -52 -87 -124 -152 -177 -197 -213 -227 -242 -258 -274 -290 -307 -322 -333 -342 -348 -350
-769 -760 -728 -665 -630 -577 -516 -533 -567 -580 -582 -635 -654 -723 -811 -888 -923 -938 -910 -786 -553 -368 -295 -254 -216 -197 -214 -261 -314 -362 -401 -448 -488 -531 -569 -598 -616 -633 -650 -663 -668 -671 -669 -677 -690 -672 -675 -675 -652 -651 -647 -638 -626 -607 -577 -522 -419 -306 -214 -148 -83 11 148 210 230 222 257 269 256 208 164 142 120 -1 -13 -31 -55 -96 -126 -147 -166 -185 -203 -219 -236 -254 -271 -289 -304 -317 -329 -337 -340
-759 -790 -774 -731 -699 -660 -612 -590 -574 -552 -527 -589 -641 -730 -829 -909 -943 -940 -931 -890 -740 -485 -362 -226 -175 -144 -147 -195 -264 -322 -364 -404 -453 -500 -549 -593 -610 -627 -643 -657 -664 -662 -666 -674 -689 -647 -638 -632 -631 -631 -628 -617 -601 -578 -549 -477 -385 -253 -158 -94 -63 152 284 309 287 266 247 222 203 159 120 100 93 61 30 -16 -35 -74 -107 -126 -143 -162 -180 -197 -215 -233 -250 -267 -282 -295 -306 -316 -323
-770 -808 -821 -799 -767 -745 -728 -623 -570 -520 -472 -499 -574 -718 -849 -923 -944 -940 -936 -912 -818 -635 -484 -200 -150 -102 -92 -134 -209 -277 -330 -380 -432 -493 -545 -585 -606 -615 -633 -651 -659 -652 -645 -652 -646 -632 -623 -615 -610 -610 -609 -597 -578 -552 -522 -447 -348 -214 -118 -68 78 198 375 396 345 313 268 236 184 153 117 90 53 25 -8 -14 -31 -65 -95 -113 -129 -146 -162 -178 -195 -212 -229 -244 -257 -268 -281 -297 -309
-751 -800 -850 -861 -838 -816 -774 -651 -576 -513 -449 -449 -506 -655 -816 -901 -944 -942 -937 -926 -896 -796 -577 -375 -225 -153 -117 -94 -153 -243 -316 -381 -432 -489 -539 -571 -601 -603 -623 -607 -617 -627 -632 -637 -632 -620 -610 -598 -589 -589 -592 -579 -555 -526 -487 -402 -304 -194 -97 54 143 291 452 482 426 347 293 271 209 142 112 97 63 -22 -23 -15 -38 -65 -88 -105 -121 -135 -147 -160 -177 -193 -208 -221 -233 -243 -257 -276 -290
-666 -753 -822 -869 -891 -840 -753 -656 -584 -514 -453 -455 -456 -497 -640 -823 -938 -941 -935 -929 -915 -883 -792 -489 -267 -156 -113 -109 -140 -236 -291 -347 -413 -460 -459 -499 -520 -534 -553 -574 -591 -608 -616 -622 -618 -608 -599 -588 -579 -579 -578 -558 -526 -491 -438 -354 -264 -174 -81 81 239 481 610 534 432 377 327 274 195 148 127 92 -5 -47 -7 -29 -53 -68 -84 -98 -112 -124 -135 -147 -162 -176 -189 -201 -212 -222 -234 -248 -260
-560 -650 -759 -844 -886 -898 -880 -600 -555 -509 -472 -471 -467 -484 -527 -678 -918 -938 -934 -929 -915 -885 -833 -661 -334 -172 -70 -47 -56 -74 -99 -156 -225 -286 -353 -419 -460 -484 -515 -539 -565 -586 -598 -609 -607 -597 -588 -582 -578 -573 -561 -533 -494 -450 -389 -310 -230 -149 -56 147 342 581 662 548 439 392 327 263 244 216 164 96 10 -17 -15 -37 -60 -71 -82 -90 -99 -111 -123 -135 -149 -161 -173 -183 -192 -200 -208 -217 -226
-553 -611 -687 -795 -873 -891 -855 -780 -502 -501 -496 -500 -491 -502 -550 -712 -920 -930 -928 -923 -908 -881 -838 -736 -487 -237 -83 -25 -18 -21 -19 -55 -110 -174 -247 -329 -386 -429 -467 -504 -539 -563 -581 -595 -595 -585 -574 -566 -561 -551 -534 -501 -459 -411 -347 -273 -197 -123 -36 165 332 511 649 561 464 458 391 311 283 244 206 140 20 -6 -16 -32 -51 -65 -75 -81 -87 -98 -110 -123 -136 -147 -158 -166 -172 -178 -183 -186 -191
-565 -600 -658 -755 -854 -881 -856 -771 -472 -490 -514 -531 -524 -524 -579 -769 -883 -913 -922 -917 -889 -864 -839 -759 -531 -349 -121 -32 35 26 22 -16 -39 -113 -191 -253 -313 -370 -417 -466 -508 -539 -562 -578 -581 -569 -554 -543 -534 -517 -493 -461 -424 -381 -315 -246 -172 -103 29 156 277 432 607 606 497 474 461 385 313 267 237 169 65 -16 -7 -21 -37 -51 -62 -73 -80 -92 -103 -114 -126 -136 -145 -151 -156 -160 -162 -161 -165
-574 -609 -676 -774 -846 -858 -838 -706 -465 -475 -497 -534 -550 -555 -570 -721 -900 -919 -919 -907 -883 -854 -838 -769 -609 -276 -173 -75 -37 -14 29 20 -13 -70 -137 -199 -261 -321 -373 -428 -476 -513 -542 -562 -568 -552 -530 -514 -502 -480 -452 -423 -392 -356 -293 -227 -155 -88 61 156 251 388 535 573 520 466 485 465 414 334 286 232 104 -55 -2 -9 -25 -42 -56 -71 -80 -91 -102 -111 -120 -128 -135 -141 -145 -147 -148 -147 -151
-580 -601 -661 -779 -827 -834 -811 -709 -494 -492 -505 -534 -571 -585 -571 -637 -812 -910 -922 -902 -880 -855 -824 -749 -632 -332 -230 -150 -66 -26 18 10 -8 -44 -103 -164 -223 -282 -340 -396 -448 -492 -526 -550 -553 -529 -498 -478 -464 -447 -424 -397 -365 -330 -274 -207 -142 -79 8 87 215 336 498 525 491 463 494 501 461 399 365 325 175 37 -18 -4 -22 -38 -55 -72 -84 -94 -103 -111 -117 -122 -128 -133 -136 -138 -138 -139 -142
-582 -582 -621 -712 -783 -811 -789 -699 -510 -524 -533 -551 -584 -604 -602 -609 -705 -860 -920 -919 -898 -849 -820 -773 -700 -385 -301 -166 -73 -34 -26 -17 -16 -30 -73 -132 -187 -249 -313 -371 -426 -473 -511 -540 -535 -501 -461 -440 -429 -416 -398 -373 -340 -302 -252 -194 -140 -84 -34 27 225 308 457 523 490 473 513 508 466 409 380 337 236 99 -18 -4 -21 -36 -54 -72 -87 -96 -103 -109 -115 -120 -123 -127 -129 -130 -131 -132 -133
-549 -583 -597 -651 -729 -788 -767 -676 -542 -565 -572 -587 -606 -627 -633 -630 -669 -805 -907 -912 -910 -891 -855 -795 -706 -444 -352 -138 -62 -31 -36 -20 41 -16 -34 -96 -157 -219 -283 -351 -407 -455 -494 -524 -516 -480 -437 -416 -402 -391 -376 -351 -318 -278 -236 -184 -134 -85 -38 104 216 298 384 502 503 497 530 518 483 424 361 314 244 149 -1 -2 -18 -34 -52 -69 -85 -94 -100 -106 -113 -117 -119 -122 -123 -125 -126 -125 -126
-535 -577 -623 -672 -701 -746 -736 -689 -584 -590 -602 -615 -628 -652 -667 -674 -693 -795 -902 -907 -908 -898 -874 -830 -750 -627 -347 10 2 -27 -28 -22 72 54 -12 -70 -130 -193 -256 -328 -389 -436 -474 -501 -498 -471 -436 -410 -390 -379 -362 -334 -297 -254 -216 -166 -120 -73 -39 -63 90 209 324 453 524 513 535 534 520 464 375 268 171 97 46 -14 -18 -33 -49 -63 -80 -90 -96 -103 -111 -114 -116 -118 -119 -120 -121 -120 -121
-525 -552 -584 -615 -628 -719 -715 -718 -689 -633 -619 -632 -648 -675 -699 -706 -720 -765 -879 -902 -901 -894 -878 -830 -779 -680 -625 2 8 -17 -29 -24 55 57 -45 -43 -96 -166 -232 -300 -372 -417 -454 -482 -486 -468 -442 -416 -395 -379 -358 -320 -274 -225 -185 -148 -114 -76 -49 -26 44 183 292 387 516 521 532 532 518 451 367 288 211 119 41 -18 -18 -32 -46 -60 -74 -87 -91 -100 -109 -111 -112 -113 -114 -115 -116 -116 -118
-489 -505 -528 -533 -545 -573 -602 -630 -684 -669 -622 -629 -649 -679 -716 -728 -741 -756 -821 -901 -896 -893 -873 -805 -787 -762 -699 33 31 -18 -19 -20 -19 91 85 -22 -66 -137 -205 -273 -343 -391 -432 -465 -475 -466 -448 -425 -402 -379 -351 -307 -254 -197 -156 -127 -102 -77 -50 -23 91 210 280 337 498 532 542 527 486 416 349 293 227 151 59 -31 -19 -33 -47 -61 -74 -85 -86 -97 -106 -108 -109 -110 -110 -111 -111 -112 -113
