data/processed_DEMs/100_100_8947.asc
ncols        100
nrows        100
xllcorner    34.308333333333
yllcorner    35.395833333333
cellsize     0.004166666667
NODATA_value -32767
[rows 39 to 77 of 100, columns 0 to 88 of 100]
-609 -606 -594 -577 -565 -559 -544 -518 -508 -508 -481 -429 -381 -356 -323 -299 -289 -266 -235 -189 -146 -126 -118 -102 -77 -54 -32 8 21 13 16 22 29 33 41 50 54 57 72 95 113 127 134 140 134 113 85 73 65 58 52 37 29 16 14 14 22 32 38 79 81 45 21 10 -9 -13 -21 -37 -65 -113 -181 -255 -316 -363 -398 -419 -425 -425 -422 -418 -449 -522 -587 -632 -668 -685 -696 -716 -736
-598 -591 -576 -557 -536 -516 -489 -451 -428 -421 -392 -344 -303 -290 -251 -208 -197 -183 -163 -131 -99 -78 -67 -56 -41 7 21 34 26 36 55 65 72 72 77 84 96 102 116 127 140 136 116 93 71 49 40 47 51 35 24 22 26 23 15 19 36 22 24 39 40 21 7 -7 -10 -18 -33 -67 -111 -166 -235 -303 -362 -416 -464 -493 -506 -520 -536 -553 -588 -635 -668 -689 -706 -718 -729 -743 -758
-577 -560 -533 -506 -478 -449 -422 -384 -342 -309 -276 -244 -218 -217 -183 -124 -101 -91 -78 -66 -58 -46 -34 -24 10 29 21 31 48 66 98 120 122 107 115 115 129 132 146 131 104 76 51 35 44 38 35 58 42 21 17 32 51 46 19 6 -2 -1 5 10 12 -7 -10 -17 -22 -29 -53 -106 -163 -217 -272 -330 -390 -451 -512 -559 -591 -624 -653 -670 -685 -703 -717 -727 -735 -742 -751 -762 -773
-547 -509 -459 -422 -391 -355 -327 -294 -246 -196 -162 -140 -130 -139 -119 -69 -45 -36 -23 8 9 13 17 21 25 34 48 67 97 111 108 137 144 142 148 144 142 131 104 71 47 37 32 25 36 25 28 28 17 22 25 28 20 9 4 -4 -6 -8 -9 -12 -14 -17 -19 -31 -51 -59 -83 -143 -208 -269 -322 -363 -416 -478 -534 -594 -647 -690 -724 -740 -747 -752 -757 -760 -764 -768 -774 -781 -787
-503 -439 -367 -318 -278 -232 -200 -182 -155 -112 -79 -63 -60 -66 -56 10 17 12 18 23 31 40 36 43 53 72 103 122 136 144 133 158 163 155 135 92 69 65 61 49 28 22 41 33 16 16 31 30 13 10 -7 -8 -6 -5 -15 -15 -17 -22 -27 -31 -36 -45 -57 -84 -115 -128 -156 -214 -258 -303 -361 -409 -467 -526 -571 -624 -684 -736 -768 -781 -785 -786 -787 -787 -789 -793 -798 -802 -804
-441 -373 -294 -231 -179 -130 -97 -82 -72 -57 -42 -31 13 5 11 15 21 27 36 41 56 71 69 74 89 115 144 166 173 164 154 139 108 79 67 48 35 37 44 43 30 15 15 25 28 14 14 13 8 -8 -10 -14 -17 -19 -24 -30 -35 -40 -43 -46 -50 -58 -74 -124 -190 -240 -279 -324 -365 -404 -448 -472 -495 -540 -597 -657 -710 -753 -783 -798 -805 -809 -812 -811 -812 -815 -820 -822 -821
-369 -306 -226 -153 -107 -77 -55 -39 -26 -18 3 7 17 29 30 32 41 53 64 68 77 102 111 125 112 141 174 199 189 150 113 83 65 49 46 30 18 30 43 35 20 15 20 23 19 13 4 -4 -12 -16 -18 -23 -29 -36 -41 -47 -56 -63 -67 -69 -75 -86 -102 -128 -185 -261 -320 -368 -424 -490 -537 -550 -570 -604 -638 -681 -723 -758 -785 -802 -813 -822 -830 -833 -832 -832 -834 -836 -833
-304 -229 -156 -101 -68 -50 -37 -26 -18 8 7 16 50 76 79 70 76 79 90 98 103 121 136 149 141 141 172 136 113 95 75 60 40 34 28 24 35 32 25 13 11 12 -7 -8 -9 -11 -10 -10 -15 -21 -26 -33 -42 -50 -52 -60 -82 -99 -106 -114 -136 -168 -182 -188 -214 -258 -303 -350 -419 -498 -559 -603 -637 -657 -676 -704 -736 -766 -788 -804 -815 -825 -835 -841 -844 -844 -844 -844 -842
-269 -196 -128 -82 -55 -42 -37 -31 -21 9 11 27 68 97 102 105 107 106 111 121 131 137 153 174 184 144 147 110 74 62 56 55 54 41 28 39 48 29 7 -11 -12 -11 -12 -14 -16 -18 -20 -23 -31 -40 -42 -46 -57 -69 -75 -84 -124 -162 -180 -184 -206 -249 -261 -261 -288 -325 -369 -418 -464 -509 -553 -596 -636 -670 -697 -722 -747 -773 -794 -808 -817 -825 -836 -846 -851 -854 -854 -853 -850
-234 -207 -147 -90 -58 -42 -33 -25 -17 11 19 37 73 97 105 113 121 127 132 142 148 168 184 199 212 171 143 108 79 49 38 46 48 28 16 15 14 -11 -13 -15 -19 -23 -29 -33 -37 -38 -39 -44 -54 -66 -71 -77 -90 -113 -128 -135 -169 -216 -252 -266 -278 -310 -335 -344 -363 -393 -424 -465 -512 -555 -592 -624 -655 -685 -711 -735 -758 -780 -800 -817 -827 -834 -844 -853 -860 -863 -863 -861 -857
-146 -145 -133 -93 -53 -29 -17 -15 4 18 31 61 85 104 112 122 132 139 146 155 163 176 185 186 178 128 87 63 48 48 34 24 18 21 9 -10 -9 -13 -23 -31 -37 -43 -49 -55 -60 -62 -71 -90 -100 -105 -115 -135 -150 -177 -210 -223 -248 -276 -314 -367 -382 -381 -395 -409 -430 -461 -492 -526 -568 -609 -636 -658 -681 -704 -725 -745 -768 -789 -806 -825 -841 -850 -858 -865 -871 -873 -872 -869 -865
-79 -62 -61 -53 7 9 6 11 17 25 49 85 102 108 119 134 145 150 148 146 147 151 160 153 118 74 49 35 26 37 18 7 3 -11 -16 -18 -20 -29 -41 -49 -56 -62 -68 -77 -86 -95 -116 -151 -164 -159 -173 -210 -235 -248 -285 -304 -310 -348 -382 -422 -444 -431 -448 -475 -491 -521 -554 -582 -614 -645 -666 -685 -705 -726 -745 -763 -782 -800 -814 -828 -845 -860 -870 -878 -883 -883 -881 -878 -873
-52 -39 -30 4 16 31 27 28 38 56 70 85 110 118 130 139 139 134 130 133 139 150 150 129 101 74 36 24 18 18 9 2 -11 -17 -22 -32 -42 -51 -57 -63 -72 -82 -95 -112 -122 -133 -153 -194 -228 -236 -247 -278 -313 -331 -350 -363 -361 -388 -429 -453 -478 -478 -506 -545 -543 -563 -602 -634 -656 -672 -687 -705 -724 -743 -763 -782 -800 -818 -832 -843 -856 -870 -882 -890 -893 -893 -891 -887 -882
-30 -26 8 19 34 60 78 81 75 62 96 85 96 120 126 123 125 128 131 137 151 167 124 108 97 43 31 14 5 2 -10 -20 -20 -30 -44 -52 -60 -68 -74 -84 -100 -115 -139 -169 -185 -191 -203 -231 -269 -298 -308 -322 -355 -380 -396 -411 -406 -413 -445 -466 -484 -520 -563 -590 -597 -612 -637 -659 -675 -687 -702 -721 -740 -759 -779 -799 -818 -837 -852 -863 -873 -883 -893 -900 -903 -902 -899 -895 -890
-17 9 19 33 59 81 100 108 89 75 99 116 100 106 119 125 131 137 145 156 145 143 131 87 63 47 21 10 2 -10 -14 -20 -33 -48 -59 -67 -76 -85 -95 -114 -142 -167 -188 -219 -238 -243 -259 -285 -312 -339 -357 -365 -383 -412 -441 -453 -445 -447 -470 -500 -519 -528 -553 -601 -653 -678 -683 -689 -696 -705 -718 -736 -755 -774 -793 -813 -832 -849 -864 -876 -885 -895 -903 -908 -910 -909 -906 -902 -897
18 26 47 61 84 103 115 120 99 121 132 128 121 123 148 154 153 153 151 137 119 110 100 77 54 38 22 5 1 -11 -16 -27 -42 -60 -74 -84 -93 -104 -124 -152 -185 -209 -228 -257 -282 -300 -321 -340 -357 -373 -393 -403 -409 -446 -489 -498 -486 -488 -502 -527 -552 -554 -566 -615 -671 -702 -710 -714 -718 -726 -737 -752 -770 -788 -807 -826 -844 -860 -873 -885 -895 -903 -910 -914 -916 -916 -913 -909 -905
37 50 77 90 99 124 145 153 120 134 166 165 148 140 152 166 152 137 120 102 89 81 77 60 42 22 9 4 -12 -14 -21 -34 -49 -65 -80 -97 -118 -137 -161 -187 -213 -241 -274 -301 -325 -348 -367 -385 -399 -413 -428 -430 -428 -450 -503 -539 -532 -533 -547 -557 -578 -601 -625 -658 -689 -712 -724 -731 -736 -743 -753 -768 -784 -801 -820 -838 -855 -870 -883 -894 -903 -911 -916 -919 -921 -920 -918 -915 -910
67 77 102 122 131 133 142 159 144 142 171 197 172 159 155 166 147 126 109 89 70 51 49 30 15 9 4 -6 -10 -16 -25 -39 -54 -68 -88 -116 -144 -163 -183 -211 -243 -274 -305 -330 -356 -381 -400 -417 -428 -438 -450 -451 -438 -442 -480 -532 -561 -578 -600 -608 -615 -638 -665 -687 -706 -721 -733 -741 -747 -754 -763 -778 -796 -814 -832 -850 -866 -880 -892 -902 -911 -917 -921 -924 -926 -925 -923 -919 -914
121 127 125 142 155 158 173 165 168 160 180 187 173 142 133 154 151 128 99 87 73 52 55 50 33 13 6 -7 -12 -23 -34 -45 -57 -71 -97 -135 -160 -173 -193 -224 -258 -287 -312 -338 -369 -401 -424 -439 -448 -459 -473 -477 -469 -464 -479 -517 -565 -609 -645 -665 -670 -677 -689 -703 -715 -726 -737 -746 -755 -763 -773 -786 -805 -825 -845 -863 -878 -890 -901 -910 -917 -922 -926 -929 -930 -930 -928 -924 -919
185 181 201 163 170 175 173 193 194 197 212 178 125 95 88 104 94 81 50 42 34 35 60 49 27 8 -6 -8 -16 -34 -51 -60 -69 -83 -114 -155 -178 -190 -212 -243 -272 -298 -322 -346 -371 -400 -427 -448 -470 -490 -509 -516 -510 -505 -514 -540 -578 -625 -663 -682 -691 -697 -705 -714 -720 -728 -740 -749 -758 -768 -778 -793 -813 -838 -861 -877 -889 -899 -908 -915 -922 -927 -930 -933 -934 -934 -932 -928 -924
225 229 215 190 183 193 196 194 190 176 158 135 116 101 61 49 46 47 29 19 15 40 60 40 15 2 -6 -11 -24 -45 -69 -87 -100 -119 -152 -185 -205 -220 -241 -265 -287 -311 -333 -355 -377 -398 -415 -432 -461 -499 -542 -564 -563 -561 -575 -603 -635 -663 -680 -689 -696 -702 -708 -713 -715 -720 -731 -744 -755 -765 -778 -795 -819 -852 -879 -891 -898 -905 -912 -919 -925 -930 -934 -936 -937 -936 -934 -931 -927
195 197 181 185 170 160 146 135 134 121 107 91 93 111 80 46 35 22 26 34 18 35 49 24 6 -5 -9 -16 -37 -64 -90 -119 -149 -176 -201 -223 -242 -259 -272 -287 -306 -327 -347 -366 -383 -400 -414 -427 -451 -493 -549 -592 -611 -621 -634 -649 -666 -679 -689 -694 -698 -701 -705 -708 -711 -715 -724 -737 -749 -761 -775 -794 -822 -856 -881 -892 -898 -905 -913 -920 -926 -931 -936 -938 -939 -938 -936 -933 -929
165 152 142 145 138 119 106 95 90 72 77 81 72 79 56 38 47 36 21 36 27 15 17 10 3 -9 -14 -25 -51 -83 -119 -164 -204 -229 -249 -266 -276 -287 -296 -310 -326 -343 -362 -379 -397 -416 -434 -448 -475 -524 -575 -610 -630 -641 -651 -663 -674 -682 -689 -695 -697 -698 -700 -703 -706 -711 -720 -730 -742 -755 -770 -788 -813 -840 -863 -880 -891 -899 -908 -917 -924 -930 -936 -939 -939 -938 -936 -933 -930
126 119 119 99 94 89 72 68 67 55 56 57 55 56 40 35 37 42 28 12 9 5 -4 -9 -8 -10 -19 -38 -67 -104 -154 -213 -263 -284 -292 -300 -306 -315 -324 -333 -343 -356 -372 -395 -422 -451 -479 -499 -537 -591 -629 -646 -652 -655 -661 -670 -677 -683 -688 -693 -696 -696 -696 -698 -701 -705 -714 -725 -736 -750 -764 -781 -803 -827 -848 -866 -880 -891 -901 -911 -919 -926 -932 -935 -936 -936 -934 -932 -929
103 77 73 67 76 63 48 39 34 36 67 101 100 95 70 60 44 33 12 4 -5 -7 -7 -12 -21 -30 -46 -77 -111 -150 -204 -271 -322 -333 -328 -330 -332 -339 -345 -351 -357 -367 -385 -412 -449 -488 -527 -564 -600 -633 -655 -665 -667 -667 -671 -677 -681 -683 -686 -689 -691 -692 -691 -692 -693 -698 -706 -718 -731 -746 -761 -777 -797 -817 -837 -855 -870 -883 -894 -904 -912 -919 -925 -929 -931 -932 -931 -930 -928
67 54 49 46 43 32 25 25 25 31 51 57 39 30 22 40 32 15 5 -5 -6 -10 -17 -28 -46 -70 -106 -141 -174 -216 -267 -330 -377 -379 -363 -356 -356 -363 -367 -369 -376 -390 -412 -444 -485 -533 -579 -620 -648 -661 -670 -672 -670 -669 -674 -680 -680 -677 -677 -680 -684 -685 -685 -684 -685 -688 -696 -709 -724 -741 -757 -774 -791 -810 -829 -846 -861 -875 -887 -896 -905 -912 -918 -922 -925 -927 -928 -927 -926
39 37 30 31 37 29 21 17 17 21 21 34 34 19 10 9 6 3 -7 -12 -18 -24 -37 -55 -78 -118 -180 -220 -241 -281 -324 -367 -411 -426 -403 -383 -380 -388 -393 -396 -409 -430 -459 -505 -551 -596 -637 -657 -666 -671 -671 -667 -663 -661 -667 -670 -666 -662 -663 -668 -674 -676 -674 -671 -671 -675 -683 -696 -714 -733 -750 -767 -785 -803 -821 -838 -853 -868 -880 -890 -899 -907 -913 -918 -922 -925 -925 -925 -925
34 31 27 24 27 22 17 14 19 34 25 13 12 8 3 -8 -7 -6 -10 -18 -29 -45 -67 -93 -121 -159 -219 -276 -304 -326 -361 -388 -421 -451 -436 -411 -410 -420 -428 -437 -459 -492 -529 -588 -637 -653 -665 -672 -673 -670 -663 -655 -649 -648 -650 -648 -644 -646 -650 -656 -661 -662 -658 -653 -654 -659 -668 -679 -697 -719 -740 -760 -779 -798 -815 -832 -848 -862 -875 -886 -895 -904 -910 -917 -922 -925 -926 -925 -926
89 85 84 68 25 17 27 27 13 18 11 4 -4 -6 -9 -15 -20 -26 -35 -45 -58 -77 -107 -145 -177 -207 -250 -309 -348 -366 -390 -413 -437 -464 -466 -448 -448 -458 -471 -492 -525 -565 -604 -640 -664 -670 -673 -672 -667 -658 -649 -640 -635 -633 -631 -630 -629 -630 -635 -641 -644 -645 -642 -639 -641 -648 -656 -666 -681 -705 -731 -754 -774 -794 -812 -828 -844 -858 -871 -882 -891 -899 -906 -915 -922 -926 -928 -930 -933
178 177 124 69 36 17 28 24 9 4 3 -9 -10 -17 -20 -26 -35 -45 -57 -74 -96 -123 -158 -199 -228 -250 -284 -326 -364 -397 -422 -444 -464 -483 -486 -481 -496 -517 -540 -570 -602 -631 -651 -663 -668 -669 -667 -662 -653 -643 -632 -623 -617 -614 -612 -612 -612 -614 -620 -626 -630 -633 -634 -634 -636 -643 -654 -666 -682 -705 -729 -752 -773 -792 -809 -825 -841 -854 -866 -877 -886 -894 -903 -913 -921 -926 -929 -931 -936
103 117 86 53 35 19 8 5 4 1 -5 -8 -14 -20 -29 -42 -57 -74 -91 -111 -139 -174 -210 -241 -268 -294 -320 -350 -384 -414 -444 -474 -497 -513 -515 -519 -549 -588 -617 -636 -648 -656 -662 -666 -666 -663 -656 -648 -637 -625 -613 -604 -597 -592 -591 -592 -594 -599 -606 -614 -622 -627 -631 -632 -632 -640 -659 -679 -696 -715 -735 -755 -774 -792 -809 -824 -839 -852 -863 -874 -883 -891 -901 -910 -918 -924 -927 -931 -936
70 59 61 50 34 21 8 -4 -6 -6 -9 -17 -24 -33 -45 -63 -87 -117 -138 -156 -185 -216 -251 -287 -312 -335 -359 -383 -419 -446 -460 -484 -517 -536 -535 -550 -585 -612 -629 -641 -649 -656 -661 -662 -659 -653 -644 -633 -621 -607 -594 -583 -575 -569 -568 -571 -577 -586 -596 -608 -618 -628 -635 -638 -634 -635 -662 -695 -713 -729 -745 -762 -779 -795 -810 -824 -838 -851 -862 -873 -882 -890 -899 -908 -916 -922 -927 -932 -937
52 64 57 36 16 9 4 -8 -11 -12 -18 -26 -38 -51 -63 -81 -110 -152 -186 -206 -224 -249 -286 -321 -344 -368 -390 -412 -442 -476 -495 -511 -541 -563 -571 -583 -600 -615 -630 -641 -648 -653 -655 -653 -649 -641 -631 -619 -606 -590 -576 -563 -552 -545 -544 -550 -560 -574 -589 -604 -619 -632 -645 -656 -657 -650 -673 -710 -728 -742 -757 -771 -786 -800 -814 -827 -839 -851 -862 -874 -882 -890 -899 -908 -916 -923 -928 -934 -939
63 60 46 22 6 -5 -6 -9 -15 -20 -26 -36 -50 -64 -77 -94 -126 -170 -215 -251 -274 -298 -327 -351 -370 -388 -414 -439 -464 -499 -530 -545 -562 -579 -587 -594 -605 -619 -632 -641 -645 -648 -648 -645 -639 -631 -620 -607 -593 -577 -562 -546 -532 -523 -522 -531 -548 -567 -586 -605 -622 -639 -656 -675 -693 -704 -714 -730 -743 -755 -768 -780 -793 -806 -819 -830 -841 -852 -864 -876 -885 -892 -901 -910 -918 -924 -929 -936 -942
39 23 10 4 -4 -7 -10 -16 -21 -28 -35 -43 -55 -71 -89 -115 -149 -181 -208 -240 -279 -321 -358 -383 -400 -412 -428 -452 -476 -504 -533 -559 -577 -589 -597 -604 -613 -624 -632 -638 -641 -643 -642 -638 -632 -624 -614 -601 -586 -570 -553 -536 -521 -511 -511 -524 -545 -568 -590 -610 -629 -647 -665 -683 -699 -715 -729 -742 -754 -766 -778 -789 -801 -812 -823 -833 -843 -854 -866 -877 -884 -891 -899 -907 -916 -923 -928 -932 -937
24 6 3 -5 -7 -10 -16 -23 -29 -35 -41 -49 -60 -77 -100 -135 -167 -187 -206 -226 -253 -291 -333 -376 -415 -438 -455 -473 -488 -506 -528 -552 -574 -591 -603 -611 -618 -625 -630 -635 -639 -641 -641 -636 -628 -621 -611 -600 -586 -570 -554 -537 -524 -516 -518 -533 -556 -579 -601 -621 -640 -658 -675 -691 -708 -724 -739 -752 -764 -776 -787 -798 -808 -817 -825 -834 -844 -854 -866 -876 -883 -889 -896 -903 -912 -920 -924 -927 -933
16 2 -8 -10 -12 -19 -27 -34 -38 -41 -46 -56 -72 -89 -118 -162 -193 -206 -219 -240 -269 -305 -344 -377 -411 -446 -476 -496 -510 -521 -532 -545 -564 -585 -601 -609 -615 -621 -628 -633 -639 -643 -644 -637 -629 -622 -613 -603 -591 -578 -565 -551 -542 -541 -548 -561 -580 -600 -620 -639 -657 -674 -689 -705 -721 -736 -750 -763 -775 -786 -797 -807 -814 -820 -826 -834 -842 -853 -865 -873 -878 -884 -891 -898 -908 -915 -917 -920 -925
3 -8 -11 -15 -21 -29 -38 -47 -53 -55 -59 -70 -85 -109 -149 -195 -235 -248 -249 -265 -297 -340 -383 -416 -439 -465 -495 -513 -528 -544 -550 -552 -560 -576 -594 -605 -612 -619 -626 -633 -639 -643 -644 -638 -632 -627 -620 -612 -603 -593 -585 -578 -574 -576 -584 -596 -612 -629 -646 -663 -680 -695 -709 -723 -737 -750 -763 -775 -786 -797 -808 -816 -818 -819 -826 -833 -841 -851 -861 -869 -874 -879 -885 -894 -905 -912 -913 -915 -920
-10 -11 -16 -26 -36 -45 -54 -65 -74 -77 -83 -98 -116 -145 -188 -224 -282 -321 -313 -322 -351 -389 -431 -474 -503 -521 -535 -542 -556 -571 -575 -571 -569 -575 -588 -600 -610 -618 -626 -634 -641 -646 -645 -642 -639 -634 -629 -623 -618 -613 -610 -608 -610 -615 -623 -635 -649 -663 -677 -692 -707 -720 -731 -743 -755 -767 -778 -788 -798 -808 -818 -825 -826 -826 -831 -838 -846 -856 -866 -873 -878 -883 -889 -897 -908 -913 -916 -920 -925
