data/processed_DEMs/100_100_8947.asc
ncols        100
nrows        100
xllcorner    34.308333333333
yllcorner    35.395833333333
cellsize     0.004166666667
NODATA_value -32767
[rows 0 to 38 of 100, columns 0 to 88 of 100]
-749 -747 -744 -743 -741 -739 -738 -736 -735 -734 -732 -731 -730 -728 -728 -727 -726 -726 -726 -725 -725 -724 -723 -722 -721 -720 -719 -718 -717 -715 -714 -712 -711 -710 -708 -707 -705 -704 -702 -700 -699 -697 -695 -693 -691 -689 -687 -684 -682 -681 -679 -677 -676 -674 -673 -671 -670 -669 -667 -666 -664 -663 -662 -661 -659 -658 -657 -656 -656 -655 -654 -654 -655 -657 -660 -663 -666 -666 -664 -662 -660 -658 -655 -651 -647 -642 -636 -630 -622
-743 -741 -739 -737 -736 -734 -733 -732 -730 -729 -727 -726 -724 -723 -722 -722 -721 -721 -720 -720 -720 -720 -719 -719 -718 -717 -716 -714 -713 -712 -711 -710 -708 -707 -706 -705 -704 -702 -701 -700 -699 -697 -694 -692 -690 -688 -685 -683 -681 -680 -678 -676 -674 -673 -671 -670 -668 -667 -665 -663 -661 -660 -658 -657 -655 -654 -653 -652 -651 -651 -650 -650 -651 -653 -655 -659 -663 -662 -659 -657 -656 -655 -653 -650 -645 -639 -631 -623 -614
-739 -736 -734 -733 -731 -730 -729 -727 -726 -724 -722 -721 -719 -718 -717 -716 -716 -716 -716 -716 -716 -716 -716 -715 -714 -713 -712 -711 -710 -709 -708 -707 -706 -705 -704 -703 -702 -701 -700 -699 -697 -695 -693 -691 -688 -686 -684 -682 -680 -678 -676 -674 -672 -671 -670 -668 -666 -664 -662 -660 -658 -656 -655 -653 -652 -650 -649 -648 -648 -647 -647 -647 -648 -650 -652 -655 -657 -653 -648 -646 -648 -650 -650 -648 -643 -635 -624 -612 -601
-735 -732 -730 -729 -728 -727 -725 -724 -722 -720 -719 -716 -714 -713 -712 -711 -711 -711 -711 -712 -712 -713 -713 -712 -711 -710 -709 -708 -706 -705 -704 -704 -703 -703 -702 -701 -700 -700 -699 -698 -696 -694 -692 -690 -687 -685 -682 -680 -678 -676 -674 -672 -670 -669 -668 -666 -664 -662 -660 -658 -655 -653 -651 -650 -648 -647 -646 -646 -645 -645 -646 -646 -648 -649 -652 -654 -652 -645 -637 -634 -639 -644 -646 -643 -637 -628 -616 -601 -585
-732 -729 -727 -726 -725 -724 -723 -721 -720 -718 -715 -713 -711 -708 -707 -706 -706 -707 -708 -709 -710 -710 -710 -710 -709 -708 -707 -705 -703 -702 -701 -701 -701 -701 -700 -700 -699 -699 -698 -697 -695 -693 -691 -688 -686 -683 -680 -678 -675 -673 -671 -669 -668 -667 -666 -664 -662 -660 -657 -654 -652 -650 -648 -647 -646 -645 -644 -644 -644 -645 -645 -647 -648 -650 -653 -655 -653 -647 -638 -634 -637 -639 -638 -635 -627 -617 -604 -588 -571
-731 -728 -726 -725 -724 -723 -722 -720 -718 -716 -713 -711 -708 -705 -702 -701 -702 -703 -705 -707 -708 -709 -709 -709 -708 -706 -705 -702 -700 -699 -698 -698 -698 -699 -699 -699 -699 -698 -697 -696 -694 -692 -690 -687 -685 -681 -678 -675 -673 -670 -668 -666 -665 -664 -662 -660 -658 -656 -653 -650 -648 -647 -645 -644 -643 -643 -643 -643 -643 -644 -645 -647 -648 -650 -653 -656 -656 -652 -647 -642 -637 -632 -630 -626 -615 -603 -591 -578 -562
-731 -729 -727 -725 -724 -723 -721 -720 -718 -715 -712 -709 -706 -702 -699 -698 -699 -701 -704 -706 -708 -709 -709 -709 -708 -706 -703 -700 -697 -695 -694 -694 -695 -697 -698 -698 -698 -697 -696 -694 -693 -691 -689 -686 -683 -680 -676 -673 -670 -667 -665 -663 -661 -660 -658 -655 -652 -650 -647 -645 -644 -643 -642 -642 -641 -641 -641 -641 -641 -643 -644 -646 -646 -647 -649 -651 -649 -645 -639 -634 -628 -624 -621 -613 -599 -590 -585 -577 -560
-732 -730 -728 -727 -725 -724 -722 -720 -718 -716 -713 -710 -706 -702 -699 -697 -699 -702 -705 -707 -709 -710 -710 -710 -708 -706 -703 -699 -695 -691 -689 -690 -693 -696 -698 -699 -698 -696 -695 -693 -691 -689 -687 -685 -681 -677 -674 -670 -667 -664 -662 -660 -657 -655 -652 -649 -646 -643 -641 -640 -639 -639 -639 -639 -639 -638 -638 -639 -639 -640 -641 -642 -640 -636 -633 -631 -628 -624 -623 -621 -614 -608 -603 -595 -584 -582 -585 -576 -545
-733 -731 -730 -728 -727 -725 -723 -722 -720 -717 -715 -712 -709 -706 -703 -702 -703 -705 -707 -710 -711 -712 -712 -711 -710 -708 -705 -700 -693 -686 -682 -686 -692 -696 -699 -699 -698 -695 -693 -692 -690 -688 -685 -682 -679 -675 -671 -667 -664 -661 -658 -656 -653 -650 -647 -643 -639 -636 -635 -634 -634 -635 -635 -636 -635 -635 -635 -635 -635 -635 -635 -631 -622 -614 -608 -606 -607 -610 -618 -611 -594 -581 -574 -572 -571 -573 -572 -543 -485
-735 -733 -732 -730 -729 -727 -726 -724 -722 -720 -717 -715 -713 -711 -709 -708 -709 -710 -712 -713 -715 -715 -715 -714 -713 -711 -708 -703 -694 -682 -674 -681 -693 -698 -700 -699 -697 -694 -692 -690 -689 -686 -683 -679 -675 -671 -667 -664 -660 -657 -654 -652 -649 -645 -641 -637 -632 -629 -627 -627 -629 -631 -631 -630 -629 -628 -626 -628 -628 -625 -620 -611 -599 -591 -591 -592 -594 -599 -606 -591 -564 -547 -541 -550 -561 -559 -538 -487 -413
-737 -735 -734 -733 -731 -730 -728 -726 -725 -723 -721 -719 -717 -716 -715 -715 -715 -716 -717 -718 -719 -719 -718 -717 -716 -715 -714 -711 -702 -686 -674 -683 -696 -699 -698 -696 -693 -691 -689 -688 -687 -684 -680 -675 -671 -667 -663 -660 -656 -653 -650 -647 -644 -640 -636 -631 -626 -621 -619 -622 -626 -629 -628 -624 -620 -618 -617 -621 -617 -606 -595 -586 -581 -578 -577 -577 -574 -567 -555 -543 -529 -520 -522 -534 -547 -537 -492 -427 -370
-739 -738 -736 -735 -734 -732 -731 -729 -728 -726 -724 -723 -722 -721 -721 -721 -721 -722 -722 -722 -722 -722 -721 -719 -718 -718 -718 -717 -712 -700 -691 -692 -696 -696 -694 -691 -688 -686 -684 -683 -682 -679 -675 -670 -666 -662 -658 -655 -652 -649 -646 -643 -639 -635 -631 -626 -621 -617 -615 -619 -627 -630 -626 -619 -615 -614 -617 -615 -602 -585 -572 -564 -562 -562 -559 -554 -543 -519 -496 -486 -486 -499 -518 -522 -513 -483 -426 -362 -322
-741 -739 -738 -737 -736 -735 -734 -732 -730 -729 -727 -726 -726 -725 -725 -725 -725 -726 -725 -725 -724 -723 -722 -720 -719 -719 -720 -719 -714 -706 -699 -695 -693 -691 -687 -684 -681 -678 -676 -675 -674 -671 -667 -663 -659 -655 -652 -649 -646 -643 -641 -638 -635 -631 -627 -622 -618 -616 -615 -620 -629 -633 -626 -616 -615 -618 -612 -598 -580 -567 -556 -546 -539 -535 -531 -520 -497 -465 -439 -434 -448 -478 -502 -494 -461 -411 -358 -316 -306
-742 -741 -740 -739 -738 -737 -736 -735 -733 -732 -730 -729 -729 -729 -729 -728 -728 -727 -726 -724 -723 -721 -720 -718 -718 -718 -719 -718 -713 -706 -699 -694 -689 -685 -681 -676 -672 -668 -666 -664 -663 -661 -658 -655 -652 -649 -646 -643 -641 -638 -636 -634 -632 -628 -624 -619 -616 -615 -614 -617 -623 -626 -622 -614 -611 -609 -598 -579 -559 -546 -536 -525 -510 -498 -490 -475 -453 -434 -417 -410 -427 -454 -457 -430 -390 -349 -331 -337 -365
-743 -742 -741 -741 -740 -739 -738 -737 -735 -733 -732 -731 -730 -730 -730 -729 -728 -726 -724 -721 -719 -717 -715 -714 -713 -712 -712 -711 -706 -701 -695 -689 -684 -679 -674 -668 -663 -658 -654 -653 -652 -651 -650 -648 -645 -642 -640 -638 -636 -633 -631 -630 -628 -625 -621 -616 -612 -611 -612 -613 -612 -615 -618 -616 -609 -601 -587 -565 -541 -522 -505 -489 -472 -454 -441 -431 -421 -415 -412 -409 -421 -424 -392 -350 -336 -336 -346 -383 -446
-743 -742 -742 -741 -741 -740 -739 -737 -735 -734 -732 -731 -730 -730 -730 -728 -725 -723 -720 -717 -714 -712 -709 -707 -705 -703 -702 -700 -697 -692 -688 -683 -678 -672 -667 -661 -656 -650 -645 -643 -644 -644 -643 -641 -639 -637 -635 -633 -631 -628 -626 -624 -622 -619 -614 -609 -607 -608 -611 -610 -607 -609 -614 -610 -601 -592 -581 -559 -525 -492 -464 -444 -429 -414 -404 -401 -399 -397 -404 -416 -417 -383 -334 -318 -339 -363 -387 -436 -505
-742 -742 -741 -740 -739 -739 -737 -736 -734 -732 -730 -729 -729 -728 -727 -725 -722 -719 -715 -712 -709 -705 -702 -698 -695 -693 -691 -689 -686 -683 -680 -676 -671 -666 -661 -656 -650 -645 -641 -639 -639 -639 -638 -637 -634 -632 -630 -628 -627 -624 -620 -616 -614 -610 -605 -602 -604 -606 -606 -604 -604 -602 -600 -596 -590 -582 -569 -544 -499 -451 -421 -404 -392 -381 -373 -372 -374 -374 -385 -403 -391 -348 -317 -329 -370 -391 -413 -471 -523
-741 -740 -739 -738 -736 -735 -734 -732 -730 -729 -727 -726 -725 -724 -722 -719 -717 -714 -710 -706 -702 -698 -694 -689 -685 -682 -680 -678 -677 -674 -672 -669 -665 -660 -656 -651 -647 -644 -641 -638 -636 -635 -634 -632 -630 -628 -626 -625 -625 -623 -615 -610 -608 -607 -603 -601 -602 -600 -594 -589 -588 -583 -573 -566 -566 -563 -548 -518 -473 -422 -388 -373 -360 -350 -342 -338 -342 -345 -355 -368 -353 -338 -350 -364 -391 -423 -451 -488 -519
-738 -737 -735 -733 -732 -730 -729 -727 -726 -724 -723 -721 -720 -719 -716 -714 -711 -708 -704 -700 -696 -692 -686 -681 -676 -671 -669 -669 -668 -666 -664 -662 -659 -655 -651 -648 -645 -642 -640 -637 -634 -632 -630 -628 -627 -625 -625 -625 -627 -623 -612 -605 -604 -602 -599 -597 -592 -582 -573 -566 -558 -544 -527 -519 -524 -529 -522 -498 -461 -413 -370 -346 -332 -320 -310 -305 -305 -307 -316 -329 -325 -333 -363 -393 -420 -443 -465 -485 -499
-733 -732 -730 -728 -726 -725 -723 -722 -721 -719 -717 -716 -715 -713 -711 -708 -705 -702 -698 -695 -691 -686 -680 -674 -668 -664 -663 -662 -661 -660 -658 -655 -653 -649 -646 -644 -643 -640 -638 -635 -632 -629 -627 -624 -623 -623 -624 -627 -627 -617 -606 -598 -593 -588 -585 -583 -571 -554 -541 -528 -512 -494 -477 -469 -471 -481 -484 -467 -438 -402 -359 -322 -304 -292 -279 -268 -257 -251 -268 -299 -316 -332 -352 -388 -424 -442 -457 -466 -469
-727 -726 -724 -722 -720 -718 -717 -716 -715 -713 -712 -710 -709 -708 -706 -702 -699 -696 -693 -689 -685 -680 -674 -669 -664 -660 -659 -657 -656 -654 -652 -650 -647 -645 -643 -641 -639 -638 -636 -632 -627 -624 -622 -620 -618 -619 -622 -623 -614 -598 -588 -582 -573 -567 -565 -559 -538 -513 -492 -475 -462 -451 -439 -431 -430 -439 -442 -426 -401 -374 -346 -307 -276 -256 -235 -208 -179 -172 -207 -260 -300 -338 -372 -396 -412 -423 -434 -439 -441
-721 -719 -717 -716 -714 -712 -710 -709 -709 -708 -706 -705 -704 -702 -700 -696 -693 -690 -687 -684 -680 -675 -669 -664 -659 -655 -653 -651 -649 -648 -647 -645 -643 -641 -640 -638 -637 -636 -635 -628 -621 -617 -616 -614 -614 -615 -616 -610 -596 -580 -572 -568 -558 -547 -537 -519 -492 -459 -436 -430 -426 -413 -397 -390 -392 -398 -394 -379 -354 -328 -310 -287 -250 -206 -163 -123 -99 -102 -150 -225 -291 -343 -376 -394 -404 -411 -416 -418 -419
-714 -712 -711 -709 -707 -705 -703 -702 -702 -702 -701 -699 -698 -696 -694 -691 -687 -684 -682 -679 -675 -669 -664 -659 -653 -650 -647 -645 -643 -641 -641 -640 -639 -638 -636 -635 -634 -634 -631 -623 -616 -612 -610 -608 -608 -608 -603 -594 -582 -573 -565 -557 -542 -521 -497 -469 -437 -400 -374 -374 -376 -361 -339 -329 -337 -345 -344 -332 -311 -291 -275 -255 -213 -145 -88 -73 -86 -104 -165 -248 -314 -359 -377 -386 -395 -403 -408 -412 -413
-707 -705 -704 -702 -700 -698 -696 -696 -696 -696 -695 -694 -693 -691 -688 -685 -681 -678 -676 -674 -670 -664 -658 -653 -647 -643 -641 -638 -636 -634 -634 -634 -634 -634 -634 -633 -632 -629 -622 -617 -613 -608 -603 -600 -598 -592 -579 -575 -571 -558 -547 -533 -512 -486 -458 -420 -373 -332 -308 -302 -299 -288 -275 -272 -275 -278 -287 -288 -271 -252 -232 -200 -148 -83 -50 -66 -98 -151 -229 -299 -339 -356 -367 -376 -387 -399 -410 -419 -432
-700 -698 -697 -696 -695 -693 -692 -692 -692 -691 -689 -688 -687 -685 -682 -679 -676 -673 -670 -667 -663 -658 -652 -647 -641 -637 -634 -631 -628 -627 -627 -628 -629 -631 -632 -630 -628 -623 -617 -613 -610 -604 -596 -585 -575 -568 -551 -548 -547 -523 -505 -490 -462 -433 -414 -378 -323 -275 -248 -234 -224 -220 -221 -223 -220 -215 -221 -229 -217 -192 -166 -125 -83 -42 -41 -67 -108 -188 -269 -316 -335 -344 -354 -367 -383 -403 -424 -438 -456
-693 -691 -691 -690 -690 -689 -689 -688 -687 -684 -682 -681 -681 -680 -677 -674 -672 -668 -664 -661 -657 -652 -646 -640 -634 -630 -626 -623 -620 -619 -619 -621 -624 -628 -630 -628 -624 -618 -610 -605 -602 -597 -585 -566 -548 -537 -524 -513 -503 -471 -441 -429 -405 -373 -353 -331 -283 -234 -205 -188 -172 -162 -162 -162 -154 -144 -140 -148 -147 -125 -97 7 3 -32 -49 -78 -126 -211 -279 -308 -328 -342 -354 -370 -390 -412 -437 -451 -454
-687 -685 -684 -684 -684 -684 -683 -681 -679 -677 -675 -674 -674 -674 -672 -669 -666 -664 -660 -656 -652 -646 -639 -633 -627 -623 -619 -615 -612 -610 -610 -614 -618 -622 -622 -618 -613 -605 -596 -591 -584 -570 -553 -533 -513 -494 -471 -453 -449 -426 -381 -358 -345 -312 -280 -264 -240 -206 -175 -146 -116 -100 -96 -93 -89 -82 -73 -73 -79 -72 -53 -27 -23 -39 -70 -119 -197 -266 -300 -318 -338 -355 -368 -384 -402 -415 -424 -433 -443
-680 -678 -677 -677 -678 -678 -676 -674 -671 -669 -667 -666 -667 -667 -667 -665 -662 -659 -656 -650 -644 -638 -633 -627 -622 -617 -613 -609 -604 -600 -598 -600 -604 -606 -603 -596 -590 -583 -574 -563 -544 -512 -484 -471 -462 -453 -424 -384 -375 -368 -323 -280 -267 -247 -217 -202 -194 -173 -135 -95 -65 -53 -52 -52 -52 -51 -44 -39 -41 -40 -25 -20 -37 -73 -120 -183 -245 -281 -307 -329 -347 -362 -374 -385 -397 -405 -415 -432 -453
-674 -671 -670 -670 -671 -670 -668 -666 -663 -661 -659 -658 -658 -659 -659 -660 -658 -656 -651 -644 -634 -627 -623 -619 -614 -609 -607 -604 -600 -592 -582 -576 -575 -578 -579 -569 -555 -551 -541 -520 -494 -453 -409 -394 -392 -397 -375 -316 -279 -276 -249 -203 -190 -182 -160 -142 -135 -119 -82 -48 -35 -32 -33 3 -14 -5 8 5 -16 -25 -42 -50 -70 -131 -196 -242 -275 -295 -311 -326 -340 -356 -371 -384 -396 -411 -427 -442 -458
-667 -664 -662 -662 -663 -663 -660 -658 -656 -654 -652 -651 -650 -650 -650 -651 -652 -650 -645 -633 -618 -610 -608 -606 -602 -601 -602 -599 -593 -581 -565 -549 -540 -543 -544 -528 -510 -508 -498 -469 -443 -406 -351 -321 -316 -324 -316 -258 -201 -183 -168 -141 -123 -113 -100 -87 -79 -66 1 16 24 26 21 15 14 14 9 5 -16 -23 -44 -69 -108 -163 -205 -235 -263 -282 -301 -318 -332 -346 -363 -379 -392 -401 -412 -423 -436
-662 -659 -656 -655 -655 -655 -652 -650 -649 -648 -647 -645 -643 -642 -640 -640 -641 -639 -630 -615 -599 -593 -592 -591 -591 -594 -592 -583 -571 -557 -539 -515 -496 -491 -484 -466 -450 -442 -432 -407 -370 -332 -296 -260 -240 -240 -241 -200 -139 -109 -100 -93 -83 -75 -67 -55 -39 9 38 56 66 67 57 41 23 12 5 -15 -19 -33 -55 -76 -104 -135 -175 -220 -252 -272 -291 -306 -318 -333 -350 -366 -374 -377 -385 -395 -405
-657 -653 -651 -649 -648 -646 -643 -641 -640 -641 -640 -638 -635 -631 -627 -626 -627 -623 -609 -594 -587 -584 -581 -580 -582 -580 -566 -544 -527 -509 -485 -454 -429 -419 -409 -389 -367 -351 -336 -319 -285 -244 -214 -184 -161 -157 -168 -148 -97 -65 -57 -58 -58 -53 -42 -31 20 48 71 81 87 86 73 44 17 5 -10 -14 -23 -36 -52 -65 -82 -114 -167 -215 -242 -262 -277 -291 -306 -320 -333 -344 -350 -354 -361 -367 -373
-652 -648 -645 -643 -642 -638 -634 -631 -630 -631 -632 -631 -626 -618 -612 -610 -609 -603 -593 -584 -580 -578 -574 -570 -566 -554 -526 -490 -464 -445 -420 -384 -351 -337 -336 -312 -275 -255 -240 -231 -210 -171 -139 -114 -96 -89 -95 -85 4 4 -38 -38 -37 3 14 27 52 89 106 106 102 97 72 34 9 2 -13 -16 -23 -30 -40 -53 -75 -121 -178 -216 -236 -253 -270 -286 -299 -308 -316 -323 -333 -338 -338 -338 -342
-647 -645 -641 -639 -636 -632 -626 -622 -619 -619 -621 -622 -616 -603 -595 -595 -592 -584 -575 -566 -561 -557 -552 -547 -535 -514 -480 -438 -407 -388 -361 -315 -273 -255 -267 -252 -204 -180 -168 -152 -132 -108 -84 -64 -53 -48 -42 7 12 9 13 -22 19 30 49 80 104 121 119 110 87 74 50 19 5 1 -9 -15 -23 -28 -35 -48 -73 -120 -176 -212 -230 -247 -264 -278 -287 -295 -305 -315 -320 -320 -314 -310 -308
-643 -641 -637 -634 -630 -625 -620 -617 -613 -610 -609 -607 -598 -585 -581 -583 -578 -566 -548 -530 -517 -504 -493 -491 -483 -458 -422 -381 -346 -317 -276 -224 -187 -176 -199 -196 -149 -118 -104 -90 -74 -61 -49 -40 -34 -28 -20 15 29 30 33 37 36 43 59 73 93 108 90 78 62 44 26 9 2 -8 -14 -19 -28 -36 -45 -54 -72 -113 -170 -211 -231 -248 -262 -273 -282 -293 -303 -307 -306 -301 -294 -289 -291
-637 -635 -632 -628 -624 -618 -615 -613 -610 -605 -597 -583 -568 -564 -566 -560 -546 -526 -502 -482 -465 -441 -414 -403 -399 -385 -358 -314 -270 -229 -177 -130 -106 -101 -122 -129 -101 -74 -61 -52 -42 -34 -28 -26 -24 3 17 67 44 53 80 86 73 65 68 95 115 108 98 77 57 42 28 14 4 -15 -19 -26 -34 -40 -46 -58 -83 -124 -177 -220 -244 -260 -268 -274 -282 -291 -297 -299 -298 -296 -297 -308 -328
-629 -630 -628 -624 -620 -615 -612 -610 -605 -597 -584 -561 -540 -534 -532 -514 -490 -463 -435 -418 -404 -380 -341 -310 -295 -288 -280 -245 -195 -150 -102 -66 -51 -47 -56 -65 -57 -43 -32 -28 -25 10 22 31 50 83 98 54 53 76 110 120 128 124 102 106 89 74 103 99 75 57 42 20 7 -15 -19 -26 -37 -45 -57 -83 -118 -157 -203 -240 -267 -282 -281 -279 -284 -295 -308 -319 -304 -312 -361 -413 -467
-623 -623 -619 -614 -610 -608 -605 -600 -593 -584 -567 -541 -510 -488 -476 -454 -424 -394 -365 -338 -316 -303 -279 -236 -200 -181 -176 -161 -121 -78 -49 3 5 6 7 6 10 -21 -19 11 26 47 65 67 77 107 100 69 70 107 137 126 79 60 46 46 38 47 80 112 89 69 44 20 10 -15 -17 -24 -36 -54 -86 -134 -177 -210 -248 -283 -301 -309 -304 -296 -302 -326 -364 -404 -334 -366 -497 -547 -601
-617 -615 -606 -593 -586 -585 -582 -572 -567 -561 -539 -500 -456 -423 -399 -382 -361 -332 -297 -252 -215 -207 -202 -171 -130 -100 -84 -71 -49 3 6 8 12 16 19 19 23 29 46 57 78 102 110 116 123 133 122 105 88 117 101 58 41 32 28 29 26 34 61 112 97 68 35 13 -9 -15 -18 -26 -44 -73 -127 -199 -249 -282 -320 -347 -352 -352 -346 -338 -354 -403 -461 -519 -583 -615 -627 -660 -694
