data/processed_DEMs/100_100_6360.asc
ncols        100
nrows        100
xllcorner    23.462500000000
yllcorner    35.366666666667
cellsize     0.004166666667
NODATA_value -32767
[rows 41 to 81 of 100, columns 0 to 92 of 100]
-434 -447 -453 -449 -459 -485 -517 -571 -575 -591 -602 -621 -642 -682 -725 -747 -762 -791 -836 -905 -897 -889 -869 -801 -783 -790 -74 54 34 26 -10 -18 -19 99 96 -20 -49 -109 -174 -241 -304 -359 -410 -451 -470 -466 -452 -430 -404 -374 -340 -294 -240 -180 -139 -111 -87 -62 -35 -16 152 238 288 357 527 548 540 522 483 425 365 298 224 176 119 -16 -20 -32 -48 -64 -77 -88 -84 -98 -105 -106 -105 -106 -106 -106 -107 -108 -109
-390 -380 -363 -358 -365 -388 -439 -485 -520 -554 -601 -616 -647 -690 -745 -768 -785 -817 -876 -913 -907 -900 -888 -855 -799 -774 -108 24 39 13 -8 -15 49 127 106 -21 -40 -83 -145 -212 -274 -333 -392 -442 -470 -466 -452 -428 -400 -369 -334 -289 -234 -175 -133 -105 -80 -53 -27 104 183 246 285 419 576 569 533 504 457 431 401 328 254 198 131 -15 -17 -30 -48 -66 -82 -93 -91 -96 -100 -105 -101 -101 -101 -102 -103 -103 -105
-366 -332 -288 -276 -270 -287 -326 -407 -458 -515 -569 -622 -665 -729 -770 -804 -821 -844 -872 -913 -919 -901 -877 -840 -779 -393 -124 30 -21 -9 -9 -13 102 160 127 -13 -24 -69 -130 -195 -259 -319 -374 -423 -453 -450 -439 -417 -391 -364 -333 -290 -236 -177 -134 -105 -79 -53 -27 47 113 220 281 460 650 626 550 508 455 432 415 342 263 171 99 42 -16 -26 -46 -65 -83 -91 -96 -94 -96 -102 -102 -101 -101 -101 -98 -99 -101
-361 -304 -220 -191 -173 -189 -217 -346 -428 -507 -541 -607 -659 -759 -805 -845 -848 -861 -875 -918 -933 -895 -861 -827 -765 -690 -88 -14 -22 -9 -14 54 151 149 90 -35 -26 -65 -127 -193 -256 -313 -357 -395 -417 -418 -410 -394 -373 -352 -328 -294 -247 -185 -140 -109 -82 -53 -25 19 73 193 342 505 624 625 555 517 483 443 408 342 265 195 130 64 -16 -23 -43 -62 -78 -85 -92 -88 -89 -90 -90 -91 -92 -97 -98 -99 -100
-338 -248 -146 -130 -119 -87 -153 -301 -422 -516 -574 -629 -645 -777 -840 -874 -902 -905 -929 -961 -952 -900 -857 -822 -764 -681 -58 7 7 3 6 58 109 58 28 -56 -13 -60 -128 -194 -258 -306 -338 -364 -375 -376 -373 -362 -347 -330 -312 -284 -244 -185 -139 -106 -78 -48 -19 -10 68 228 459 578 627 619 557 520 475 441 391 343 273 211 140 61 -14 -23 -42 -62 -72 -79 -79 -81 -83 -84 -85 -85 -86 -87 -88 -90 -91
-295 -186 -71 44 -140 -34 -128 -273 -438 -530 -617 -628 -678 -758 -875 -939 -988 -992 -990 -993 -978 -933 -853 -820 -768 -711 -69 -13 32 9999 19 55 126 66 -18 -31 -34 -67 -131 -192 -247 -286 -309 -329 -333 -334 -333 -325 -312 -298 -281 -252 -214 -166 -122 -96 -72 -49 -27 -13 84 253 458 573 622 628 566 534 465 431 375 308 243 186 156 73 -13 -21 -41 -60 -67 -72 -70 -73 -77 -78 -79 -80 -81 -82 -83 -84 -85
-275 -154 -40 56 -18 -13 -149 -334 -492 -575 -651 -654 -703 -774 -883 -979 -1016 -1018 -1013 -1003 -989 -956 -870 -803 -755 -705 -115 -19 60 38 5 58 151 94 -11 -22 -42 -76 -126 -173 -213 -251 -273 -289 -296 -296 -292 -283 -273 -259 -241 -215 -181 -143 -106 -88 -70 -51 -33 -19 40 133 275 419 546 624 578 545 464 412 357 259 192 150 134 60 -13 -17 -36 -54 -64 -67 -62 -67 -71 -72 -73 -74 -75 -76 -77 -78 -79
-311 -175 17 -24 -40 -84 -238 -451 -569 -639 -687 -692 -736 -809 -886 -958 -1020 -1028 -1023 -1014 -1003 -955 -811 -710 -725 -680 -162 -60 25 56 82 115 192 99 18 -18 -29 -61 -99 -137 -174 -209 -231 -248 -256 -256 -250 -242 -233 -219 -202 -180 -152 -122 -95 -76 -58 -42 -28 -17 17 50 158 276 410 583 591 519 450 408 370 228 157 129 123 53 -13 -16 -21 -41 -56 -58 -56 -62 -65 -67 -68 -69 -69 -70 -71 -72 -73
-386 -232 -137 -89 -85 -191 -342 -531 -639 -675 -700 -708 -746 -813 -890 -944 -1008 -1039 -1037 -1026 -1005 -956 -823 -627 -639 -650 -199 -95 16 64 68 226 244 137 66 -17 -19 -41 -75 -108 -141 -170 -192 -209 -218 -217 -210 -203 -197 -186 -170 -151 -128 -103 -79 -61 -45 -34 -28 -19 -9 38 81 173 329 553 589 484 417 395 392 255 154 110 102 43 -13 -17 -21 -38 -48 -52 -54 -55 -60 -62 -64 -64 -64 -65 -65 -66 -67
-462 -302 -202 -163 -177 -261 -380 -530 -651 -676 -691 -708 -737 -779 -850 -926 -996 -1041 -1045 -1026 -993 -912 -750 -572 -569 -337 -212 -103 -24 81 201 357 277 148 56 -15 -19 -19 -63 -90 -117 -142 -162 -177 -185 -183 -176 -171 -166 -158 -146 -128 -108 -85 -64 -48 -39 -34 -29 -22 -18 -12 28 137 330 529 551 469 395 353 387 295 165 112 96 38 -11 -16 -23 -40 -41 -42 -45 -49 -57 -61 -63 -64 -64 -64 -59 -60 -61
-528 -377 -313 -265 -269 -319 -390 -502 -544 -665 -703 -712 -735 -769 -816 -884 -980 -1049 -1057 -1016 -973 -862 -688 -562 -534 -295 -201 -114 -32 100 333 529 367 153 37 -12 -14 -19 -51 -76 -101 -124 -144 -154 -158 -155 -150 -146 -141 -133 -123 -108 -91 -72 -53 -41 -37 -37 -34 -27 -22 -14 6 162 351 484 484 417 347 309 344 314 170 126 127 57 -10 -17 -21 -34 -36 -38 -40 -42 -43 -47 -48 -49 -50 -51 -53 -60 -60
-578 -444 -370 -341 -343 -365 -398 -413 -532 -653 -705 -718 -741 -775 -809 -872 -969 -1054 -1075 -1029 -954 -849 -654 -527 -362 -271 -188 -109 -41 84 363 607 448 227 104 53 -11 -20 -41 -65 -90 -116 -133 -138 -137 -134 -129 -127 -123 -115 -104 -93 -81 -65 -49 -42 -40 -42 -40 -34 -28 -23 -17 139 332 406 399 342 291 262 282 282 156 114 83 33 -10 -18 -22 -32 -35 -36 -35 -36 -37 -39 -40 -41 -42 -44 -51 -44 -46
-629 -500 -392 -378 -383 -378 -390 -434 -516 -640 -693 -716 -738 -770 -814 -897 -985 -1054 -1094 -1037 -979 -870 -689 -552 -352 -241 -160 -83 32 116 358 627 499 270 152 101 -16 -18 -33 -57 -84 -109 -122 -127 -126 -123 -119 -116 -112 -105 -95 -86 -76 -65 -53 -47 -47 -50 -46 -39 -32 -26 -18 124 321 385 360 332 286 252 257 252 172 142 99 39 -12 -16 -19 -27 -29 -30 -32 -34 -36 -38 -39 -39 -40 -41 -35 -36 -37
-865 -686 -591 -444 -422 -403 -409 -430 -493 -577 -659 -702 -728 -762 -829 -922 -998 -1064 -1106 -1036 -973 -876 -698 -591 -328 -210 -127 -46 72 191 394 615 500 335 183 66 -18 -12 -29 -59 -84 -101 -110 -117 -120 -119 -117 -113 -107 -101 -93 -84 -74 -65 -57 -52 -53 -56 -52 -43 -35 -27 9 118 306 355 315 294 260 225 237 229 182 159 117 57 -11 -12 -17 -20 -23 -25 -26 -28 -30 -31 -31 -31 -32 -32 -33 -34 -34
-837 -678 -670 -655 -585 -446 -430 -440 -463 -506 -579 -677 -728 -787 -874 -940 -1012 -1084 -1113 -1059 -982 -958 -740 -605 -308 -193 -81 -26 122 255 470 636 514 439 254 83 -3 -12 -35 -64 -79 -91 -100 -106 -109 -111 -112 -109 -102 -97 -93 -83 -72 -63 -55 -53 -54 -60 -56 -47 -38 -29 17 69 207 299 275 263 228 207 228 234 188 174 131 45 -7 -8 -12 -14 -16 -18 -20 -23 -24 -25 -26 -25 -25 -26 -27 -27 -28
-949 -710 -687 -693 -668 -545 -495 -490 -490 -513 -554 -616 -707 -801 -917 -976 -1017 -1089 -1124 -1105 -985 -932 -737 -566 -294 -172 -50 83 185 313 470 607 551 467 298 101 -32 -25 -42 -57 -67 -77 -88 -93 -95 -97 -99 -98 -92 -88 -85 -78 -69 -60 -53 -52 -54 -60 -55 -47 -38 -30 19 49 94 210 227 233 205 204 224 218 186 185 132 52 11 -5 -8 -10 -12 -13 -15 -17 -18 -19 -20 -21 -21 -21 -23 -24 -24
-1022 -753 -709 -725 -755 -774 -689 -597 -537 -534 -598 -673 -703 -787 -956 -1030 -1058 -1084 -1129 -1120 -996 -929 -706 -568 -263 -135 -37 97 288 450 575 645 536 418 292 106 18 -38 -47 -53 -58 -68 -75 -79 -82 -83 -84 -82 -79 -76 -74 -69 -64 -59 -54 -53 -56 -58 -51 -43 -35 -27 17 45 58 167 204 208 199 203 197 206 186 188 144 85 14 1 -5 -7 -8 -9 -10 -11 -13 -14 -15 -16 -17 -17 -18 -20 -21
-898 -734 -722 -763 -786 -836 -841 -735 -618 -575 -665 -737 -760 -823 -975 -1062 -1085 -1085 -1130 -1138 -1024 -955 -883 -678 -240 -79 90 197 449 541 538 589 514 401 284 130 2 -41 -42 -51 -54 -62 -65 -67 -69 -70 -70 -69 -68 -67 -64 -61 -59 -57 -54 -54 -54 -53 -47 -38 -31 -23 15 42 124 199 228 204 184 161 155 165 132 124 107 71 20 6 3 3 -5 -6 -7 -8 -8 -9 -10 -11 -11 -12 -13 -15 -18
-1045 -775 -727 -783 -809 -854 -895 -848 -730 -611 -690 -783 -813 -810 -920 -1073 -1116 -1099 -1139 -1144 -1005 -876 -767 -675 -529 53 140 289 525 578 511 476 471 379 260 120 6 -35 -41 -48 -54 -53 -55 -56 -57 -58 -59 -58 -59 -59 -57 -56 -55 -53 -51 -49 -47 -46 -42 -35 -29 -22 8 96 211 228 246 205 166 130 120 140 132 91 55 40 23 14 8 8 7 4 3 2 1 -6 3 3 3 -7 -7 -10 -12
-1193 -919 -768 -820 -855 -887 -958 -949 -728 -648 -735 -815 -866 -832 -961 -1095 -1174 -1165 -1179 -1171 -1067 -844 -690 -564 15 90 131 289 523 531 454 383 398 309 179 62 4 -22 -34 -43 -47 -44 -44 -35 -46 -49 -49 -49 -51 -51 -50 -50 -49 -47 -45 -42 -40 -38 -36 -32 -27 -21 -11 96 203 233 263 206 145 116 100 107 100 76 71 57 36 18 14 18 19 17 12 12 11 12 8 5 6 6 -2 -4 -8
-1189 -965 -785 -875 -934 -965 -1022 -976 -741 -719 -827 -885 -924 -856 -992 -1114 -1214 -1219 -1207 -1181 -1076 -867 -728 -517 1 104 153 264 470 433 343 294 305 226 125 37 5 -13 -19 -30 -34 -37 -40 -42 -43 -47 -40 -42 -43 -43 -43 -42 -42 -40 -39 -36 -33 -31 -28 -25 -22 -19 16 111 204 222 258 204 143 126 111 116 137 114 87 79 42 22 28 40 35 26 25 26 29 25 12 11 21 17 10 6 4
-1222 -937 -797 -913 -981 -1025 -1063 -985 -773 -777 -877 -924 -969 -870 -994 -1133 -1242 -1258 -1241 -1184 -1068 -836 -667 -471 -308 70 95 217 393 383 268 222 246 168 77 24 6 -6 -14 -17 -21 -29 -32 -27 -20 -36 -32 -35 -35 -35 -35 -35 -35 -34 -33 -31 -28 -25 -22 -20 -19 5 22 122 207 204 251 191 138 140 129 149 176 156 123 89 43 27 50 70 52 46 60 62 54 42 18 27 57 42 23 16 12
-1257 -953 -788 -915 -1014 -1091 -1110 -1029 -817 -818 -919 -985 -1046 -921 -1021 -1156 -1266 -1298 -1268 -1174 -973 -792 -646 -456 3 50 36 160 310 299 227 189 198 171 84 25 6 -2 -9 -11 -13 -16 1 -15 -17 -28 -25 -26 -27 -27 -27 -28 -28 -27 -26 -25 -23 -20 -18 -16 -19 10 24 121 188 185 215 162 151 160 161 184 191 177 174 99 43 40 78 76 60 63 82 91 71 42 24 45 74 69 45 32 26
-1209 -941 -826 -930 -1047 -1117 -1171 -1096 -873 -854 -981 -1059 -1144 -1088 -1091 -1182 -1289 -1322 -1273 -1170 -965 -777 -619 -456 -98 21 26 128 250 254 217 171 151 132 75 31 15 9 6 4 -5 7 -10 -14 -14 -17 -19 -19 -19 -20 -20 -21 -22 -21 -20 -19 -17 -15 -13 -18 -16 11 49 159 141 124 132 139 151 164 174 177 195 199 144 78 41 62 93 71 80 73 105 105 84 41 36 61 79 87 79 57 52
-905 -841 -870 -924 -1060 -1147 -1247 -1198 -966 -929 -1043 -1138 -1244 -1271 -1199 -1231 -1327 -1345 -1274 -1166 -959 -784 -567 -425 -8 19 16 56 131 195 198 153 122 108 85 45 24 19 18 16 15 44 -7 -8 -14 -15 -18 -18 -18 -18 -18 -18 -14 -14 -13 -18 -18 -17 -15 -13 1 18 46 108 89 118 174 196 202 167 159 168 194 174 115 68 45 81 89 92 96 81 107 133 94 40 45 59 75 99 79 70 76
-918 -859 -861 -933 -1085 -1184 -1284 -1271 -1101 -1004 -1093 -1167 -1261 -1363 -1345 -1309 -1373 -1350 -1276 -1128 -930 -824 -257 -79 8 20 7 15 47 125 194 158 136 118 100 66 36 33 36 34 43 83 39 -4 -7 -12 -14 -14 -13 -13 -13 -13 -13 -12 -12 -11 -10 -8 -7 -6 2 13 50 79 94 146 191 237 229 187 167 180 194 147 103 69 53 88 107 120 120 102 126 141 90 43 58 84 77 96 89 91 87
-945 -900 -897 -982 -1136 -1232 -1312 -1328 -1190 -1067 -1122 -1190 -1290 -1400 -1425 -1391 -1400 -1345 -1259 -1114 -889 -801 -155 15 21 14 9 6 24 72 178 205 163 128 100 70 50 58 66 78 97 138 79 17 9 3 -8 -8 -8 -7 -7 -7 -7 -6 -6 1 2 3 5 6 10 49 81 89 110 164 211 226 221 187 176 182 178 138 100 66 65 108 123 149 132 124 146 122 71 42 67 98 97 104 117 109 91
-995 -960 -952 -1040 -1151 -1237 -1333 -1409 -1332 -1167 -1159 -1229 -1327 -1429 -1457 -1451 -1408 -1322 -1221 -1079 -877 -762 -89 24 10 -13 -19 -14 14 50 147 215 178 135 105 81 71 95 113 136 169 134 69 27 10 8 6 4 4 3 2 2 3 3 3 7 10 13 16 21 20 42 57 81 113 158 217 232 214 186 179 174 157 138 106 69 82 126 140 159 147 157 147 126 69 51 86 104 121 116 112 97 84
-1086 -1032 -1031 -1131 -1248 -1273 -1312 -1395 -1418 -1233 -1213 -1294 -1398 -1474 -1483 -1464 -1387 -1278 -1149 -992 -826 -699 -72 -22 -25 -19 -20 -14 9 35 97 199 176 132 105 107 100 141 195 203 174 113 92 47 23 20 23 22 17 13 12 12 16 18 10 17 20 24 30 53 60 46 31 59 89 139 211 230 213 184 180 173 146 130 102 73 110 153 167 180 177 157 119 86 55 61 72 106 132 147 127 106 105
-1191 -1106 -1111 -1144 -1250 -1313 -1379 -1433 -1521 -1335 -1273 -1399 -1488 -1495 -1483 -1444 -1347 -1210 -1066 -909 -748 -590 24 -15 -28 -17 -16 -12 10 29 78 189 201 143 137 137 149 224 260 263 188 144 127 61 34 36 52 62 40 36 28 30 30 29 16 34 49 64 62 110 122 62 50 57 63 121 176 237 208 171 160 159 147 123 90 81 119 176 207 191 160 128 101 67 70 101 92 87 132 164 137 133 130
-1253 -1285 -1196 -1205 -1282 -1351 -1447 -1506 -1559 -1473 -1428 -1503 -1507 -1499 -1465 -1388 -1282 -1136 -1023 -842 -681 -522 -40 -9 -18 -14 -11 -8 8 24 81 200 222 183 176 156 198 279 308 267 203 185 113 74 51 83 116 113 59 65 78 75 50 44 22 44 90 124 120 118 106 66 104 101 56 74 119 173 192 184 170 168 150 113 102 99 127 199 221 170 137 111 85 68 95 135 146 95 131 181 169 167 173
-1364 -1356 -1310 -1313 -1334 -1390 -1484 -1560 -1570 -1543 -1529 -1529 -1514 -1479 -1420 -1326 -1235 -1144 -1043 -920 -747 -521 -31 -6 1 -8 -8 1 12 29 98 210 217 194 196 197 240 305 311 241 175 134 118 95 70 119 167 128 70 96 113 113 72 50 33 46 118 162 163 127 97 83 126 108 99 127 218 197 190 205 204 180 138 124 134 116 147 208 216 166 129 105 80 83 120 144 181 112 126 198 193 208 225
-1625 -1506 -1436 -1415 -1458 -1510 -1519 -1570 -1574 -1564 -1551 -1536 -1509 -1457 -1392 -1307 -1212 -1132 -1038 -917 -776 -131 -20 23 26 4 9 14 22 41 113 212 213 198 217 279 333 337 290 221 170 161 136 108 94 164 183 113 80 135 154 145 120 70 59 42 101 162 165 144 125 114 141 156 189 190 257 277 226 213 213 173 137 161 160 128 165 220 192 153 121 98 80 100 151 178 202 125 119 200 239 226 195
-1732 -1603 -1468 -1470 -1535 -1567 -1573 -1581 -1580 -1559 -1551 -1536 -1501 -1450 -1377 -1288 -1188 -1088 -984 -871 -746 -88 22 47 4 12 21 27 33 56 146 232 222 219 271 357 389 340 272 197 197 187 157 119 150 170 125 86 121 171 185 159 112 86 109 63 60 103 152 212 192 146 158 205 223 219 272 303 220 217 222 178 145 173 163 146 146 185 187 149 120 97 86 123 185 209 208 139 115 179 237 220 208
-1810 -1690 -1502 -1520 -1590 -1614 -1608 -1594 -1587 -1561 -1555 -1537 -1505 -1460 -1390 -1289 -1156 -1028 -889 -783 -678 -77 6 9 9 21 33 41 47 78 174 251 244 261 337 414 398 330 238 197 213 191 143 138 176 137 144 104 142 222 196 133 90 125 132 79 48 88 159 228 207 195 207 217 278 326 235 232 209 221 235 186 167 203 187 172 168 209 205 161 125 101 97 136 213 251 208 155 123 168 225 255 207
-1829 -1743 -1569 -1586 -1632 -1640 -1625 -1605 -1591 -1573 -1550 -1524 -1497 -1461 -1400 -1295 -1146 -991 -854 -717 -593 -412 18 37 30 33 51 67 75 79 123 188 231 308 353 357 314 254 210 230 233 191 155 156 155 171 187 153 168 224 164 122 99 161 162 108 54 82 120 194 216 223 235 284 390 361 274 238 238 231 234 195 181 220 214 191 216 222 187 144 118 123 136 154 212 217 178 166 144 169 227 268 212
-1839 -1806 -1693 -1658 -1669 -1659 -1638 -1611 -1583 -1558 -1527 -1495 -1461 -1444 -1401 -1292 -1169 -1021 -848 -691 -570 -433 31 108 116 121 150 161 125 109 133 169 255 303 307 288 258 232 224 250 256 216 170 182 181 230 304 236 212 222 176 144 110 167 185 108 75 64 111 202 230 233 250 340 375 321 241 234 280 250 251 215 197 242 228 214 239 212 161 132 162 189 161 192 239 243 238 199 148 169 224 279 227
-1917 -1876 -1777 -1721 -1726 -1686 -1647 -1603 -1570 -1537 -1499 -1459 -1428 -1412 -1363 -1263 -1127 -991 -851 -719 -606 -94 50 154 190 175 190 209 173 156 202 237 314 361 333 312 288 256 264 282 248 206 208 219 216 274 277 199 250 252 192 149 122 176 209 152 113 71 113 173 233 256 279 313 278 231 198 235 284 270 265 236 210 256 276 258 251 206 151 172 235 242 211 214 286 300 241 188 157 169 246 285 238
-1990 -1959 -1898 -1818 -1758 -1677 -1636 -1566 -1512 -1500 -1476 -1435 -1397 -1351 -1267 -1189 -1058 -917 -797 -697 -594 -132 27 73 125 131 147 172 208 259 311 347 375 383 394 386 337 339 352 356 338 322 316 281 244 228 183 208 282 259 203 171 147 170 200 149 102 79 123 182 233 271 303 285 240 225 208 265 300 296 277 236 222 258 309 292 253 185 167 214 287 313 255 245 315 314 233 186 157 156 196 247 296
-2124 -2050 -1994 -1858 -1683 -1612 -1577 -1520 -1439 -1413 -1436 -1412 -1359 -1301 -1230 -1138 -1011 -881 -784 -691 -565 -154 -29 29 47 34 72 159 267 357 461 512 516 508 563 511 426 439 469 474 436 474 498 432 331 230 206 254 294 232 237 239 187 201 196 129 96 105 122 211 249 276 309 291 275 240 222 273 285 310 274 233 268 317 312 273 216 201 226 210 294 316 258 284 333 302 239 212 193 157 176 231 301
-2249 -2121 -2010 -1859 -1715 -1608 -1522 -1461 -1449 -1449 -1445 -1406 -1352 -1286 -1213 -1118 -978 -873 -777 -695 -544 -143 -43 -22 -7 37 50 139 246 384 511 677 745 701 710 589 546 585 629 588 502 615 593 509 416 280 247 289 292 267 279 257 205 230 192 117 150 196 132 234 274 290 320 328 320 269 248 310 325 316 264 255 296 342 345 293 209 260 281 217 289 337 311 322 354 316 265 263 249 209 173 215 295
