data/processed_DEMs/175_175_20675.asc
ncols        175
nrows        175
xllcorner    8.712500000000
yllcorner    42.479166666667
cellsize     0.004166666667
NODATA_value -32767
[rows 37 to 73 of 175, columns 83 to 165 of 175]
-1876 -1851 -1840 -1834 -1828 -1826 -1802 -1789 -1786 -1783 -1776 -1768 -1752 -1729 -1686 -1663 -1622 -1566 -1526 -1485 -1403 -1330 -1294 -1241 -1167 -1037 -907 -841 -836 -776 -705 -662 -650 -635 -621 -613 -602 -582 -554 -525 -493 -459 -424 -393 -367 -335 -280 -204 -171 -150 -144 -138 -132 -124 -122 -121 -124 -128 -129 -121 -118 -112 -101 -92 -87 -85 -86 -86 -85 -84 -85 -85 -87 -87 -87 -103 -102 -98 -92 -79 -72 -69 -70
-1917 -1909 -1887 -1880 -1869 -1854 -1831 -1799 -1780 -1766 -1755 -1743 -1729 -1704 -1685 -1664 -1641 -1613 -1593 -1546 -1485 -1422 -1346 -1281 -1185 -1092 -1013 -1032 -971 -897 -851 -793 -756 -742 -704 -652 -620 -591 -560 -528 -496 -462 -429 -407 -381 -354 -322 -264 -219 -189 -174 -166 -146 -139 -140 -140 -139 -136 -129 -120 -107 -100 -92 -87 -85 -81 -78 -76 -77 -76 -76 -79 -79 -77 -75 -87 -94 -90 -78 -68 -64 -61 -58
-1950 -1930 -1911 -1892 -1855 -1833 -1820 -1809 -1802 -1782 -1766 -1756 -1734 -1709 -1678 -1655 -1636 -1592 -1542 -1511 -1465 -1413 -1370 -1321 -1246 -1199 -1153 -1115 -1062 -1054 -1006 -950 -930 -915 -844 -753 -678 -620 -592 -549 -506 -473 -453 -450 -432 -403 -375 -355 -338 -324 -288 -239 -219 -207 -199 -192 -176 -160 -144 -134 -107 -91 -87 -82 -77 -69 -69 -69 -73 -70 -70 -71 -71 -75 -84 -83 -82 -68 -58 -56 -56 -57 -58
-1938 -1912 -1884 -1852 -1825 -1804 -1787 -1776 -1768 -1764 -1749 -1734 -1717 -1702 -1681 -1663 -1648 -1634 -1607 -1572 -1524 -1482 -1423 -1346 -1288 -1257 -1252 -1212 -1171 -1125 -1072 -1019 -1007 -1000 -931 -849 -781 -770 -732 -665 -593 -525 -516 -532 -507 -459 -440 -466 -487 -496 -455 -388 -418 -413 -421 -400 -316 -219 -163 -138 -112 -94 -87 -83 -75 -67 -60 -61 -62 -67 -70 -71 -71 -78 -83 -80 -75 -65 -57 -53 -53 -54 -51
-1951 -1918 -1895 -1878 -1851 -1812 -1785 -1780 -1756 -1750 -1731 -1706 -1693 -1678 -1652 -1632 -1613 -1602 -1594 -1566 -1543 -1542 -1491 -1425 -1373 -1344 -1308 -1261 -1190 -1119 -1088 -1087 -1059 -1053 -1036 -997 -900 -897 -863 -798 -720 -648 -615 -615 -603 -604 -627 -643 -686 -703 -669 -643 -639 -620 -595 -533 -456 -343 -215 -158 -130 -107 -91 -82 -71 -64 -56 -51 -53 -58 -62 -68 -68 -71 -73 -69 -68 -68 -63 -57 -53 -49 -49
-2022 -1933 -1903 -1886 -1859 -1839 -1811 -1799 -1779 -1756 -1732 -1691 -1676 -1653 -1637 -1607 -1579 -1554 -1536 -1510 -1478 -1463 -1432 -1403 -1355 -1308 -1264 -1218 -1215 -1213 -1194 -1174 -1148 -1127 -1106 -1060 -1030 -981 -945 -910 -862 -741 -731 -775 -781 -800 -828 -841 -832 -803 -763 -736 -709 -679 -640 -600 -539 -480 -414 -313 -181 -120 -91 -78 -65 -57 -52 3 -49 -50 -56 -65 -64 -65 -63 -63 -60 -59 -61 -55 -48 -42 -42
-2115 -1952 -1903 -1889 -1866 -1851 -1831 -1823 -1804 -1782 -1750 -1731 -1714 -1686 -1645 -1619 -1601 -1562 -1552 -1509 -1489 -1446 -1410 -1361 -1345 -1332 -1329 -1294 -1263 -1245 -1236 -1215 -1198 -1173 -1136 -1097 -1078 -1071 -1037 -986 -927 -903 -894 -900 -926 -913 -882 -841 -793 -745 -698 -675 -650 -638 -620 -592 -550 -503 -441 -360 -203 -138 -104 -85 -68 -57 -52 6 -48 -49 -50 -57 -55 -54 -55 -56 -54 -52 -53 -48 -41 -36 -34
-2068 -1941 -1894 -1876 -1863 -1854 -1842 -1820 -1806 -1784 -1758 -1740 -1719 -1695 -1663 -1646 -1614 -1575 -1534 -1508 -1481 -1444 -1414 -1389 -1382 -1379 -1355 -1319 -1287 -1250 -1226 -1214 -1195 -1167 -1159 -1145 -1122 -1087 -1061 -1020 -1009 -1000 -979 -946 -907 -875 -813 -751 -695 -647 -615 -635 -566 -555 -535 -520 -518 -494 -439 -362 -263 -145 -107 -92 -70 -55 -50 7 -47 -49 -52 -52 -49 -49 -51 -52 -52 -49 -44 -42 -37 -33 -29
-1994 -1924 -1892 -1852 -1822 -1818 -1813 -1790 -1769 -1761 -1755 -1738 -1710 -1685 -1658 -1623 -1586 -1547 -1522 -1495 -1458 -1437 -1430 -1444 -1422 -1380 -1331 -1291 -1225 -1187 -1177 -1173 -1160 -1127 -1111 -1054 -1060 -1076 -1077 -1062 -1032 -986 -941 -889 -853 -801 -732 -669 -569 -473 -429 -475 -523 -509 -403 -404 -432 -440 -417 -349 -251 -132 -100 -87 -69 -54 -48 -45 -46 -49 -48 -47 -46 -48 -49 -50 -49 -47 -42 -37 -35 -34 -29
-1945 -1920 -1886 -1832 -1799 -1793 -1788 -1774 -1767 -1745 -1721 -1705 -1695 -1675 -1620 -1582 -1557 -1541 -1519 -1479 -1478 -1478 -1472 -1431 -1368 -1319 -1288 -1261 -1217 -1168 -1131 -1119 -1112 -1096 -1029 -959 -897 -861 -887 -887 -897 -838 -783 -792 -721 -694 -640 -564 -467 -316 -221 -215 -278 -248 -249 -274 -334 -365 -367 -328 -166 -111 -82 -79 -71 -56 -49 -49 -48 -44 -42 -43 -41 -43 -45 -44 -43 -41 4 -31 -27 -26 -23
-1942 -1911 -1873 -1832 -1821 -1812 -1793 -1766 -1754 -1738 -1718 -1694 -1665 -1657 -1634 -1615 -1563 -1528 -1510 -1507 -1501 -1492 -1466 -1429 -1380 -1341 -1306 -1265 -1224 -1184 -1129 -1062 -1023 -971 -895 -832 -779 -710 -707 -772 -738 -672 -630 -627 -597 -535 -515 -453 -365 -249 -136 -96 -105 -106 -112 -177 -250 -292 -300 -258 -157 -107 -72 -58 -57 -59 -52 -46 -42 -35 -32 -33 -37 2 16 12 42 51 35 7 7 4 3
-1939 -1914 -1888 -1856 -1849 -1834 -1818 -1794 -1760 -1739 -1723 -1689 -1649 -1641 -1615 -1599 -1598 -1597 -1557 -1523 -1515 -1495 -1454 -1399 -1342 -1305 -1280 -1239 -1184 -1119 -972 -889 -830 -824 -775 -722 -664 -592 -584 -624 -600 -540 -473 -454 -435 -389 -287 -209 -128 -88 -72 -66 -64 -63 -70 -95 -155 -199 -209 -173 -131 -100 -73 -57 -52 -50 -47 -43 -36 -29 7 23 48 38 40 29 70 91 33 10 25 24 14
-1923 -1915 -1893 -1856 -1844 -1834 -1821 -1789 -1759 -1737 -1718 -1709 -1669 -1659 -1649 -1626 -1608 -1595 -1571 -1559 -1551 -1500 -1454 -1404 -1348 -1286 -1231 -1174 -1082 -897 -828 -789 -742 -713 -665 -607 -547 -497 -478 -484 -477 -433 -351 -292 -270 -187 -125 -88 -77 -72 -63 -55 -54 -52 -54 -56 -75 -104 -111 -116 -113 -107 -79 -58 -50 -46 -44 -40 -32 33 65 88 109 113 93 60 109 92 26 34 80 63 21
-1906 -1896 -1871 -1860 -1843 -1835 -1805 -1785 -1742 -1725 -1718 -1707 -1681 -1673 -1654 -1648 -1645 -1616 -1603 -1570 -1543 -1520 -1480 -1424 -1361 -1276 -1179 -1053 -926 -803 -736 -694 -669 -627 -556 -493 -441 -398 -377 -339 -320 -303 -228 -164 -146 -109 -83 -72 -64 -55 -53 -51 -47 -49 -44 -40 -49 -53 -65 -87 -104 -100 -92 -59 -46 -44 2 41 71 98 105 186 258 265 218 128 104 71 31 50 99 73 20
-1888 -1871 -1863 -1838 -1825 -1822 -1792 -1761 -1749 -1724 -1707 -1700 -1675 -1656 -1650 -1639 -1622 -1606 -1602 -1605 -1559 -1493 -1450 -1411 -1322 -1228 -1072 -912 -779 -721 -688 -647 -599 -518 -399 -315 -327 -326 -324 -336 -343 -319 -238 -156 -108 -83 -80 -71 -64 -55 -50 -48 -46 -38 -41 -35 -33 -49 -56 -64 -88 -92 -88 -61 -45 -40 62 123 111 211 211 273 296 277 221 166 145 76 42 73 139 119 51
-1859 -1854 -1844 -1813 -1797 -1786 -1775 -1764 -1756 -1729 -1708 -1692 -1681 -1667 -1644 -1628 -1617 -1605 -1595 -1571 -1540 -1496 -1422 -1362 -1264 -1153 -991 -796 -700 -670 -651 -617 -576 -492 -407 -392 -361 -373 -408 -454 -462 -417 -329 -172 -106 -83 -80 -79 -75 -67 -61 -49 -45 -44 -37 -35 -31 -45 -54 -58 -61 -62 -68 -62 -48 24 95 159 72 167 232 261 277 280 273 226 140 73 71 131 208 196 118
-1820 -1832 -1822 -1800 -1775 -1774 -1770 -1756 -1747 -1729 -1711 -1695 -1686 -1679 -1666 -1663 -1637 -1602 -1585 -1553 -1523 -1481 -1409 -1312 -1174 -1099 -995 -863 -794 -713 -665 -634 -597 -558 -518 -476 -448 -498 -536 -552 -521 -477 -398 -374 -247 -154 -138 -106 -88 -79 -70 -59 -51 -45 -43 -39 -39 -43 -39 -44 -55 -58 -57 -58 -53 36 113 183 50 118 217 297 341 354 303 188 106 96 118 135 195 183 144
-1802 -1768 -1780 -1790 -1775 -1756 -1740 -1734 -1731 -1724 -1707 -1690 -1678 -1669 -1662 -1653 -1637 -1611 -1586 -1560 -1527 -1467 -1401 -1311 -1205 -1176 -1081 -985 -916 -817 -730 -677 -651 -639 -642 -632 -655 -699 -697 -667 -646 -649 -612 -546 -487 -368 -273 -204 -171 -173 -117 -82 -64 -46 -41 -38 -42 -54 -58 -58 -60 -59 -52 -49 -47 43 110 168 194 115 181 260 353 342 257 165 140 169 202 168 183 257 245
-1815 -1795 -1777 -1763 -1745 -1721 -1707 -1708 -1711 -1713 -1698 -1682 -1667 -1659 -1640 -1640 -1621 -1587 -1561 -1530 -1519 -1497 -1432 -1331 -1221 -1183 -1148 -1096 -1011 -902 -816 -776 -756 -745 -750 -771 -793 -806 -777 -784 -760 -731 -686 -642 -628 -534 -411 -357 -385 -321 -203 -121 -86 -68 -57 -54 -51 -55 -59 -61 -60 -54 -48 -46 -43 41 97 147 30 60 123 215 323 355 310 254 253 292 273 203 240 305 235
-1894 -1821 -1799 -1790 -1766 -1754 -1705 -1680 -1678 -1673 -1671 -1675 -1662 -1640 -1629 -1606 -1595 -1562 -1525 -1503 -1482 -1417 -1360 -1319 -1248 -1190 -1147 -1074 -1008 -974 -938 -944 -925 -922 -900 -889 -887 -862 -832 -850 -809 -766 -743 -756 -735 -634 -569 -537 -497 -432 -322 -210 -142 -109 -92 -76 -63 -58 -58 -60 -58 -56 -53 -50 -45 31 76 115 140 20 48 124 228 299 344 372 396 425 362 279 308 267 158
-1927 -1902 -1835 -1799 -1767 -1719 -1703 -1688 -1665 -1648 -1645 -1638 -1633 -1623 -1612 -1591 -1572 -1540 -1510 -1484 -1433 -1375 -1328 -1303 -1272 -1232 -1157 -1094 -1079 -1077 -1069 -1051 -989 -999 -987 -973 -964 -927 -908 -891 -843 -809 -821 -834 -769 -710 -662 -590 -524 -483 -433 -354 -292 -226 -146 -111 -76 -62 -59 -58 -58 -58 -57 -51 -43 18 55 86 109 123 23 55 106 172 251 324 431 493 425 335 266 195 164
-1946 -1934 -1931 -1891 -1828 -1767 -1730 -1688 -1660 -1638 -1621 -1610 -1611 -1622 -1621 -1593 -1554 -1545 -1530 -1514 -1478 -1416 -1389 -1366 -1333 -1275 -1211 -1161 -1129 -1116 -1113 -1060 -1020 -1053 -1060 -1050 -1030 -982 -991 -956 -930 -921 -904 -841 -789 -751 -710 -631 -589 -554 -513 -479 -455 -409 -300 -216 -123 -78 -76 -76 -70 -71 -59 -55 -50 6 38 66 85 97 18 36 65 115 172 254 365 480 475 342 222 198 212
-1930 -1930 -1937 -1934 -1926 -1901 -1837 -1755 -1697 -1675 -1652 -1630 -1623 -1615 -1609 -1587 -1554 -1542 -1530 -1514 -1498 -1481 -1449 -1406 -1352 -1272 -1226 -1197 -1171 -1152 -1155 -1108 -1079 -1102 -1100 -1100 -1082 -1071 -1059 -1007 -952 -934 -934 -916 -873 -838 -739 -714 -688 -625 -584 -606 -605 -564 -463 -345 -235 -158 -119 -113 -103 -77 -58 -49 -44 -38 19 50 8 18 23 31 70 141 222 302 362 431 429 300 267 277 308
-1885 -1887 -1883 -1876 -1887 -1893 -1895 -1887 -1846 -1771 -1651 -1609 -1589 -1586 -1588 -1565 -1546 -1527 -1492 -1465 -1435 -1415 -1378 -1338 -1302 -1274 -1239 -1218 -1179 -1194 -1192 -1152 -1153 -1164 -1142 -1133 -1114 -1043 -1028 -1081 -1117 -1123 -1098 -1017 -976 -924 -895 -850 -790 -741 -717 -738 -710 -658 -593 -495 -408 -377 -362 -289 -209 -127 -85 -60 -47 -45 -44 28 36 45 62 64 70 117 169 249 335 412 421 354 368 398 419
-1866 -1865 -1848 -1854 -1854 -1851 -1862 -1867 -1871 -1871 -1751 -1589 -1530 -1513 -1527 -1534 -1515 -1498 -1477 -1439 -1404 -1375 -1342 -1305 -1290 -1285 -1270 -1244 -1231 -1245 -1240 -1226 -1208 -1184 -1148 -1122 -1142 -1219 -1244 -1237 -1199 -1184 -1175 -1134 -1040 -962 -972 -961 -939 -877 -855 -816 -784 -747 -705 -672 -583 -500 -423 -336 -229 -130 -88 -63 -52 -47 -44 -41 -33 36 65 98 112 134 192 261 334 418 459 427 438 486 457
-1841 -1830 -1836 -1830 -1822 -1824 -1825 -1829 -1837 -1848 -1854 -1823 -1648 -1561 -1530 -1492 -1483 -1482 -1443 -1418 -1382 -1380 -1382 -1388 -1366 -1344 -1323 -1327 -1373 -1346 -1289 -1243 -1228 -1268 -1294 -1340 -1349 -1284 -1225 -1184 -1132 -1072 -1028 -993 -974 -967 -928 -915 -928 -931 -901 -904 -864 -816 -762 -697 -602 -512 -409 -317 -193 -136 -121 -101 -83 -66 -58 -51 -40 -31 33 33 85 170 266 378 446 466 482 479 483 525 453
-1812 -1810 -1822 -1815 -1805 -1805 -1803 -1808 -1801 -1818 -1836 -1841 -1748 -1618 -1518 -1475 -1455 -1441 -1469 -1488 -1519 -1532 -1512 -1489 -1456 -1435 -1430 -1437 -1432 -1377 -1327 -1320 -1345 -1404 -1390 -1339 -1280 -1217 -1148 -1100 -1068 -1015 -964 -931 -861 -848 -813 -804 -798 -795 -809 -811 -848 -848 -794 -734 -680 -594 -477 -338 -265 -245 -223 -170 -115 -86 -71 -60 -46 -35 31 79 70 149 214 303 396 466 460 445 470 468 379
-1800 -1803 -1810 -1807 -1799 -1776 -1769 -1784 -1802 -1812 -1819 -1824 -1820 -1704 -1622 -1552 -1512 -1556 -1628 -1659 -1636 -1603 -1600 -1594 -1569 -1530 -1497 -1459 -1449 -1466 -1459 -1430 -1368 -1310 -1244 -1224 -1213 -1165 -1105 -1053 -1018 -980 -932 -889 -806 -779 -762 -755 -761 -737 -689 -666 -696 -734 -778 -762 -739 -681 -589 -492 -470 -428 -339 -249 -157 -85 -61 -55 -48 -43 36 87 126 205 242 290 356 391 366 364 378 394 385
-1786 -1793 -1795 -1786 -1779 -1761 -1751 -1757 -1765 -1776 -1798 -1812 -1811 -1774 -1696 -1678 -1709 -1717 -1652 -1580 -1546 -1558 -1540 -1518 -1504 -1497 -1492 -1486 -1452 -1390 -1318 -1267 -1234 -1213 -1199 -1171 -1152 -1128 -1090 -1046 -996 -948 -895 -847 -753 -717 -697 -685 -681 -665 -605 -581 -560 -564 -598 -634 -663 -649 -629 -596 -536 -444 -322 1 -105 -72 -58 -51 -47 -41 41 163 255 279 291 292 327 357 355 335 304 303 321
-1766 -1779 -1785 -1777 -1752 -1748 -1749 -1743 -1722 -1716 -1771 -1815 -1821 -1811 -1789 -1766 -1707 -1627 -1596 -1543 -1474 -1440 -1481 -1486 -1476 -1468 -1427 -1334 -1294 -1276 -1268 -1247 -1227 -1207 -1184 -1171 -1143 -1122 -1098 -1069 -1021 -971 -899 -820 -708 -661 -631 -611 -602 -580 -567 -521 -509 -467 -421 -484 -505 -521 -526 -529 -502 -432 -326 7 -112 -80 -60 -52 -50 -42 69 114 125 132 170 178 207 259 369 430 408 352 294
-1733 -1744 -1751 -1762 -1739 -1732 -1726 -1725 -1711 -1709 -1721 -1772 -1811 -1801 -1753 -1674 -1623 -1583 -1520 -1479 -1453 -1404 -1369 -1352 -1344 -1338 -1328 -1310 -1289 -1286 -1263 -1251 -1240 -1206 -1166 -1138 -1113 -1098 -1064 -1021 -967 -905 -838 -763 -643 -584 -548 -539 -534 -522 -489 -452 -437 -391 -344 -380 -369 -384 -419 -451 -422 -385 -332 7 -162 -102 -63 -50 -43 -33 17 24 26 48 63 98 172 289 376 434 488 404 310
-1721 -1722 -1724 -1725 -1724 -1716 -1708 -1711 -1702 -1703 -1671 -1649 -1769 -1775 -1713 -1656 -1604 -1551 -1501 -1468 -1433 -1393 -1360 -1341 -1321 -1312 -1305 -1301 -1283 -1272 -1258 -1239 -1210 -1183 -1150 -1112 -1083 -1066 -1030 -971 -907 -831 -745 -641 -565 -507 -465 -450 -418 -409 -373 -362 -328 -265 -208 -214 -224 -254 -299 -310 -315 -336 -296 -196 -130 -102 -79 -61 -46 -33 26 81 127 59 75 94 168 268 411 525 489 425 386
-1701 -1703 -1708 -1708 -1712 -1708 -1697 -1690 -1689 -1676 -1654 -1631 -1752 -1764 -1716 -1665 -1638 -1588 -1531 -1486 -1430 -1410 -1398 -1384 -1352 -1327 -1304 -1294 -1286 -1267 -1254 -1244 -1220 -1189 -1168 -1133 -1099 -1070 -1042 -987 -902 -817 -731 -616 -535 -470 -409 -374 -347 -313 -221 -185 -164 -148 -116 -102 -104 -119 -177 -217 -171 -214 -206 -141 -104 -85 -64 -53 -45 -37 36 89 96 155 202 176 205 309 450 540 492 437 402
-1673 -1673 -1669 -1673 -1682 -1690 -1674 -1660 -1656 -1661 -1646 -1613 -1677 -1744 -1736 -1717 -1680 -1653 -1632 -1608 -1581 -1576 -1555 -1555 -1540 -1497 -1466 -1413 -1378 -1330 -1285 -1239 -1206 -1193 -1166 -1147 -1119 -1082 -1051 -1013 -932 -838 -738 -613 -524 -452 -384 -350 -316 -281 -178 -148 -118 -86 -66 -61 -61 -70 -91 -100 -109 -114 -106 -84 -68 -65 -54 -43 -35 20 85 111 120 176 270 332 359 407 450 436 446 413 343
-1637 -1632 -1636 -1644 -1634 -1621 -1606 -1621 -1623 -1632 -1621 -1597 -1581 -1661 -1726 -1732 -1721 -1714 -1677 -1635 -1593 -1557 -1532 -1519 -1471 -1445 -1430 -1407 -1395 -1394 -1434 -1409 -1340 -1281 -1209 -1144 -1106 -1082 -1056 -1020 -962 -867 -758 -622 -529 -459 -372 -324 -302 -278 -195 -147 -106 -68 -60 -63 11 4 -76 -71 -88 -89 -66 -55 -53 -46 -41 9 54 73 127 208 241 263 321 383 407 333 296 269 275 309 328
-1594 -1587 -1598 -1604 -1613 -1588 -1581 -1580 -1583 -1583 -1576 -1569 -1560 -1544 -1551 -1620 -1699 -1711 -1705 -1700 -1591 -1493 -1425 -1404 -1382 -1350 -1336 -1318 -1268 -1250 -1244 -1242 -1237 -1295 -1307 -1238 -1172 -1077 -1048 -1021 -966 -884 -798 -684 -564 -491 -403 -348 -319 -301 -239 -171 -117 -96 -96 -98 -98 4 -81 -74 -63 -57 -51 -49 13 49 89 117 172 184 219 286 365 432 484 463 371 256 203 190 173 182 202
-1555 -1566 -1586 -1583 -1573 -1567 -1565 -1562 -1558 -1557 -1564 -1563 -1555 -1543 -1533 -1529 -1568 -1640 -1669 -1671 -1674 -1668 -1576 -1404 -1340 -1283 -1266 -1247 -1220 -1213 -1199 -1191 -1171 -1150 -1175 -1247 -1267 -1191 -1095 -1006 -947 -891 -828 -764 -629 -565 -475 -398 -363 -346 -318 -288 -231 -162 -139 -128 -116 -105 -95 -77 1 3 12 37 79 143 228 260 292 342 355 390 460 569 577 465 361 303 264 227 200 166 140
