data/processed_DEMs/175_175_20675.asc
ncols        175
nrows        175
xllcorner    8.712500000000
yllcorner    42.479166666667
cellsize     0.004166666667
NODATA_value -32767
[rows 111 to 147 of 175, columns 83 to 165 of 175]
-62 -57 -56 -55 -54 -53 -53 -50 -47 -44 -41 -38 -39 -36 -35 -35 -36 -36 -40 -38 -35 -27 -31 -31 -26 -28 -28 -31 -36 -39 -41 -41 -40 -39 -39 -31 -30 -36 -40 -43 -46 -51 -52 -54 -52 -52 -62 -90 -94 -134 -217 -248 -196 -161 -130 -154 -289 -397 -367 -305 -180 -193 -217 -123 -83 -67 7 70 126 99 189 225 242 309 436 603 757 851 918 969 936 805 693
-57 -55 -53 -53 -54 -53 -52 -47 -43 -43 -43 -40 -35 -30 -27 -27 -29 -29 -32 -35 -32 -27 -25 -26 -26 -23 -23 -23 -23 -26 -25 -30 -29 -25 -26 -23 -25 -27 -28 -31 -35 -43 -50 -50 -49 -47 -54 -76 -94 -132 -119 -112 -114 -115 -119 -155 -291 -358 -279 -169 -122 -98 -102 -98 -75 -61 3 58 111 41 88 160 282 410 520 595 643 683 749 853 910 886 834
-53 -53 -52 -50 -51 -51 -50 -45 -44 -43 -40 -36 -31 -28 -24 -23 -28 -27 -22 -18 -19 1 4 5 27 26 4 -11 -16 -18 -15 -14 -18 -19 -22 -20 -21 -18 -18 -14 -21 -27 -36 -44 -47 -47 -46 -52 -74 -94 -101 -98 -100 -102 -111 -183 -294 -291 -203 -109 -75 -65 -67 -67 -60 -50 9 54 101 29 66 141 207 266 337 412 502 580 674 772 847 851 788
-56 -53 -52 -50 -50 -47 -45 -43 -41 -39 -35 -32 -29 -26 -21 11 11 -10 -11 13 31 32 22 51 85 92 86 52 15 10 3 -10 -9 -10 -14 -15 10 24 39 34 8 8 6 4 2 2 -45 -51 -68 -85 -90 -95 -95 -91 -101 -182 -245 -218 -125 -91 -79 -64 -52 -51 -46 -38 21 56 19 36 53 82 123 172 236 323 432 569 744 895 936 891 822
-53 -50 -50 -50 -48 -45 -40 -37 -34 -33 -29 -24 -15 -7 12 26 28 29 11 18 34 51 46 59 91 110 87 57 59 47 37 18 13 8 3 6 13 34 67 53 27 24 21 17 11 8 3 -46 -58 -72 -80 -84 -87 -90 -95 -132 -150 -147 -92 -74 -62 -56 -46 -35 -30 16 31 65 95 81 80 101 151 247 303 364 476 645 809 944 940 891 843
-54 -49 -46 -46 -41 -35 -35 -31 -25 -23 -16 11 23 34 22 24 32 50 49 38 32 37 41 54 74 87 102 123 118 89 80 66 56 27 5 1 5 22 44 39 23 14 39 34 27 19 8 -31 -35 -47 -65 -74 -79 -80 -81 -81 -79 -75 -70 -62 3 15 20 28 34 43 14 43 98 142 150 169 203 284 394 488 583 696 792 863 793 772 786
-53 -46 -39 -35 -31 -33 -28 -29 -19 -14 13 33 52 62 42 40 52 60 74 96 91 79 63 65 82 102 106 115 120 124 125 131 117 73 26 9 4 4 10 23 23 17 14 23 15 26 16 -17 -15 -31 -50 -63 -70 -71 -68 -66 -58 -58 -57 3 34 41 49 59 38 17 22 61 87 99 133 186 259 335 412 495 594 656 643 678 627 646 709
-51 -49 -43 -34 -28 -23 9 26 40 26 19 32 45 56 69 71 79 86 88 102 114 110 104 110 127 143 147 169 187 187 175 163 142 91 49 16 9 21 44 80 78 74 49 53 50 47 51 11 -8 -21 -40 -56 -63 -63 -62 -58 -55 -53 -47 13 34 46 57 25 62 82 39 60 115 135 137 174 222 292 355 415 468 459 470 485 489 583 692
-47 -47 -45 -39 -26 -20 28 63 87 84 63 40 42 78 111 121 124 135 133 159 180 177 187 201 209 232 240 249 259 244 176 121 75 43 29 40 42 80 120 117 128 124 105 113 118 102 60 24 8 -23 -36 -49 -54 -54 -51 -49 -48 -45 -37 13 27 41 54 33 79 130 131 67 100 153 158 149 140 174 241 325 330 307 335 367 430 571 743
-44 -39 -36 -27 -23 8 43 100 130 115 88 80 76 71 105 152 189 235 248 267 268 280 293 297 320 293 253 206 159 143 97 53 36 40 95 119 116 104 120 116 110 110 108 106 119 111 52 41 24 4 -27 -38 -43 -44 -43 -41 -37 -32 -27 8 18 31 44 18 41 70 115 120 66 59 69 82 98 123 152 185 208 261 357 421 487 609 759
-36 -37 -36 -25 6 36 79 138 173 144 128 139 147 138 118 118 159 221 251 252 248 258 286 315 302 260 204 148 117 97 83 47 44 99 138 155 154 147 137 115 100 87 72 47 33 34 20 45 44 21 -13 -10 -23 -36 -37 -34 -29 -21 -20 1 7 20 34 20 50 92 145 152 112 76 76 81 97 147 221 268 281 330 422 552 652 751 834
-29 -28 -24 -19 34 86 143 168 177 164 169 197 222 228 186 183 221 275 273 272 275 282 313 323 308 268 189 125 93 68 50 45 76 142 171 154 143 144 152 143 124 91 55 42 34 16 28 43 63 66 29 -3 -22 -31 -31 -29 -27 -23 -17 -13 -11 13 28 12 38 71 118 143 85 61 60 72 90 135 223 332 419 463 513 612 746 867 881
60 -4 11 38 75 105 130 132 129 147 181 213 242 279 265 242 283 320 357 348 327 316 305 288 246 192 137 87 58 66 87 119 132 158 169 149 136 130 131 134 133 90 67 73 75 93 72 54 124 122 63 31 -4 -18 -22 -19 -18 -15 -14 -12 5 17 4 9 18 48 85 67 35 41 53 86 99 134 177 249 340 438 548 658 775 891 846
55 86 76 78 80 88 101 119 149 177 235 288 334 357 338 310 342 369 368 339 309 264 240 235 196 129 82 62 66 102 129 189 261 254 174 148 135 121 114 105 105 93 110 122 135 119 80 118 169 162 108 33 14 10 1 -16 -16 -15 -12 5 14 25 25 42 46 82 152 169 62 46 61 85 99 121 157 222 286 350 440 544 687 789 727
45 71 68 75 91 114 144 153 173 229 283 332 390 422 411 390 378 363 323 280 240 189 177 189 157 96 72 89 103 131 145 167 215 208 159 139 129 118 110 105 113 130 159 153 133 128 108 174 215 157 71 35 22 28 16 5 -12 -10 4 11 16 18 26 47 79 114 184 226 103 55 56 67 116 177 228 236 268 342 440 553 679 701 619
53 48 89 120 111 116 149 178 198 232 287 324 363 383 366 320 320 337 302 226 169 141 145 141 109 88 87 121 143 148 174 186 179 175 156 142 143 135 129 133 173 172 175 164 171 164 136 200 247 196 154 97 28 8 34 21 11 1 6 8 9 13 23 40 81 143 228 233 115 69 66 65 110 222 349 397 368 410 501 559 583 572 514
43 34 79 144 173 145 115 130 154 189 241 275 282 243 215 211 253 260 268 289 263 199 128 104 104 121 121 138 178 197 189 182 173 163 160 161 184 190 167 143 158 184 184 187 170 147 174 216 260 280 220 126 53 15 53 43 34 28 9999 1 4 5 10 27 85 183 243 162 85 68 73 86 125 220 327 469 556 539 523 533 487 430 399
14 38 82 117 154 152 102 100 105 118 152 190 194 152 137 141 175 198 214 268 292 227 168 157 152 138 147 169 185 200 202 192 183 189 186 183 203 249 256 196 169 185 199 199 173 157 193 201 215 274 258 137 47 17 9 21 37 24 2 5 19 24 39 52 45 64 67 58 50 56 72 89 136 240 371 524 612 536 433 403 406 372 334
16 39 73 123 140 139 89 64 68 82 110 152 148 118 126 156 170 201 290 336 293 279 257 250 239 191 152 150 166 181 199 212 220 230 220 221 224 242 248 210 206 221 222 203 185 175 168 181 212 229 207 135 68 40 49 93 88 51 4 10 45 54 56 97 119 81 36 31 38 53 64 83 136 239 363 523 628 546 437 325 259 247 267
12 14 43 86 120 135 81 47 42 55 70 86 101 133 190 256 279 287 302 278 300 358 372 338 290 218 188 179 203 213 221 236 258 263 257 268 291 295 283 270 276 250 217 204 211 206 188 194 211 229 196 124 82 81 116 132 138 71 11 3 13 20 48 95 153 122 54 43 46 55 69 92 150 243 360 534 634 543 447 361 283 213 184
8 9999 6 25 66 83 62 39 31 53 77 109 156 199 235 234 211 214 206 222 284 355 404 380 319 261 252 231 225 274 315 308 278 278 296 311 365 391 337 329 305 260 237 238 227 208 200 205 233 234 184 132 88 84 83 101 127 112 32 15 30 11 16 39 56 61 61 60 63 73 90 118 187 277 392 538 659 607 501 407 363 345 308
40 13 6 4 8 20 28 27 34 68 98 132 168 170 135 136 153 165 188 268 358 432 462 435 368 325 313 320 323 352 387 363 323 300 314 358 426 472 396 327 295 269 257 263 256 242 230 220 236 250 197 136 64 38 29 23 41 48 15 36 73 23 13 20 29 40 54 76 81 89 114 166 257 347 451 574 693 654 566 512 502 470 391
63 53 32 15 5 7 16 31 61 68 99 104 98 105 119 173 229 232 216 252 339 435 485 460 380 372 408 420 425 427 412 386 378 358 339 371 460 505 431 360 322 302 289 288 277 272 249 235 231 227 170 127 73 32 19 12 14 15 34 101 115 45 41 32 30 37 52 88 103 108 125 190 317 441 513 614 737 709 645 590 504 422 352
103 120 75 36 10 16 34 48 51 56 70 70 77 118 165 186 234 297 323 340 364 447 486 496 473 468 504 520 527 524 481 439 462 460 438 449 479 505 498 464 452 443 394 350 317 293 268 257 255 229 161 106 61 35 21 26 57 80 133 159 117 75 95 81 46 44 50 66 111 149 149 182 289 407 487 577 697 767 705 583 469 393 335
133 127 78 43 16 30 46 46 36 42 53 85 126 127 175 235 304 348 400 440 470 489 493 534 582 594 605 622 627 611 561 503 482 491 483 474 469 470 494 529 543 514 491 454 404 364 324 287 239 173 128 83 55 28 23 43 88 116 108 98 90 79 88 84 69 69 60 65 80 111 157 210 251 293 370 463 586 717 694 572 473 381 316
160 118 103 81 37 22 24 25 43 74 87 84 111 149 170 221 300 299 301 354 451 534 589 610 637 673 712 748 728 674 620 566 512 484 470 464 461 450 447 478 503 456 403 393 417 403 332 239 163 91 70 57 53 37 35 46 66 74 69 75 68 72 95 101 90 91 94 95 95 103 134 194 275 330 389 492 623 752 769 660 542 467 390
190 140 95 74 73 84 66 33 47 94 160 158 114 115 141 176 206 241 274 299 403 518 594 647 701 749 790 806 778 745 705 637 561 502 480 469 457 452 429 389 391 393 370 313 337 363 288 181 116 128 149 111 63 53 37 53 81 60 52 52 54 69 80 79 85 99 95 107 120 124 158 228 325 424 521 578 618 698 745 687 600 522 436
165 126 105 148 167 135 81 42 46 84 127 139 107 89 107 133 157 198 209 282 370 412 463 595 723 791 825 822 797 768 713 649 593 537 496 483 478 462 433 387 348 339 322 272 239 230 204 187 207 231 180 117 92 98 53 41 46 42 41 43 45 55 66 69 78 79 87 106 130 159 178 227 317 445 564 647 714 801 835 763 662 579 510
198 149 149 161 149 112 76 68 49 55 67 67 66 69 80 97 119 159 195 240 266 320 421 525 627 732 800 847 832 772 710 664 622 576 545 522 511 493 459 452 459 452 431 407 372 366 362 345 326 230 146 166 175 136 90 92 83 65 49 44 46 54 62 65 71 74 84 100 137 218 237 247 315 417 525 667 772 857 904 864 809 721 634
239 187 147 125 112 108 130 118 87 64 76 91 88 90 83 95 110 129 163 213 266 353 464 572 656 729 835 912 886 840 802 768 695 643 629 594 580 587 574 574 542 486 472 454 429 396 338 262 227 201 210 263 278 213 152 137 102 65 51 50 50 55 63 83 107 90 91 118 132 174 222 321 384 427 509 636 758 801 794 780 767 695 616
233 200 185 187 188 193 203 170 114 76 92 125 127 128 110 92 109 132 151 195 254 320 400 445 500 635 780 918 968 982 941 838 749 739 734 730 715 715 639 543 486 437 409 400 375 326 272 276 318 334 330 323 278 221 178 129 87 65 58 59 61 62 68 84 94 94 103 124 154 171 205 298 401 488 603 681 686 661 629 604 634 612 520
288 255 211 200 184 163 144 130 94 100 134 180 198 183 144 120 106 122 145 161 212 273 316 356 429 546 708 852 881 922 957 893 839 859 923 951 908 807 682 591 560 512 438 379 378 380 401 429 447 405 357 290 227 176 141 112 92 75 67 83 95 73 73 87 90 114 129 132 155 189 231 302 421 556 669 729 635 519 476 431 427 456 435
270 243 198 170 158 173 163 123 116 117 157 203 253 263 240 204 143 118 134 156 182 221 285 362 448 578 684 699 671 754 897 995 1007 1016 1069 1070 992 886 778 660 584 523 460 443 530 558 539 510 443 366 300 249 199 161 151 135 93 82 95 119 118 86 83 93 104 112 120 143 154 187 237 285 367 494 629 689 604 483 382 310 258 247 248
274 225 211 234 209 187 160 150 165 156 142 171 224 285 263 210 163 155 153 147 170 209 293 425 483 492 508 510 533 634 804 941 1031 1135 1201 1154 1040 932 829 731 678 628 582 556 553 563 503 426 367 300 232 202 177 147 119 105 96 121 171 199 169 151 151 126 120 135 151 184 178 229 290 313 367 460 538 526 503 425 329 240 179 139 107
241 232 256 238 200 188 207 190 197 178 153 172 198 252 247 228 200 201 231 168 170 195 240 320 346 352 400 475 567 657 757 909 1044 1128 1180 1223 1172 1080 1014 945 850 760 726 706 649 544 445 366 313 277 262 266 231 165 115 118 142 181 238 237 220 234 217 208 188 198 200 237 245 309 336 346 363 346 345 348 341 317 266 269 245 202 207
320 283 251 247 251 269 302 244 219 192 173 176 214 257 302 319 265 272 254 180 180 204 231 261 296 343 398 458 515 610 699 767 886 996 1126 1258 1290 1231 1169 1086 1012 933 844 745 663 589 509 484 453 387 313 236 180 137 129 169 240 268 264 248 288 307 293 309 303 295 271 303 332 396 422 418 373 320 356 447 486 455 412 425 371 332 336
365 326 313 302 335 379 342 275 291 261 221 201 207 260 344 360 348 333 245 191 179 196 216 247 319 406 493 583 629 632 692 788 872 974 1082 1228 1305 1242 1166 1114 1087 1040 967 895 834 788 734 652 517 395 298 216 167 167 197 267 325 314 317 313 351 368 395 418 393 359 343 382 420 445 435 417 367 331 384 492 557 533 553 605 576 544 513
