data/processed_DEMs/175_175_24179.asc
ncols        175
nrows        175
xllcorner    -9.254166666667
yllcorner    36.637500000000
cellsize     0.004166666667
NODATA_value -32767
[rows 120 to 159 of 175, columns 0 to 90 of 175]
-686 -681 -674 -669 -662 -657 -654 -654 -653 -652 -649 -648 -650 -651 -653 -654 -665 -660 -655 -660 -658 -655 -651 -647 -643 -639 -634 -629 -622 -616 -608 -599 -591 -585 -580 -574 -569 -551 -534 -517 -517 -486 -450 -408 -356 -301 -254 -221 -198 -182 -169 -159 -150 -142 -142 -141 -142 -142 -139 -136 -136 -134 -133 -136 -143 -152 -162 -164 -163 -160 -156 -152 -151 -148 -142 -137 -138 -136 -135 -135 -135 -134 -130 -128 -125 -124 -125 -126 -123 -124 -124
-686 -680 -674 -668 -663 -658 -656 -654 -654 -653 -650 -649 -649 -650 -652 -653 -657 -655 -650 -647 -644 -639 -634 -630 -627 -625 -623 -610 -610 -610 -598 -588 -588 -586 -578 -574 -567 -556 -549 -544 -513 -471 -430 -388 -342 -296 -256 -224 -201 -183 -171 -160 -152 -144 -144 -143 -145 -145 -145 -143 -142 -142 -137 -137 -142 -158 -172 -175 -175 -172 -171 -169 -165 -160 -154 -149 -148 -146 -144 -143 -141 -136 -134 -135 -134 -129 -129 -127 -126 -125 -125
-686 -680 -674 -669 -664 -660 -659 -658 -658 -657 -654 -651 -652 -653 -653 -653 -653 -651 -647 -643 -639 -635 -630 -626 -625 -625 -620 -612 -610 -610 -593 -574 -591 -584 -577 -573 -566 -558 -553 -548 -502 -448 -403 -365 -325 -285 -251 -223 -200 -182 -169 -163 -156 -153 -151 -150 -148 -149 -149 -149 -150 -153 -142 -138 -136 -163 -184 -187 -185 -185 -187 -187 -181 -176 -168 -163 -161 -159 -155 -153 -144 -138 -138 -138 -136 -134 -131 -131 -135 -135 -132
-686 -680 -674 -671 -667 -664 -663 -664 -665 -664 -661 -656 -658 -659 -658 -655 -652 -649 -645 -641 -637 -633 -631 -627 -626 -624 -620 -611 -608 -605 -597 -592 -589 -581 -578 -573 -567 -565 -564 -558 -486 -413 -366 -341 -306 -270 -241 -219 -196 -179 -169 -166 -165 -162 -158 -153 -149 -154 -153 -152 -153 -156 -149 -154 -162 -181 -204 -197 -192 -193 -202 -206 -199 -191 -183 -176 -174 -171 -161 -157 -147 -147 -158 -151 -145 -137 -150 -154 -167 -173 -173
-686 -680 -676 -674 -672 -671 -671 -674 -677 -677 -675 -672 -671 -670 -666 -660 -656 -649 -644 -640 -635 -632 -630 -627 -626 -623 -620 -607 -604 -603 -597 -593 -587 -580 -576 -570 -566 -567 -570 -527 -448 -361 -319 -319 -288 -253 -231 -216 -191 -177 -172 -175 -176 -174 -169 -162 -152 -149 -149 -155 -162 -168 -170 -175 -178 -182 -186 -188 -191 -194 -216 -220 -214 -204 -198 -190 -184 -177 -164 -168 -194 -182 -180 -170 -152 -177 -201 -216 -228 -233 -236
-687 -681 -678 -677 -678 -679 -682 -687 -691 -693 -694 -691 -689 -683 -676 -667 -659 -651 -643 -638 -634 -631 -628 -626 -625 -620 -613 -607 -604 -604 -597 -592 -586 -581 -575 -568 -565 -567 -564 -498 -425 -361 -315 -312 -276 -253 -231 -212 -180 -171 -176 -186 -188 -188 -182 -179 -173 -155 -151 -166 -177 -181 -181 -180 -181 -185 -189 -192 -196 -201 -238 -236 -226 -214 -211 -200 -194 -189 -217 -212 -226 -210 -203 -224 -227 -244 -263 -282 -295 -292 -297
-688 -682 -680 -681 -684 -689 -694 -700 -707 -713 -716 -716 -710 -701 -689 -676 -664 -652 -642 -636 -632 -629 -627 -624 -624 -619 -610 -606 -604 -605 -601 -592 -588 -582 -576 -566 -564 -564 -522 -453 -390 -339 -301 -282 -257 -237 -218 -207 -180 -171 -176 -186 -188 -188 -190 -202 -218 -230 -207 -204 -209 -212 -210 -206 -203 -202 -203 -210 -212 -217 -223 -239 -227 -219 -218 -232 -234 -235 -252 -244 -239 -238 -250 -294 -295 -301 -305 -307 -300 -301 -303
-689 -684 -682 -684 -690 -698 -706 -714 -724 -732 -740 -743 -734 -719 -702 -685 -668 -653 -640 -633 -629 -627 -624 -623 -623 -618 -606 -606 -603 -601 -599 -594 -593 -585 -575 -568 -566 -560 -483 -403 -346 -306 -275 -254 -236 -222 -208 -200 -186 -178 -177 -185 -188 -188 -190 -202 -218 -231 -235 -237 -241 -245 -245 -237 -231 -224 -219 -225 -229 -262 -252 -241 -232 -234 -257 -276 -272 -261 -256 -254 -266 -265 -269 -294 -295 -304 -328 -328 -324 -319 -321
-690 -685 -683 -687 -695 -705 -716 -726 -737 -750 -762 -769 -755 -734 -714 -693 -672 -653 -637 -630 -627 -625 -624 -623 -620 -617 -609 -607 -606 -603 -599 -598 -600 -594 -589 -581 -580 -525 -440 -355 -300 -272 -249 -231 -221 -212 -204 -198 -191 -187 -187 -191 -196 -201 -206 -215 -227 -232 -235 -237 -241 -245 -247 -259 -259 -252 -252 -257 -263 -262 -254 -246 -243 -260 -276 -276 -275 -272 -274 -292 -311 -302 -300 -307 -305 -311 -330 -328 -317 -338 -339
-692 -687 -683 -689 -697 -709 -723 -732 -745 -760 -777 -791 -769 -745 -721 -700 -675 -652 -633 -628 -626 -624 -624 -623 -620 -617 -610 -607 -609 -606 -600 -600 -601 -602 -597 -600 -567 -496 -406 -312 -258 -246 -230 -215 -210 -206 -203 -201 -198 -196 -197 -202 -210 -217 -224 -232 -241 -248 -256 -264 -262 -258 -251 -260 -265 -272 -284 -281 -274 -272 -270 -274 -276 -285 -281 -280 -287 -290 -300 -311 -311 -322 -332 -331 -327 -328 -333 -341 -330 -351 -352
-695 -688 -685 -688 -696 -707 -719 -731 -743 -758 -772 -779 -764 -742 -721 -698 -676 -655 -638 -631 -627 -625 -624 -621 -620 -616 -611 -610 -608 -605 -603 -603 -606 -614 -621 -635 -571 -488 -400 -320 -270 -247 -230 -215 -209 -206 -206 -205 -206 -208 -210 -216 -225 -233 -241 -250 -259 -266 -276 -283 -282 -278 -270 -263 -277 -284 -289 -288 -287 -286 -287 -291 -292 -289 -297 -306 -315 -320 -325 -324 -334 -342 -345 -347 -349 -371 -366 -366 -369 -370 -370
-699 -691 -685 -686 -692 -701 -713 -724 -736 -748 -759 -763 -753 -734 -714 -695 -676 -658 -643 -635 -630 -628 -626 -620 -619 -616 -611 -614 -611 -607 -609 -605 -607 -624 -644 -647 -571 -485 -402 -331 -285 -257 -237 -221 -214 -210 -211 -213 -217 -219 -223 -232 -240 -249 -258 -266 -276 -284 -293 -299 -300 -298 -299 -304 -302 -296 -294 -290 -294 -291 -290 -291 -291 -305 -319 -332 -344 -341 -344 -349 -362 -363 -362 -365 -366 -387 -385 -386 -387 -388 -388
-705 -693 -684 -684 -687 -695 -704 -714 -725 -736 -744 -749 -739 -723 -706 -689 -673 -658 -645 -637 -632 -628 -627 -621 -620 -613 -619 -616 -612 -612 -610 -605 -611 -628 -651 -622 -557 -480 -405 -338 -298 -270 -248 -230 -224 -220 -220 -224 -229 -234 -238 -247 -257 -267 -275 -283 -293 -302 -311 -317 -316 -314 -313 -308 -306 -298 -296 -308 -315 -318 -318 -319 -321 -331 -342 -353 -351 -354 -358 -364 -369 -373 -377 -380 -381 -401 -400 -401 -402 -402 -402
-713 -701 -691 -689 -690 -693 -697 -705 -713 -721 -726 -727 -720 -709 -695 -682 -669 -658 -648 -640 -634 -629 -627 -623 -622 -616 -622 -618 -613 -612 -610 -613 -622 -635 -639 -601 -543 -477 -413 -356 -317 -288 -264 -247 -238 -235 -235 -239 -246 -251 -258 -267 -277 -286 -294 -302 -311 -320 -330 -335 -328 -323 -321 -318 -309 -327 -338 -344 -347 -351 -351 -351 -352 -357 -362 -370 -366 -369 -374 -379 -383 -388 -392 -395 -396 -414 -413 -413 -413 -413 -413
-724 -712 -700 -697 -694 -693 -692 -696 -702 -705 -708 -706 -702 -694 -684 -674 -665 -658 -650 -642 -635 -631 -629 -624 -624 -628 -625 -620 -616 -615 -620 -627 -642 -657 -631 -587 -534 -476 -421 -372 -336 -307 -284 -264 -257 -253 -252 -258 -264 -272 -280 -289 -298 -306 -314 -321 -330 -339 -343 -335 -330 -329 -342 -341 -339 -365 -367 -379 -373 -371 -359 -363 -376 -378 -379 -381 -381 -384 -390 -395 -399 -403 -407 -409 -410 -428 -427 -427 -427 -426 -426
-739 -726 -715 -708 -703 -697 -692 -694 -693 -695 -694 -690 -686 -681 -674 -667 -661 -655 -649 -643 -636 -631 -630 -626 -635 -632 -628 -626 -627 -630 -634 -647 -669 -658 -624 -578 -526 -473 -427 -387 -354 -326 -304 -286 -279 -275 -274 -280 -287 -295 -303 -313 -320 -327 -336 -342 -347 -352 -344 -338 -341 -365 -381 -372 -366 -371 -373 -380 -388 -386 -375 -379 -383 -386 -387 -391 -395 -400 -405 -410 -414 -418 -420 -422 -423 -446 -446 -446 -445 -445 -445
-756 -743 -731 -722 -715 -706 -698 -696 -693 -689 -686 -679 -677 -672 -666 -660 -656 -652 -650 -643 -636 -632 -631 -629 -636 -635 -634 -639 -644 -645 -647 -667 -699 -666 -623 -573 -519 -466 -430 -399 -371 -346 -325 -308 -301 -298 -298 -304 -311 -319 -328 -338 -343 -348 -355 -361 -359 -353 -353 -366 -371 -382 -385 -386 -382 -387 -402 -404 -409 -410 -405 -395 -399 -403 -404 -408 -412 -416 -421 -424 -429 -432 -432 -451 -446 -461 -459 -459 -459 -458 -458
-773 -761 -750 -740 -731 -721 -713 -708 -702 -695 -689 -681 -674 -667 -661 -656 -652 -648 -646 -641 -636 -634 -633 -641 -639 -640 -644 -651 -651 -651 -655 -670 -680 -662 -626 -575 -515 -451 -431 -412 -389 -367 -347 -332 -325 -322 -324 -329 -336 -343 -351 -361 -361 -363 -371 -367 -360 -387 -373 -384 -388 -386 -402 -409 -400 -404 -419 -420 -423 -425 -421 -413 -416 -417 -426 -428 -430 -434 -437 -438 -445 -446 -446 -498 -459 -472 -472 -472 -472 -472 -472
-789 -780 -769 -760 -750 -741 -731 -724 -716 -708 -698 -688 -677 -665 -661 -656 -651 -645 -644 -640 -637 -636 -635 -644 -644 -644 -651 -654 -653 -658 -686 -706 -700 -678 -642 -597 -546 -498 -467 -440 -413 -389 -368 -354 -348 -347 -349 -355 -360 -366 -369 -362 -369 -374 -375 -376 -398 -415 -405 -407 -412 -413 -431 -429 -427 -428 -434 -436 -439 -442 -440 -439 -442 -446 -456 -452 -458 -457 -460 -462 -471 -466 -468 -499 -499 -494 -489 -490 -490 -490 -490
-807 -798 -789 -780 -771 -761 -752 -743 -733 -723 -712 -700 -689 -679 -671 -662 -657 -651 -644 -641 -639 -642 -646 -646 -646 -648 -655 -658 -661 -680 -705 -710 -724 -701 -667 -624 -581 -539 -503 -470 -440 -412 -389 -375 -371 -370 -373 -380 -386 -391 -396 -384 -391 -392 -397 -403 -423 -426 -430 -436 -442 -446 -452 -454 -456 -459 -462 -466 -469 -472 -472 -471 -474 -476 -477 -480 -482 -481 -487 -488 -490 -492 -494 -505 -506 -507 -505 -506 -506 -506 -506
-823 -814 -807 -800 -793 -785 -775 -765 -753 -741 -730 -720 -707 -696 -686 -678 -672 -668 -662 -659 -656 -651 -651 -649 -648 -650 -655 -661 -669 -688 -700 -726 -759 -723 -687 -649 -611 -575 -539 -503 -468 -434 -409 -397 -392 -392 -394 -402 -407 -408 -407 -412 -419 -420 -426 -432 -440 -446 -452 -459 -466 -473 -478 -481 -482 -485 -487 -479 -484 -498 -499 -526 -521 -518 -519 -521 -523 -525 -526 -527 -528 -529 -531 -532 -533 -533 -534 -535 -535 -534 -533
-824 -824 -820 -816 -813 -807 -798 -786 -772 -759 -748 -742 -726 -714 -703 -697 -692 -688 -685 -683 -679 -672 -652 -651 -650 -651 -655 -660 -670 -682 -656 -695 -718 -710 -693 -666 -637 -609 -579 -538 -498 -454 -420 -416 -403 -401 -403 -411 -416 -419 -424 -433 -444 -446 -452 -459 -466 -473 -478 -484 -490 -496 -502 -563 -562 -561 -561 -506 -558 -557 -557 -550 -540 -541 -541 -541 -544 -545 -545 -546 -547 -548 -549 -549 -550 -550 -551 -551 -550 -550 -549
-828 -827 -823 -822 -818 -811 -805 -797 -784 -768 -752 -744 -738 -730 -719 -717 -711 -709 -710 -705 -700 -686 -675 -659 -652 -650 -652 -656 -664 -669 -674 -681 -687 -693 -698 -678 -661 -649 -630 -581 -537 -474 -420 -420 -420 -419 -427 -430 -433 -434 -431 -441 -458 -476 -479 -482 -481 -504 -507 -510 -510 -562 -563 -564 -563 -563 -563 -563 -563 -563 -563 -563 -564 -565 -566 -566 -567 -568 -570 -571 -572 -573 -574 -575 -575 -574 -573 -572 -571 -570 -570
-832 -831 -830 -829 -827 -823 -817 -809 -800 -790 -779 -764 -748 -739 -725 -715 -709 -707 -704 -699 -695 -691 -688 -680 -662 -652 -650 -652 -656 -652 -657 -667 -674 -678 -679 -680 -681 -690 -691 -619 -581 -509 -465 -451 -444 -444 -445 -439 -441 -535 -536 -536 -539 -545 -550 -552 -556 -560 -565 -577 -580 -570 -570 -574 -575 -576 -579 -581 -581 -582 -583 -584 -586 -587 -587 -587 -588 -589 -590 -592 -592 -592 -593 -593 -593 -593 -593 -591 -590 -589 -588
-835 -834 -835 -835 -834 -833 -830 -825 -816 -806 -796 -786 -775 -768 -760 -746 -722 -709 -704 -697 -691 -689 -685 -682 -673 -661 -653 -650 -648 -644 -646 -655 -663 -671 -679 -688 -695 -708 -679 -590 -536 -504 -493 -479 -466 -461 -527 -528 -534 -534 -537 -539 -544 -552 -558 -563 -568 -574 -579 -589 -593 -596 -602 -605 -607 -609 -611 -613 -614 -615 -616 -618 -619 -619 -619 -619 -619 -620 -622 -623 -623 -621 -622 -621 -621 -621 -619 -617 -615 -613 -612
-840 -842 -842 -843 -842 -842 -841 -838 -834 -825 -816 -805 -793 -784 -779 -779 -771 -750 -729 -715 -695 -689 -686 -682 -678 -673 -667 -658 -653 -645 -648 -654 -660 -677 -690 -698 -711 -738 -701 -569 -533 -509 -505 -496 -484 -497 -529 -539 -540 -549 -553 -558 -567 -579 -586 -591 -598 -609 -615 -622 -626 -629 -634 -637 -639 -640 -641 -643 -643 -644 -645 -647 -647 -647 -646 -646 -646 -647 -648 -649 -649 -647 -647 -645 -644 -644 -641 -638 -636 -633 -632
-846 -849 -848 -851 -850 -851 -850 -850 -848 -845 -836 -826 -814 -803 -793 -786 -786 -783 -773 -754 -738 -720 -704 -693 -687 -682 -678 -675 -666 -658 -657 -689 -697 -714 -739 -766 -793 -739 -607 -574 -565 -551 -542 -551 -543 -539 -540 -548 -565 -579 -584 -587 -592 -603 -611 -617 -625 -638 -645 -651 -655 -657 -661 -663 -664 -665 -666 -667 -667 -667 -667 -669 -668 -668 -667 -666 -665 -665 -665 -665 -665 -663 -661 -659 -658 -656 -652 -649 -647 -645 -644
-850 -853 -855 -858 -860 -864 -860 -860 -861 -862 -856 -850 -840 -830 -816 -805 -796 -827 -810 -782 -775 -769 -761 -753 -741 -731 -725 -716 -709 -695 -687 -690 -705 -729 -755 -779 -798 -753 -615 -591 -583 -567 -555 -565 -567 -567 -567 -572 -583 -602 -611 -610 -615 -626 -635 -643 -651 -666 -672 -677 -680 -682 -685 -686 -686 -687 -687 -687 -686 -686 -686 -686 -685 -684 -683 -681 -680 -679 -678 -677 -676 -673 -671 -669 -667 -665 -661 -659 -657 -655 -654
-853 -857 -859 -863 -867 -871 -871 -871 -871 -871 -869 -866 -859 -852 -845 -835 -805 -825 -811 -791 -782 -776 -767 -759 -747 -737 -731 -723 -717 -706 -696 -697 -713 -746 -779 -791 -802 -799 -667 -626 -607 -589 -574 -579 -582 -592 -596 -605 -609 -623 -637 -642 -647 -658 -667 -677 -685 -698 -703 -707 -708 -709 -709 -710 -710 -709 -709 -708 -707 -707 -707 -706 -705 -703 -701 -698 -695 -693 -691 -689 -687 -684 -681 -678 -676 -674 -670 -669 -668 -666 -665
-857 -862 -865 -870 -873 -877 -878 -879 -879 -880 -880 -878 -875 -875 -878 -882 -837 -837 -826 -810 -801 -795 -785 -775 -763 -752 -745 -738 -732 -724 -718 -717 -726 -753 -786 -801 -819 -793 -666 -651 -634 -608 -599 -592 -598 -605 -613 -627 -638 -648 -659 -666 -675 -686 -698 -708 -715 -723 -727 -730 -729 -729 -728 -728 -728 -727 -725 -724 -723 -724 -723 -720 -716 -714 -711 -708 -705 -702 -699 -697 -695 -692 -689 -686 -684 -683 -679 -677 -676 -675 -675
-863 -868 -872 -877 -881 -884 -885 -887 -889 -889 -889 -888 -886 -885 -884 -884 -883 -878 -866 -850 -837 -828 -818 -809 -796 -788 -781 -774 -767 -760 -756 -757 -771 -808 -844 -859 -848 -801 -717 -703 -690 -661 -643 -639 -644 -647 -657 -673 -689 -698 -705 -712 -720 -736 -748 -756 -761 -759 -763 -769 -764 -763 -759 -758 -760 -759 -755 -754 -750 -743 -732 -732 -730 -727 -724 -721 -716 -712 -710 -707 -704 -702 -699 -698 -697 -696 -693 -692 -691 -690 -690
-872 -877 -882 -887 -889 -891 -893 -896 -898 -899 -898 -897 -894 -891 -886 -891 -892 -891 -884 -872 -861 -851 -841 -831 -819 -812 -806 -799 -794 -787 -785 -787 -802 -839 -877 -891 -881 -825 -758 -741 -711 -681 -670 -666 -668 -674 -682 -698 -711 -724 -734 -743 -750 -765 -775 -781 -785 -780 -782 -785 -780 -777 -774 -772 -769 -767 -765 -760 -758 -755 -750 -745 -737 -734 -729 -726 -722 -718 -716 -714 -711 -710 -707 -705 -702 -702 -699 -698 -698 -697 -697
-886 -891 -895 -899 -901 -902 -903 -906 -910 -911 -911 -906 -903 -899 -897 -902 -898 -898 -896 -889 -882 -875 -868 -859 -848 -841 -836 -832 -828 -824 -822 -824 -838 -873 -911 -930 -930 -890 -805 -770 -728 -707 -706 -705 -705 -710 -717 -732 -740 -755 -767 -776 -784 -796 -801 -802 -800 -795 -791 -786 -783 -783 -780 -775 -772 -769 -766 -760 -756 -753 -750 -748 -742 -740 -734 -732 -727 -725 -723 -720 -718 -717 -715 -713 -710 -709 -706 -705 -704 -704 -704
-909 -913 -915 -915 -915 -914 -916 -919 -924 -928 -927 -920 -911 -903 -899 -910 -902 -903 -903 -900 -896 -891 -884 -876 -868 -862 -859 -857 -855 -853 -853 -858 -869 -899 -927 -942 -945 -884 -816 -780 -749 -735 -738 -738 -735 -736 -743 -759 -766 -775 -783 -791 -803 -812 -815 -812 -807 -801 -797 -792 -788 -787 -783 -779 -775 -771 -767 -761 -756 -753 -749 -747 -742 -738 -734 -732 -728 -728 -725 -722 -720 -719 -717 -715 -713 -713 -710 -709 -709 -708 -708
-941 -941 -939 -934 -929 -926 -926 -930 -936 -947 -947 -936 -922 -902 -902 -910 -908 -908 -910 -910 -909 -907 -904 -898 -894 -891 -890 -887 -884 -887 -891 -897 -906 -919 -935 -942 -938 -917 -878 -846 -809 -786 -775 -790 -779 -779 -787 -799 -815 -820 -821 -828 -837 -836 -830 -824 -819 -810 -806 -801 -796 -792 -785 -779 -774 -769 -765 -759 -755 -752 -748 -746 -741 -738 -735 -733 -730 -728 -726 -724 -723 -722 -720 -719 -718 -718 -717 -716 -716 -715 -714
-971 -966 -961 -952 -942 -935 -932 -933 -932 -933 -937 -939 -938 -940 -942 -937 -932 -924 -918 -916 -915 -913 -911 -907 -903 -900 -898 -894 -891 -894 -898 -904 -913 -925 -938 -948 -951 -929 -899 -884 -852 -829 -810 -820 -806 -805 -810 -817 -834 -846 -851 -855 -854 -845 -838 -832 -826 -816 -811 -804 -797 -792 -783 -778 -772 -768 -763 -757 -754 -750 -748 -745 -741 -738 -736 -734 -731 -729 -728 -726 -725 -724 -722 -721 -721 -720 -719 -719 -718 -718 -718
-988 -985 -978 -965 -957 -938 -936 -935 -932 -932 -933 -934 -934 -936 -939 -939 -940 -939 -934 -927 -924 -921 -918 -914 -910 -907 -904 -900 -898 -898 -900 -904 -911 -923 -937 -943 -944 -929 -927 -925 -900 -885 -857 -852 -839 -836 -841 -851 -862 -871 -874 -872 -866 -856 -848 -840 -832 -818 -811 -803 -795 -789 -780 -774 -769 -764 -760 -754 -751 -748 -745 -743 -739 -737 -735 -734 -731 -730 -728 -727 -726 -725 -724 -723 -722 -722 -721 -721 -720 -720 -720
-996 -996 -991 -982 -973 -963 -954 -935 -933 -930 -928 -928 -928 -930 -932 -933 -935 -936 -936 -934 -931 -928 -925 -921 -916 -912 -910 -906 -902 -899 -899 -901 -906 -917 -935 -951 -962 -970 -976 -972 -947 -932 -923 -882 -864 -862 -869 -883 -895 -899 -896 -890 -880 -864 -852 -841 -830 -813 -806 -796 -788 -783 -774 -769 -764 -760 -756 -751 -748 -745 -743 -741 -738 -736 -734 -733 -731 -729 -728 -727 -726 -725 -724 -724 -723 -722 -723 -722 -722 -722 -722
-1001 -1002 -1001 -996 -990 -983 -975 -969 -965 -962 -958 -949 -945 -940 -938 -937 -942 -947 -951 -953 -953 -953 -955 -961 -973 -973 -966 -954 -937 -914 -901 -897 -897 -904 -918 -935 -953 -972 -986 -990 -990 -985 -986 -967 -950 -933 -934 -939 -934 -919 -901 -884 -865 -841 -827 -816 -807 -792 -787 -780 -774 -769 -764 -759 -756 -753 -750 -745 -743 -741 -739 -737 -736 -735 -734 -732 -730 -729 -728 -728 -728 -726 -725 -725 -725 -724 -724 -723 -724 -723 -724
-1007 -1008 -1009 -1008 -1006 -1003 -997 -991 -987 -989 -1007 -1011 -1003 -995 -995 -1002 -1007 -1012 -1013 -1013 -1012 -1009 -997 -984 -988 -992 -991 -983 -973 -950 -924 -908 -896 -891 -896 -907 -916 -929 -944 -953 -961 -964 -969 -971 -964 -955 -945 -929 -908 -886 -866 -850 -834 -815 -805 -797 -791 -779 -776 -772 -767 -764 -761 -757 -754 -752 -749 -745 -744 -742 -740 -739 -737 -737 -735 -734 -734 -732 -731 -731 -732 -730 -728 -728 -729 -729 -727 -726 -726 -726 -726
