data/processed_DEMs/175_175_20675.asc
ncols        175
nrows        175
xllcorner    8.712500000000
yllcorner    42.479166666667
cellsize     0.004166666667
NODATA_value -32767
[rows 37 to 73 of 175, columns 0 to 82 of 175]
-2502 -2507 -2511 -2514 -2514 -2505 -2507 -2504 -2489 -2485 -2483 -2476 -2473 -2466 -2457 -2452 -2457 -2458 -2468 -2469 -2472 -2471 -2468 -2465 -2453 -2452 -2450 -2440 -2443 -2442 -2428 -2416 -2405 -2401 -2412 -2400 -2405 -2397 -2390 -2375 -2364 -2347 -2344 -2350 -2370 -2385 -2388 -2373 -2350 -2328 -2314 -2296 -2277 -2268 -2261 -2240 -2232 -2219 -2197 -2177 -2159 -2156 -2165 -2164 -2164 -2165 -2186 -2182 -2195 -2178 -2172 -2165 -2163 -2154 -2157 -2184 -2195 -2191 -2173 -2121 -2083 -2052 -1929
-2506 -2510 -2521 -2515 -2512 -2511 -2507 -2500 -2492 -2488 -2487 -2474 -2466 -2463 -2460 -2469 -2466 -2477 -2485 -2483 -2480 -2471 -2467 -2463 -2453 -2448 -2436 -2438 -2434 -2435 -2424 -2412 -2402 -2398 -2404 -2398 -2398 -2374 -2360 -2356 -2346 -2343 -2326 -2330 -2351 -2374 -2381 -2382 -2368 -2340 -2317 -2298 -2286 -2276 -2262 -2248 -2234 -2220 -2206 -2189 -2160 -2137 -2140 -2125 -2128 -2139 -2129 -2135 -2147 -2156 -2167 -2163 -2152 -2155 -2143 -2132 -2183 -2189 -2176 -2159 -2108 -1998 -1945
-2508 -2507 -2512 -2514 -2511 -2506 -2501 -2495 -2481 -2483 -2475 -2465 -2463 -2468 -2474 -2478 -2487 -2490 -2490 -2481 -2468 -2467 -2460 -2456 -2450 -2450 -2441 -2439 -2420 -2422 -2417 -2408 -2408 -2405 -2397 -2387 -2375 -2370 -2348 -2345 -2329 -2319 -2319 -2312 -2308 -2300 -2294 -2336 -2353 -2347 -2327 -2310 -2291 -2277 -2263 -2251 -2233 -2214 -2201 -2176 -2159 -2145 -2142 -2129 -2111 -2096 -2096 -2105 -2125 -2122 -2128 -2143 -2134 -2107 -2101 -2101 -2106 -2169 -2172 -2157 -2153 -2061 -1985
-2504 -2508 -2510 -2512 -2507 -2500 -2499 -2499 -2499 -2492 -2488 -2484 -2481 -2487 -2490 -2493 -2497 -2493 -2479 -2470 -2471 -2465 -2455 -2449 -2449 -2448 -2446 -2427 -2421 -2418 -2413 -2415 -2414 -2404 -2391 -2389 -2382 -2346 -2343 -2334 -2321 -2329 -2320 -2300 -2277 -2264 -2258 -2276 -2326 -2338 -2332 -2320 -2302 -2285 -2271 -2255 -2243 -2219 -2200 -2182 -2165 -2158 -2144 -2130 -2117 -2109 -2110 -2107 -2097 -2086 -2073 -2083 -2094 -2094 -2090 -2064 -2091 -2112 -2155 -2165 -2168 -2120 -1977
-2503 -2499 -2499 -2494 -2499 -2497 -2493 -2492 -2495 -2496 -2497 -2495 -2504 -2504 -2498 -2502 -2491 -2479 -2475 -2475 -2464 -2455 -2456 -2446 -2445 -2444 -2454 -2435 -2425 -2420 -2417 -2417 -2419 -2401 -2388 -2371 -2364 -2345 -2338 -2330 -2329 -2324 -2299 -2264 -2253 -2237 -2233 -2255 -2297 -2324 -2326 -2313 -2303 -2292 -2278 -2261 -2253 -2234 -2208 -2193 -2183 -2175 -2158 -2144 -2127 -2127 -2122 -2120 -2115 -2096 -2087 -2077 -2078 -2083 -2074 -2059 -2048 -2081 -2122 -2156 -2165 -2164 -2047
-2501 -2501 -2502 -2505 -2504 -2501 -2505 -2505 -2504 -2507 -2511 -2514 -2516 -2513 -2503 -2493 -2483 -2481 -2479 -2467 -2458 -2454 -2449 -2446 -2443 -2435 -2441 -2435 -2426 -2430 -2425 -2419 -2419 -2415 -2401 -2366 -2354 -2338 -2331 -2328 -2318 -2301 -2281 -2276 -2249 -2220 -2222 -2241 -2255 -2296 -2306 -2307 -2295 -2285 -2279 -2276 -2271 -2251 -2227 -2201 -2186 -2172 -2158 -2139 -2128 -2126 -2117 -2095 -2078 -2071 -2071 -2043 -2051 -2044 -2049 -2032 -2037 -2072 -2094 -2124 -2143 -2157 -2159
-2504 -2513 -2512 -2511 -2512 -2505 -2511 -2511 -2515 -2516 -2521 -2518 -2517 -2507 -2493 -2484 -2482 -2472 -2472 -2466 -2459 -2454 -2449 -2449 -2437 -2433 -2430 -2428 -2433 -2433 -2426 -2422 -2418 -2418 -2399 -2379 -2364 -2361 -2358 -2340 -2321 -2302 -2295 -2274 -2237 -2210 -2196 -2216 -2242 -2266 -2283 -2285 -2282 -2284 -2277 -2270 -2260 -2248 -2229 -2209 -2196 -2179 -2156 -2141 -2124 -2120 -2069 -2055 -2056 -2046 -2041 -2034 -1997 -1990 -2006 -2016 -2037 -2063 -2075 -2104 -2111 -2131 -2150
-2518 -2518 -2519 -2519 -2513 -2519 -2520 -2521 -2520 -2519 -2520 -2511 -2501 -2490 -2487 -2484 -2475 -2472 -2471 -2467 -2457 -2453 -2450 -2439 -2435 -2433 -2430 -2431 -2433 -2430 -2428 -2418 -2416 -2411 -2401 -2393 -2376 -2369 -2367 -2355 -2350 -2324 -2299 -2276 -2243 -2216 -2191 -2206 -2219 -2235 -2242 -2256 -2266 -2263 -2265 -2255 -2246 -2243 -2241 -2216 -2205 -2187 -2138 -2136 -2105 -2081 -2057 -2051 -2048 -2043 -2041 -2011 -1985 -1976 -1971 -1999 -2034 -2056 -2065 -2071 -2095 -2110 -2129
-2524 -2523 -2527 -2525 -2522 -2522 -2523 -2524 -2525 -2522 -2509 -2498 -2483 -2476 -2472 -2462 -2472 -2471 -2467 -2459 -2458 -2451 -2439 -2436 -2434 -2434 -2435 -2433 -2428 -2430 -2421 -2419 -2409 -2406 -2400 -2389 -2383 -2379 -2362 -2356 -2353 -2337 -2305 -2280 -2250 -2215 -2194 -2196 -2194 -2202 -2207 -2216 -2218 -2228 -2250 -2257 -2245 -2231 -2220 -2211 -2207 -2174 -2162 -2140 -2118 -2121 -2079 -2054 -2055 -2043 -2017 -2003 -2016 -2014 -2004 -2008 -2016 -2038 -2051 -2062 -2098 -2114 -2113
-2528 -2527 -2529 -2533 -2530 -2530 -2530 -2530 -2521 -2508 -2500 -2497 -2488 -2477 -2469 -2461 -2462 -2463 -2463 -2457 -2454 -2439 -2443 -2436 -2428 -2434 -2431 -2429 -2431 -2426 -2421 -2407 -2408 -2401 -2395 -2390 -2382 -2364 -2349 -2335 -2330 -2325 -2305 -2274 -2246 -2215 -2190 -2166 -2164 -2171 -2177 -2194 -2195 -2199 -2204 -2213 -2224 -2234 -2229 -2226 -2223 -2194 -2153 -2128 -2123 -2126 -2094 -2060 -2032 -2011 -2015 -2031 -2040 -2017 -1977 -1971 -1990 -2023 -2057 -2087 -2106 -2114 -2008
-2534 -2535 -2536 -2535 -2533 -2532 -2533 -2519 -2512 -2504 -2499 -2497 -2492 -2480 -2465 -2457 -2455 -2463 -2456 -2449 -2437 -2436 -2431 -2421 -2431 -2432 -2432 -2432 -2433 -2424 -2417 -2411 -2406 -2403 -2397 -2392 -2367 -2354 -2346 -2332 -2319 -2307 -2287 -2267 -2240 -2210 -2194 -2179 -2147 -2143 -2144 -2155 -2160 -2168 -2172 -2188 -2200 -2207 -2213 -2220 -2215 -2204 -2187 -2180 -2150 -2125 -2104 -2093 -2056 -2044 -2055 -2073 -2045 -1968 -1902 -1938 -2001 -2052 -2088 -2095 -2079 -1997 -1963
-2543 -2543 -2539 -2538 -2535 -2523 -2518 -2509 -2506 -2504 -2506 -2497 -2491 -2480 -2465 -2456 -2455 -2441 -2440 -2447 -2432 -2423 -2421 -2428 -2432 -2434 -2440 -2434 -2432 -2424 -2420 -2412 -2406 -2404 -2399 -2373 -2365 -2354 -2344 -2331 -2299 -2272 -2260 -2252 -2229 -2200 -2186 -2171 -2144 -2122 -2120 -2127 -2137 -2142 -2145 -2155 -2177 -2189 -2195 -2201 -2197 -2195 -2198 -2194 -2181 -2132 -2119 -2116 -2103 -2081 -2079 -2035 -1957 -1950 -1946 -1978 -2032 -2069 -2082 -2072 -2012 -1969 -1957
-2548 -2544 -2526 -2517 -2511 -2498 -2496 -2488 -2491 -2497 -2493 -2492 -2485 -2477 -2470 -2453 -2443 -2442 -2435 -2426 -2420 -2408 -2427 -2434 -2434 -2441 -2439 -2442 -2431 -2427 -2421 -2414 -2407 -2397 -2382 -2373 -2361 -2349 -2335 -2311 -2276 -2250 -2224 -2216 -2203 -2188 -2172 -2159 -2130 -2101 -2100 -2106 -2111 -2106 -2116 -2128 -2130 -2154 -2166 -2184 -2203 -2192 -2209 -2199 -2183 -2158 -2132 -2114 -2091 -2065 -2048 -2016 -1984 -1980 -1989 -2024 -2054 -2058 -2052 -2027 -1970 -1939 -1935
-2545 -2530 -2522 -2505 -2492 -2481 -2473 -2466 -2474 -2479 -2485 -2485 -2476 -2477 -2476 -2459 -2448 -2439 -2436 -2426 -2424 -2421 -2431 -2436 -2439 -2438 -2448 -2442 -2435 -2428 -2420 -2408 -2398 -2384 -2377 -2359 -2347 -2329 -2307 -2273 -2251 -2231 -2198 -2169 -2168 -2152 -2139 -2125 -2096 -2077 -2081 -2088 -2084 -2085 -2077 -2093 -2105 -2119 -2138 -2155 -2151 -2170 -2197 -2189 -2183 -2164 -2145 -2089 -2061 -2044 -2022 -2005 -1999 -1993 -2012 -2050 -2051 -2034 -2012 -1984 -1949 -1929 -1924
-2533 -2528 -2520 -2507 -2500 -2485 -2476 -2462 -2457 -2467 -2476 -2482 -2478 -2479 -2472 -2457 -2444 -2448 -2440 -2432 -2431 -2427 -2433 -2440 -2439 -2445 -2442 -2441 -2437 -2423 -2419 -2402 -2387 -2366 -2355 -2340 -2311 -2288 -2256 -2241 -2223 -2192 -2165 -2134 -2125 -2127 -2107 -2098 -2062 -2049 -2059 -2060 -2050 -2048 -2058 -2076 -2091 -2097 -2105 -2109 -2117 -2131 -2128 -2152 -2169 -2153 -2115 -2079 -2043 -2029 -2003 -1992 -1983 -1989 -2031 -2042 -2021 -2001 -1975 -1959 -1940 -1908 -1890
-2527 -2521 -2519 -2516 -2507 -2500 -2495 -2487 -2473 -2471 -2471 -2470 -2473 -2470 -2463 -2455 -2436 -2437 -2443 -2440 -2433 -2434 -2436 -2439 -2441 -2438 -2442 -2438 -2427 -2419 -2407 -2386 -2364 -2336 -2302 -2294 -2217 -2175 -2161 -2158 -2143 -2134 -2089 -2085 -2095 -2083 -2079 -2032 -2020 -2020 -2007 -2017 -2017 -2028 -2042 -2053 -2068 -2076 -2082 -2086 -2073 -2055 -2044 -2064 -2119 -2132 -2140 -2119 -2083 -2017 -1990 -1976 -1954 -1985 -2025 -2030 -2000 -1963 -1935 -1923 -1910 -1889 -1866
-2520 -2515 -2514 -2512 -2515 -2509 -2508 -2495 -2483 -2477 -2470 -2468 -2468 -2464 -2459 -2447 -2440 -2447 -2440 -2441 -2433 -2439 -2439 -2438 -2441 -2441 -2436 -2426 -2418 -2407 -2389 -2349 -2310 -2261 -2199 -2153 -2087 -2039 -2009 -1961 -1948 -1935 -1950 -1990 -2022 -2033 -2009 -1987 -1983 -1978 -1978 -1975 -1981 -1993 -2010 -2032 -2051 -2064 -2074 -2073 -2062 -2040 -2000 -2030 -2034 -2093 -2129 -2139 -2092 -2010 -1978 -1956 -1936 -1991 -2022 -2024 -2003 -1973 -1936 -1906 -1889 -1870 -1846
-2509 -2504 -2508 -2514 -2512 -2510 -2486 -2489 -2488 -2478 -2467 -2461 -2457 -2454 -2456 -2441 -2445 -2444 -2441 -2436 -2438 -2436 -2449 -2432 -2430 -2431 -2424 -2416 -2395 -2386 -2347 -2260 -2193 -2128 -2031 -1981 -1910 -1845 -1797 -1771 -1802 -1809 -1851 -1904 -1915 -1932 -1935 -1939 -1936 -1936 -1935 -1940 -1955 -1979 -2004 -2030 -2040 -2058 -2065 -2064 -2043 -2023 -2007 -1990 -1985 -2023 -2114 -2139 -2133 -2036 -1948 -1919 -1893 -1956 -2009 -2016 -2016 -1994 -1959 -1917 -1884 -1852 -1841
-2518 -2514 -2519 -2508 -2499 -2498 -2487 -2483 -2481 -2481 -2474 -2456 -2444 -2448 -2442 -2442 -2443 -2441 -2435 -2434 -2434 -2432 -2429 -2428 -2427 -2426 -2409 -2388 -2359 -2330 -2244 -2122 -2036 -1954 -1883 -1826 -1751 -1695 -1668 -1707 -1722 -1758 -1785 -1815 -1902 -1933 -1905 -1927 -1905 -1907 -1911 -1921 -1945 -1961 -1988 -2003 -2022 -2044 -2051 -2040 -2016 -1981 -1983 -1965 -1939 -1966 -2028 -2110 -2123 -2019 -1915 -1877 -1861 -1858 -1942 -1974 -2005 -2003 -1994 -1949 -1922 -1879 -1834
-2517 -2515 -2512 -2507 -2502 -2503 -2493 -2486 -2488 -2486 -2479 -2460 -2450 -2442 -2450 -2446 -2440 -2441 -2436 -2430 -2418 -2426 -2420 -2417 -2418 -2410 -2395 -2377 -2321 -2258 -2194 -2083 -1983 -1866 -1739 -1648 -1577 -1589 -1592 -1642 -1680 -1730 -1804 -1855 -1836 -1870 -1831 -1834 -1812 -1832 -1850 -1881 -1912 -1937 -1967 -1990 -2012 -2029 -2025 -2010 -1986 -1962 -1954 -1947 -1924 -1936 -1993 -2059 -2102 -2022 -1899 -1853 -1845 -1848 -1858 -1884 -1973 -1992 -1985 -1978 -1959 -1942 -1913
-2515 -2513 -2511 -2509 -2507 -2506 -2503 -2490 -2489 -2485 -2477 -2470 -2468 -2457 -2451 -2446 -2442 -2437 -2430 -2419 -2415 -2409 -2406 -2404 -2395 -2375 -2363 -2345 -2299 -2242 -2187 -2094 -1952 -1803 -1684 -1607 -1538 -1526 -1539 -1580 -1628 -1686 -1797 -1787 -1807 -1807 -1756 -1733 -1706 -1721 -1772 -1811 -1866 -1910 -1933 -1968 -2001 -2004 -1987 -1972 -1966 -1949 -1931 -1927 -1895 -1907 -1963 -2041 -2084 -2015 -1885 -1841 -1826 -1831 -1829 -1838 -1863 -1898 -1964 -1970 -1967 -1958 -1948
-2504 -2512 -2515 -2515 -2511 -2505 -2488 -2488 -2485 -2477 -2475 -2469 -2462 -2460 -2455 -2448 -2441 -2437 -2421 -2414 -2409 -2398 -2385 -2364 -2348 -2339 -2331 -2296 -2268 -2222 -2138 -2036 -1917 -1786 -1656 -1587 -1546 -1504 -1496 -1504 -1521 -1648 -1716 -1687 -1716 -1715 -1674 -1636 -1618 -1648 -1688 -1743 -1797 -1863 -1914 -1961 -1988 -1972 -1958 -1948 -1935 -1919 -1910 -1891 -1861 -1883 -1973 -2061 -2044 -1945 -1878 -1838 -1812 -1800 -1807 -1822 -1834 -1861 -1901 -1936 -1958 -1965 -1955
-2521 -2520 -2515 -2510 -2504 -2492 -2485 -2488 -2480 -2474 -2471 -2470 -2468 -2457 -2440 -2439 -2432 -2419 -2417 -2415 -2399 -2374 -2346 -2312 -2300 -2301 -2292 -2268 -2238 -2182 -2042 -1936 -1901 -1826 -1687 -1576 -1539 -1488 -1442 -1412 -1454 -1532 -1612 -1598 -1617 -1613 -1603 -1611 -1641 -1678 -1713 -1738 -1785 -1856 -1914 -1956 -1958 -1939 -1923 -1913 -1896 -1882 -1870 -1854 -1900 -1992 -2052 -2017 -1944 -1884 -1854 -1838 -1797 -1778 -1785 -1804 -1820 -1842 -1854 -1878 -1904 -1917 -1922
-2518 -2513 -2509 -2505 -2490 -2488 -2483 -2477 -2472 -2473 -2469 -2470 -2464 -2457 -2446 -2428 -2411 -2404 -2402 -2392 -2374 -2348 -2315 -2306 -2281 -2268 -2249 -2225 -2205 -2085 -1991 -1899 -1808 -1723 -1665 -1611 -1546 -1474 -1410 -1365 -1405 -1442 -1502 -1523 -1529 -1534 -1565 -1591 -1633 -1688 -1763 -1826 -1869 -1899 -1916 -1920 -1918 -1883 -1875 -1866 -1845 -1815 -1829 -1910 -2004 -2034 -2004 -1960 -1898 -1862 -1843 -1819 -1797 -1780 -1785 -1786 -1789 -1822 -1839 -1846 -1865 -1880 -1881
-2511 -2507 -2504 -2493 -2484 -2484 -2480 -2483 -2476 -2473 -2475 -2459 -2460 -2451 -2438 -2414 -2398 -2384 -2396 -2381 -2362 -2341 -2298 -2296 -2278 -2266 -2251 -2223 -2154 -2133 -2097 -1955 -1865 -1809 -1778 -1700 -1574 -1466 -1385 -1321 -1331 -1403 -1450 -1468 -1460 -1499 -1561 -1591 -1634 -1675 -1724 -1762 -1786 -1846 -1839 -1796 -1802 -1796 -1792 -1784 -1782 -1825 -1920 -1993 -2010 -2007 -1979 -1915 -1861 -1841 -1819 -1789 -1773 -1763 -1758 -1766 -1781 -1801 -1825 -1832 -1835 -1840 -1857
-2506 -2501 -2488 -2488 -2485 -2482 -2484 -2478 -2478 -2458 -2465 -2470 -2456 -2446 -2422 -2433 -2427 -2411 -2393 -2365 -2340 -2312 -2283 -2266 -2254 -2247 -2230 -2213 -2191 -2165 -2141 -2103 -2066 -2022 -1970 -1877 -1692 -1545 -1440 -1377 -1344 -1414 -1457 -1436 -1472 -1521 -1561 -1622 -1644 -1679 -1702 -1728 -1744 -1758 -1761 -1763 -1762 -1746 -1763 -1787 -1826 -1901 -1962 -1988 -1999 -1974 -1914 -1860 -1826 -1803 -1791 -1776 -1752 -1730 -1735 -1752 -1768 -1793 -1802 -1785 -1793 -1812 -1832
-2505 -2494 -2489 -2479 -2473 -2480 -2477 -2473 -2473 -2474 -2468 -2455 -2467 -2451 -2431 -2419 -2405 -2388 -2371 -2347 -2321 -2290 -2261 -2235 -2220 -2217 -2194 -2183 -2179 -2164 -2149 -2134 -2106 -2089 -2034 -1980 -1860 -1730 -1593 -1527 -1423 -1446 -1481 -1504 -1514 -1482 -1543 -1611 -1645 -1678 -1699 -1715 -1728 -1737 -1727 -1711 -1707 -1731 -1770 -1804 -1874 -1925 -1945 -1972 -1980 -1948 -1924 -1862 -1796 -1766 -1755 -1743 -1722 -1705 -1700 -1731 -1742 -1749 -1758 -1770 -1780 -1789 -1805
-2500 -2492 -2490 -2486 -2474 -2474 -2477 -2470 -2471 -2470 -2471 -2464 -2464 -2460 -2437 -2400 -2387 -2378 -2354 -2330 -2300 -2258 -2230 -2199 -2183 -2183 -2165 -2160 -2155 -2148 -2135 -2120 -2102 -2083 -2057 -2019 -1964 -1895 -1830 -1763 -1636 -1593 -1614 -1581 -1562 -1538 -1567 -1589 -1643 -1678 -1692 -1694 -1710 -1711 -1724 -1731 -1726 -1741 -1768 -1797 -1835 -1922 -1927 -1930 -1931 -1940 -1938 -1889 -1773 -1736 -1717 -1704 -1695 -1658 -1662 -1697 -1717 -1727 -1736 -1753 -1766 -1773 -1785
-2491 -2484 -2485 -2480 -2491 -2473 -2465 -2465 -2463 -2460 -2454 -2461 -2457 -2458 -2447 -2418 -2381 -2366 -2349 -2323 -2289 -2250 -2217 -2190 -2177 -2163 -2147 -2139 -2131 -2122 -2105 -2101 -2086 -2071 -2052 -2026 -1995 -1967 -1935 -1877 -1806 -1783 -1714 -1657 -1638 -1612 -1631 -1637 -1662 -1673 -1688 -1706 -1726 -1751 -1779 -1796 -1801 -1823 -1813 -1806 -1820 -1875 -1886 -1887 -1900 -1926 -1927 -1889 -1776 -1705 -1659 -1662 -1654 -1586 -1597 -1625 -1658 -1692 -1724 -1744 -1766 -1769 -1775
-2488 -2482 -2473 -2466 -2466 -2468 -2457 -2460 -2456 -2454 -2452 -2445 -2440 -2441 -2431 -2407 -2390 -2361 -2313 -2321 -2298 -2276 -2254 -2228 -2206 -2182 -2164 -2158 -2148 -2134 -2114 -2096 -2083 -2066 -2045 -2024 -2008 -1993 -1976 -1939 -1893 -1828 -1755 -1699 -1663 -1649 -1654 -1675 -1693 -1701 -1708 -1736 -1766 -1784 -1797 -1797 -1818 -1851 -1855 -1855 -1850 -1849 -1869 -1865 -1902 -1920 -1912 -1803 -1719 -1677 -1629 -1606 -1585 -1538 -1551 -1612 -1665 -1682 -1694 -1708 -1722 -1744 -1752
-2478 -2477 -2475 -2462 -2459 -2447 -2450 -2438 -2430 -2427 -2424 -2418 -2434 -2423 -2409 -2386 -2360 -2352 -2320 -2320 -2308 -2281 -2261 -2237 -2223 -2197 -2178 -2166 -2155 -2144 -2127 -2114 -2105 -2084 -2067 -2043 -2020 -2005 -1978 -1948 -1901 -1834 -1763 -1705 -1662 -1655 -1659 -1671 -1703 -1732 -1742 -1764 -1768 -1770 -1761 -1765 -1796 -1842 -1860 -1870 -1872 -1874 -1881 -1887 -1908 -1891 -1808 -1715 -1677 -1637 -1592 -1559 -1536 -1523 -1568 -1612 -1611 -1615 -1629 -1659 -1702 -1723 -1730
-2480 -2479 -2469 -2460 -2451 -2440 -2424 -2407 -2401 -2388 -2384 -2381 -2386 -2393 -2375 -2355 -2344 -2336 -2324 -2290 -2283 -2276 -2260 -2240 -2225 -2202 -2177 -2157 -2147 -2141 -2125 -2107 -2095 -2075 -2058 -2047 -2029 -2015 -1983 -1942 -1903 -1855 -1777 -1709 -1668 -1664 -1674 -1679 -1695 -1711 -1730 -1755 -1764 -1752 -1770 -1784 -1815 -1842 -1840 -1845 -1861 -1868 -1886 -1894 -1869 -1759 -1686 -1692 -1677 -1656 -1600 -1543 -1511 -1484 -1525 -1552 -1576 -1610 -1641 -1664 -1684 -1700 -1711
-2492 -2474 -2462 -2449 -2439 -2431 -2418 -2390 -2373 -2358 -2342 -2349 -2353 -2378 -2351 -2319 -2309 -2287 -2288 -2285 -2253 -2244 -2240 -2226 -2212 -2196 -2191 -2173 -2139 -2118 -2098 -2072 -2055 -2040 -2032 -2021 -2005 -1994 -1973 -1945 -1903 -1859 -1800 -1728 -1682 -1670 -1668 -1693 -1704 -1715 -1723 -1749 -1743 -1727 -1723 -1747 -1783 -1814 -1815 -1801 -1786 -1797 -1827 -1811 -1771 -1704 -1667 -1623 -1609 -1591 -1568 -1524 -1481 -1477 -1518 -1554 -1577 -1596 -1618 -1640 -1646 -1678 -1693
-2486 -2478 -2474 -2446 -2428 -2418 -2406 -2394 -2376 -2334 -2305 -2300 -2305 -2306 -2312 -2301 -2291 -2274 -2260 -2271 -2237 -2191 -2186 -2195 -2177 -2174 -2164 -2155 -2145 -2123 -2082 -2049 -2021 -2004 -1992 -1975 -1967 -1958 -1947 -1907 -1871 -1848 -1806 -1726 -1682 -1673 -1680 -1702 -1706 -1710 -1717 -1733 -1735 -1705 -1687 -1702 -1715 -1725 -1770 -1783 -1751 -1738 -1712 -1680 -1659 -1640 -1612 -1592 -1565 -1533 -1511 -1483 -1459 -1450 -1474 -1515 -1551 -1579 -1598 -1616 -1638 -1652 -1663
-2483 -2472 -2464 -2454 -2428 -2409 -2387 -2371 -2350 -2330 -2311 -2282 -2270 -2259 -2262 -2266 -2257 -2245 -2233 -2241 -2239 -2202 -2160 -2161 -2166 -2161 -2147 -2124 -2112 -2095 -2076 -2059 -2044 -2030 -2004 -1964 -1943 -1926 -1904 -1881 -1844 -1806 -1753 -1694 -1658 -1659 -1675 -1697 -1696 -1696 -1711 -1716 -1705 -1675 -1679 -1668 -1675 -1688 -1713 -1732 -1747 -1727 -1680 -1649 -1643 -1632 -1607 -1576 -1535 -1521 -1500 -1456 -1420 -1444 -1488 -1522 -1536 -1548 -1562 -1584 -1606 -1633 -1646
-2483 -2473 -2476 -2467 -2450 -2437 -2413 -2393 -2379 -2347 -2309 -2284 -2262 -2242 -2230 -2237 -2228 -2214 -2192 -2189 -2205 -2209 -2183 -2151 -2131 -2146 -2143 -2124 -2097 -2053 -2041 -2036 -2039 -2034 -1998 -1964 -1921 -1895 -1872 -1842 -1820 -1781 -1704 -1662 -1640 -1647 -1651 -1676 -1684 -1681 -1699 -1702 -1678 -1658 -1647 -1645 -1650 -1657 -1680 -1701 -1717 -1706 -1644 -1615 -1620 -1595 -1586 -1564 -1526 -1487 -1452 -1429 -1419 -1425 -1468 -1495 -1487 -1503 -1530 -1560 -1591 -1613 -1608
-2489 -2492 -2476 -2463 -2456 -2445 -2424 -2403 -2382 -2352 -2323 -2297 -2275 -2252 -2225 -2194 -2167 -2164 -2169 -2140 -2156 -2168 -2165 -2158 -2142 -2133 -2131 -2117 -2085 -2058 -2018 -2000 -2005 -2008 -1995 -1975 -1938 -1894 -1854 -1820 -1792 -1730 -1687 -1655 -1629 -1635 -1635 -1650 -1651 -1656 -1665 -1683 -1639 -1626 -1629 -1625 -1617 -1618 -1636 -1665 -1676 -1676 -1657 -1621 -1586 -1575 -1562 -1541 -1494 -1452 -1436 -1401 -1380 -1390 -1426 -1444 -1462 -1475 -1500 -1547 -1575 -1578 -1561
