data/processed_DEMs/175_175_24179.asc
ncols        175
nrows        175
xllcorner    -9.254166666667
yllcorner    36.637500000000
cellsize     0.004166666667
NODATA_value -32767
[rows 80 to 119 of 175, columns 0 to 90 of 175]
-1581 -1568 -1549 -1517 -1490 -1443 -1436 -1420 -1383 -1345 -1280 -1276 -1268 -1238 -1224 -1189 -1147 -1117 -1097 -1093 -1075 -1054 -1024 -1024 -994 -953 -930 -917 -894 -843 -764 -712 -664 -579 -484 -398 -321 -251 -205 -168 -141 -120 -101 -86 -90 -96 -99 -97 -93 -89 -85 -82 -79 -76 -72 -67 -62 -51 -41 -41 -40 42 69 7 51 60 59 52 49 48 47 47 48 44 37 32 34 33 35 34 32 34 38 41 30 -54 -62 -13 -17 -17 -17
-1573 -1558 -1538 -1501 -1480 -1457 -1396 -1358 -1332 -1311 -1255 -1225 -1214 -1182 -1156 -1127 -1083 -1048 -1014 -982 -956 -934 -922 -903 -896 -865 -820 -788 -748 -742 -742 -727 -688 -585 -480 -391 -310 -236 -189 -152 -129 -112 -96 -83 -86 -92 -95 -95 -93 -90 -88 -84 -81 -77 -73 -68 -56 -45 -45 -41 4 47 68 51 47 -269 34 39 35 32 40 43 39 38 33 28 28 27 26 23 26 29 31 32 -1 -20 -17 -18 -20 -20 -20
-1563 -1530 -1509 -1485 -1462 -1390 -1365 -1351 -1305 -1258 -1211 -1168 -1144 -1111 -1088 -1056 -1036 -994 -957 -934 -892 -859 -836 -816 -798 -781 -744 -698 -658 -627 -757 -737 -700 -582 -473 -382 -302 -234 -181 -146 -124 -108 -95 -87 -88 -92 -95 -96 -95 -92 -89 -86 -82 -79 -73 -64 -53 -52 -47 -41 8 25 39 40 39 -188 -207 -151 -86 -32 24 27 24 24 23 21 20 17 12 15 15 18 -1 -1 -1 -19 -21 -22 -23 -22 -22
-1570 -1536 -1490 -1444 -1414 -1375 -1320 -1301 -1271 -1211 -1167 -1125 -1086 -1068 -1031 -999 -989 -966 -925 -903 -867 -829 -790 -771 -749 -728 -705 -672 -639 -618 -631 -642 -655 -551 -450 -365 -291 -226 -172 -138 -119 -105 -96 -90 -91 -94 -97 -98 -97 -94 -90 -88 -84 -79 -70 -61 -55 -55 -48 1 4 2 -36 -47 -67 -74 -15 -13 -12 58 148 19 18 15 11 10 13 11 3 -25 -9 -1 -1 -1 -8 -22 -24 -24 -25 -24 -24
-1539 -1543 -1516 -1439 -1361 -1334 -1293 -1247 -1197 -1171 -1092 -1063 -1024 -1000 -976 -961 -934 -910 -893 -867 -826 -785 -761 -746 -725 -705 -686 -659 -639 -609 -602 -532 -544 -490 -415 -343 -276 -214 -161 -129 -114 -105 -97 -92 -94 -98 -100 -100 -100 -98 -95 -91 -86 -76 -67 -63 -63 1 3 5 -37 -31 -25 -20 -19 -35 -18 -17 35 139 233 291 16 16 14 17 22 17 -156 -9 -3 -3 -16 -22 -24 -26 -27 -28 -28 -28 -33
-1485 -1478 -1465 -1416 -1373 -1281 -1244 -1228 -1158 -1086 -1012 -967 -944 -922 -909 -898 -885 -869 -846 -804 -771 -759 -745 -727 -704 -690 -680 -674 -638 -552 -525 -525 -505 -456 -389 -323 -261 -202 -152 -125 -113 -106 -102 -100 -100 -102 -102 -102 -101 -99 -96 -94 -87 -76 -65 -64 -52 -47 2 1 -37 -32 -28 -24 -22 -21 -21 33 111 207 298 342 13 21 26 27 29 24 -6 -7 -14 -17 -27 -25 -28 -31 -32 -34 -40 -48 -53
-1407 -1389 -1402 -1369 -1311 -1258 -1195 -1167 -1132 -1068 -966 -922 -904 -888 -874 -858 -839 -819 -796 -772 -762 -754 -736 -721 -710 -695 -677 -662 -602 -553 -521 -508 -499 -443 -369 -302 -243 -190 -145 -120 -112 -109 -108 -107 -105 -104 -104 -103 -102 -101 -98 -96 -91 -76 -66 -63 -63 -60 -53 -47 -40 -35 -32 -29 -26 -24 36 78 151 245 341 392 272 17 25 21 24 30 -175 -81 -19 -21 -24 -28 -32 -36 -40 -47 -54 -56 -58
-1347 -1287 -1278 -1270 -1236 -1158 -1102 -1060 -1004 -960 -915 -887 -860 -842 -822 -804 -792 -783 -772 -762 -751 -739 -724 -716 -702 -692 -627 -618 -608 -554 -520 -496 -496 -425 -346 -279 -223 -173 -131 -116 -110 -111 -113 -113 -109 -103 -103 -103 -102 -101 -99 -95 -85 -87 -77 -69 -57 -56 -52 -45 -41 -37 -34 -31 -29 -27 17 71 146 237 324 357 229 20 -77 -153 -178 14 -173 -79 -20 -21 -25 -31 -37 -43 -49 -55 -57 -71 -85
-1313 -1282 -1237 -1194 -1176 -1113 -1042 -995 -954 -923 -889 -858 -843 -821 -802 -790 -781 -772 -761 -754 -756 -742 -723 -714 -677 -633 -631 -621 -611 -557 -523 -495 -495 -407 -317 -250 -200 -160 -129 -113 -110 -111 -115 -119 -110 -99 -100 -101 -102 -101 -99 -95 -91 -90 -80 -57 -52 -52 -48 -46 -43 -39 -35 -33 -31 -29 -27 37 108 187 267 313 166 29 -107 -138 -9 -11 -38 -20 -21 -23 -29 -36 -43 -51 -56 -66 -76 -93 -114
-1258 -1210 -1192 -1146 -1092 -1046 -1006 -971 -926 -896 -857 -844 -823 -798 -785 -775 -765 -757 -749 -745 -740 -732 -724 -701 -667 -636 -634 -624 -614 -557 -524 -496 -496 -389 -283 -218 -174 -145 -124 -113 -108 -108 -110 -112 -108 -103 -101 -102 -101 -101 -100 -98 -95 -91 -86 -76 -54 -49 -50 -47 -45 -42 -38 -35 -33 -31 -29 4 49 93 130 140 54 15 -51 -14 -16 -17 -20 -22 -23 -27 -34 -42 -51 -59 -61 -76 -91 -111 -131
-1230 -1175 -1122 -1083 -1043 -993 -967 -937 -906 -875 -846 -822 -799 -786 -774 -762 -754 -750 -750 -744 -739 -727 -713 -691 -662 -635 -634 -622 -601 -554 -524 -496 -496 -373 -245 -185 -146 -125 -114 -109 -102 -101 -102 -104 -102 -100 -100 -100 -100 -100 -100 -98 -95 -91 -85 -68 -55 -49 -52 -53 -49 -44 -41 -38 -35 -32 -30 -28 -26 -24 -23 -22 -20 -18 -28 -20 -20 -21 -23 -25 -28 -33 -41 -52 -60 -62 -63 -86 -104 -123 -143
-1181 -1101 -1053 -1002 -958 -916 -905 -897 -873 -847 -802 -787 -781 -770 -755 -750 -749 -749 -747 -739 -731 -720 -706 -684 -659 -635 -633 -620 -591 -552 -524 -496 -496 -376 -253 -173 -119 -105 -100 -95 -92 -91 -90 -92 -93 -95 -96 -97 -98 -99 -100 -98 -93 -85 -70 -57 -52 -52 -57 -57 -52 -47 -43 -41 -38 -35 -32 -29 -27 -25 -24 -24 -23 -22 -22 -23 -24 -25 -26 -30 -36 -43 -55 -62 -65 -65 -66 -90 -111 -129 -146
-1198 -1111 -1044 -972 -918 -898 -894 -875 -844 -815 -788 -780 -771 -764 -762 -752 -749 -744 -739 -731 -724 -714 -700 -682 -658 -633 -631 -618 -591 -555 -526 -498 -498 -386 -264 -169 -86 -88 -90 -84 -80 -79 -78 -79 -82 -86 -90 -92 -94 -96 -97 -88 -72 -68 -59 -56 -53 -54 -58 -62 -61 -57 -51 -48 -45 -41 -36 -32 -29 -28 -27 -26 -26 -26 -26 -27 -27 -29 -32 -39 -49 -58 -57 -65 -66 -67 -68 -94 -115 -132 -146
-1153 -1075 -1015 -959 -904 -887 -853 -829 -810 -793 -779 -767 -762 -759 -752 -749 -744 -737 -730 -724 -717 -709 -698 -681 -664 -650 -624 -617 -593 -563 -533 -508 -508 -406 -291 -212 -150 -121 -102 -86 -74 -69 -66 -65 -71 -77 -85 -87 -90 -92 -92 -90 -85 -60 -56 -56 -55 -55 -59 -63 -67 -65 -63 -61 -57 -53 -46 -40 -35 -32 -31 -30 -29 -29 -29 -30 -32 -38 -47 -59 -63 -62 -62 -67 -69 -70 -71 -99 -117 -131 -144
-1085 -1020 -970 -924 -904 -853 -817 -809 -798 -787 -785 -774 -763 -756 -745 -737 -733 -727 -721 -716 -710 -704 -695 -681 -664 -645 -620 -617 -597 -570 -541 -518 -518 -440 -351 -274 -209 -159 -119 -90 -71 -61 -56 -55 -61 -69 -78 -82 -86 -88 -89 -90 -90 -60 -62 -59 -57 -58 -61 -63 -73 -72 -71 -69 -67 -64 -61 -56 -51 -45 -42 -39 -38 -38 -40 -46 -55 -61 -65 -68 -66 -59 -66 -69 -71 -72 -73 -97 -112 -125 -136
-1005 -951 -914 -895 -859 -816 -812 -804 -788 -778 -775 -765 -758 -747 -735 -726 -721 -717 -712 -709 -705 -700 -692 -678 -662 -644 -626 -618 -601 -577 -550 -527 -527 -477 -412 -335 -259 -190 -133 -89 -66 -54 -46 -43 -50 -61 -72 -78 -81 -83 -85 -85 -83 -73 -74 -65 -60 -61 -64 -67 -75 -78 -76 -74 -72 -70 -69 -67 -65 -62 -61 -60 -59 -61 -62 -63 -66 -69 -70 -69 -68 -61 -69 -71 -73 -74 -81 -96 -106 -115 -124
-936 -906 -877 -845 -829 -824 -816 -808 -787 -775 -771 -758 -748 -737 -727 -718 -714 -708 -704 -701 -698 -693 -686 -675 -659 -642 -623 -620 -607 -593 -558 -538 -538 -509 -468 -388 -300 -215 -141 -87 -64 -51 -41 -36 -44 -56 -68 -74 -78 -80 -82 -81 -80 -75 -74 -68 -65 -69 -72 -76 -84 -82 -79 -77 -76 -74 -74 -73 -73 -72 -71 -69 -68 -68 -69 -71 -73 -73 -72 -71 -70 -67 -69 -72 -75 -77 -83 -87 -94 -101 -108
-916 -877 -834 -832 -834 -825 -810 -806 -780 -773 -762 -750 -737 -727 -719 -712 -706 -700 -697 -694 -691 -688 -682 -671 -658 -643 -629 -621 -610 -595 -565 -545 -536 -532 -528 -437 -335 -233 -143 -83 -68 -56 -43 -32 -41 -54 -67 -74 -76 -79 -79 -78 -77 -75 -72 -71 -72 -79 -82 -86 -88 -85 -83 -81 -79 -78 -76 -76 -76 -76 -76 -75 -75 -75 -76 -76 -77 -76 -74 -71 -71 -69 -69 -71 -73 -77 -83 -76 -81 -87 -92
-910 -855 -834 -838 -834 -830 -814 -800 -779 -765 -750 -738 -726 -718 -709 -703 -697 -693 -689 -688 -686 -683 -678 -668 -657 -643 -630 -618 -611 -592 -571 -549 -532 -532 -528 -466 -366 -254 -150 -116 -98 -79 -60 -46 -49 -58 -69 -75 -78 -79 -78 -78 -75 -73 -72 -71 -73 -77 -82 -91 -92 -89 -86 -84 -82 -80 -79 -78 -78 -79 -79 -79 -79 -80 -80 -79 -79 -77 -71 -72 -72 -71 -71 -73 -72 -73 -74 -70 -72 -76 -80
-870 -837 -840 -833 -831 -817 -808 -783 -765 -749 -735 -723 -714 -706 -700 -694 -689 -685 -681 -680 -680 -679 -674 -666 -655 -643 -629 -616 -613 -595 -576 -556 -536 -535 -525 -511 -416 -315 -243 -199 -157 -118 -84 -61 -58 -64 -73 -77 -78 -79 -77 -77 -74 -72 -70 -69 -69 -72 -75 -80 -86 -91 -90 -88 -85 -84 -83 -82 -82 -82 -82 -82 -82 -82 -82 -82 -81 -79 -70 -67 -72 -75 -75 -74 -72 -71 -68 -65 -66 -69 -71
-842 -842 -839 -832 -825 -798 -776 -758 -744 -732 -719 -707 -701 -696 -691 -686 -682 -677 -674 -675 -676 -676 -673 -665 -654 -642 -629 -616 -613 -597 -578 -564 -551 -525 -519 -511 -444 -358 -317 -277 -216 -156 -106 -70 -64 -69 -78 -80 -80 -80 -78 -75 -73 -70 -68 -66 -66 -66 -66 -68 -75 -83 -88 -91 -91 -90 -88 -87 -86 -86 -85 -84 -84 -84 -84 -84 -84 -82 -76 -74 -83 -82 -80 -77 -74 -69 -65 -60 -63 -64 -65
-834 -843 -837 -827 -806 -776 -750 -736 -726 -717 -706 -697 -693 -689 -685 -681 -677 -674 -671 -672 -673 -674 -671 -663 -653 -641 -628 -616 -614 -598 -580 -568 -564 -538 -518 -515 -482 -426 -380 -329 -257 -184 -120 -78 -67 -72 -80 -82 -82 -80 -78 -75 -73 -70 -65 -63 -62 -62 -61 -63 -68 -74 -80 -86 -91 -93 -93 -92 -90 -89 -88 -87 -87 -86 -87 -87 -87 -86 -83 -85 -87 -86 -85 -81 -77 -72 -67 -63 -63 -64 -65
-834 -838 -833 -812 -786 -756 -726 -719 -713 -705 -697 -688 -686 -683 -681 -678 -676 -673 -671 -671 -672 -672 -670 -663 -652 -640 -627 -616 -614 -600 -584 -570 -562 -551 -526 -526 -528 -484 -429 -373 -286 -198 -121 -73 -65 -72 -83 -85 -83 -81 -79 -75 -72 -69 -64 -60 -60 -60 -59 -58 -61 -66 -71 -80 -90 -92 -93 -93 -92 -91 -90 -89 -89 -89 -89 -89 -90 -90 -89 -90 -91 -89 -88 -85 -80 -75 -70 -66 -66 -67 -66
-804 -807 -805 -790 -768 -744 -724 -713 -705 -699 -693 -686 -683 -681 -679 -677 -676 -674 -673 -672 -672 -672 -669 -661 -650 -639 -626 -615 -614 -603 -589 -575 -563 -559 -539 -529 -523 -521 -455 -384 -296 -204 -115 -72 -65 -72 -82 -85 -83 -81 -80 -76 -73 -69 -66 -63 -61 -61 -59 -58 -58 -59 -63 -72 -81 -86 -88 -90 -89 -87 -85 -84 -93 -91 -91 -92 -91 -93 -93 -94 -94 -93 -91 -88 -84 -81 -77 -74 -74 -74 -73
-776 -778 -778 -767 -751 -734 -720 -709 -701 -694 -689 -684 -682 -679 -678 -677 -679 -676 -674 -673 -671 -670 -668 -660 -649 -637 -625 -616 -614 -605 -591 -577 -566 -564 -547 -528 -517 -517 -462 -392 -311 -225 -142 -82 -72 -77 -86 -87 -85 -82 -79 -76 -73 -70 -68 -65 -65 -64 -62 -60 -58 -56 -56 -66 -75 -81 -85 -87 -87 -84 -80 -77 -85 -89 -92 -93 -95 -96 -97 -97 -96 -95 -93 -91 -89 -86 -83 -81 -82 -82 -82
-753 -752 -749 -743 -733 -722 -711 -702 -696 -690 -686 -683 -680 -678 -675 -674 -682 -679 -676 -673 -670 -668 -668 -660 -648 -635 -621 -619 -615 -608 -599 -578 -568 -566 -549 -522 -517 -517 -468 -409 -333 -250 -173 -114 -90 -84 -85 -89 -84 -81 -78 -76 -75 -72 -70 -68 -68 -69 -68 -65 -63 -60 -59 -67 -75 -83 -88 -89 -88 -85 -82 -80 -85 -89 -93 -96 -99 -99 -101 -100 -98 -97 -96 -94 -94 -92 -92 -92 -93 -94 -95
-740 -733 -727 -724 -717 -709 -700 -695 -690 -687 -683 -680 -678 -676 -675 -674 -681 -677 -674 -671 -669 -666 -669 -661 -649 -634 -623 -622 -616 -611 -605 -578 -571 -569 -553 -530 -523 -523 -470 -425 -350 -271 -198 -138 -104 -86 -75 -75 -74 -74 -74 -77 -77 -75 -72 -72 -75 -77 -77 -75 -70 -66 -63 -71 -80 -89 -94 -93 -91 -88 -85 -84 -87 -90 -94 -98 -101 -103 -105 -102 -99 -98 -96 -96 -97 -97 -99 -101 -102 -104 -107
-731 -721 -714 -710 -705 -699 -694 -690 -686 -683 -679 -677 -675 -675 -674 -674 -678 -675 -672 -670 -667 -664 -663 -661 -650 -632 -624 -623 -619 -610 -608 -588 -573 -570 -557 -542 -530 -528 -456 -413 -355 -285 -216 -157 -114 -84 -67 -63 -65 -70 -75 -80 -83 -83 -78 -83 -88 -89 -88 -85 -81 -77 -74 -80 -87 -95 -99 -98 -95 -93 -90 -89 -90 -92 -96 -100 -103 -105 -105 -103 -100 -98 -98 -97 -98 -100 -102 -106 -108 -112 -115
-721 -712 -705 -701 -696 -692 -689 -686 -682 -678 -675 -673 -672 -674 -673 -676 -675 -674 -672 -669 -666 -663 -660 -657 -653 -628 -626 -623 -618 -610 -610 -592 -574 -572 -560 -547 -535 -530 -530 -425 -364 -293 -226 -166 -116 -78 -54 -51 -58 -67 -78 -89 -99 -107 -108 -109 -108 -106 -102 -99 -93 -88 -84 -88 -96 -103 -104 -103 -99 -95 -93 -92 -92 -94 -97 -101 -104 -108 -106 -102 -100 -98 -97 -98 -99 -102 -104 -108 -111 -114 -117
-715 -706 -699 -695 -691 -687 -685 -682 -679 -675 -672 -668 -669 -677 -676 -676 -675 -674 -672 -669 -665 -662 -659 -655 -651 -648 -627 -622 -616 -611 -611 -596 -575 -564 -570 -558 -541 -495 -530 -470 -386 -300 -229 -167 -113 -71 -43 -43 -52 -65 -81 -97 -115 -135 -133 -132 -125 -120 -116 -112 -104 -97 -92 -96 -101 -106 -107 -105 -103 -99 -96 -95 -95 -96 -98 -100 -102 -104 -102 -101 -99 -97 -96 -97 -100 -102 -105 -109 -112 -116 -120
-712 -703 -697 -692 -687 -684 -682 -679 -677 -673 -672 -667 -676 -676 -676 -675 -674 -673 -671 -668 -665 -662 -658 -654 -650 -646 -643 -622 -616 -613 -608 -602 -593 -581 -572 -561 -545 -491 -531 -493 -400 -293 -222 -158 -103 -62 -38 -36 -47 -62 -78 -93 -108 -121 -131 -137 -133 -127 -124 -120 -113 -107 -103 -104 -107 -109 -109 -108 -105 -103 -100 -97 -97 -98 -99 -99 -101 -100 -99 -98 -97 -96 -96 -97 -100 -103 -105 -108 -113 -117 -120
-708 -701 -696 -690 -686 -683 -682 -678 -675 -671 -677 -676 -676 -676 -675 -674 -673 -671 -669 -668 -665 -662 -658 -654 -649 -645 -641 -635 -626 -619 -612 -604 -595 -586 -575 -565 -549 -496 -527 -525 -419 -307 -215 -143 -89 -50 -28 -30 -42 -57 -74 -87 -101 -114 -127 -137 -133 -129 -126 -125 -120 -115 -112 -112 -113 -114 -112 -111 -109 -105 -103 -100 -100 -100 -100 -100 -100 -99 -97 -97 -97 -97 -97 -99 -101 -103 -105 -108 -113 -118 -122
-705 -698 -692 -687 -684 -680 -678 -676 -674 -674 -676 -676 -675 -675 -674 -673 -672 -670 -668 -667 -664 -661 -658 -654 -648 -644 -640 -634 -628 -620 -613 -605 -596 -587 -578 -568 -555 -517 -524 -524 -421 -308 -202 -115 -72 -43 -25 -30 -42 -54 -66 -81 -94 -105 -115 -122 -124 -124 -124 -123 -122 -121 -121 -120 -119 -119 -117 -115 -113 -110 -107 -104 -104 -104 -104 -104 -102 -101 -99 -99 -100 -100 -99 -102 -104 -106 -107 -109 -114 -120 -120
-701 -694 -689 -684 -680 -676 -674 -673 -672 -675 -675 -675 -675 -675 -674 -673 -672 -670 -668 -666 -663 -660 -657 -654 -649 -643 -639 -634 -627 -621 -613 -605 -597 -588 -567 -558 -548 -521 -521 -521 -416 -308 -197 -98 -75 -54 -33 -41 -51 -59 -64 -79 -90 -99 -105 -108 -115 -119 -120 -120 -122 -125 -128 -126 -125 -124 -123 -119 -116 -113 -110 -109 -108 -109 -109 -108 -107 -104 -102 -102 -104 -104 -104 -106 -108 -110 -110 -111 -115 -120 -120
-700 -692 -685 -680 -676 -672 -671 -670 -671 -674 -674 -674 -674 -674 -673 -671 -671 -670 -668 -666 -663 -660 -656 -653 -648 -643 -638 -632 -627 -621 -615 -608 -597 -571 -569 -561 -554 -548 -542 -518 -408 -333 -249 -174 -133 -104 -83 -76 -77 -79 -82 -89 -94 -97 -105 -110 -114 -117 -118 -118 -121 -125 -128 -128 -128 -127 -126 -124 -121 -117 -115 -112 -113 -114 -116 -116 -114 -111 -109 -109 -109 -110 -111 -113 -115 -114 -113 -113 -116 -119 -119
-694 -689 -682 -677 -673 -668 -668 -668 -668 -670 -673 -673 -673 -673 -673 -670 -669 -669 -668 -665 -662 -659 -656 -652 -649 -643 -638 -632 -626 -620 -613 -606 -598 -583 -570 -566 -563 -555 -516 -516 -458 -388 -323 -263 -211 -169 -143 -120 -109 -106 -106 -108 -110 -112 -116 -119 -120 -119 -117 -116 -120 -124 -128 -128 -128 -127 -127 -129 -126 -122 -118 -115 -117 -120 -123 -125 -122 -119 -116 -115 -115 -116 -118 -120 -122 -119 -117 -115 -116 -120 -120
-690 -687 -681 -674 -670 -666 -666 -665 -665 -666 -667 -672 -672 -672 -672 -671 -670 -669 -667 -665 -662 -658 -654 -651 -648 -644 -638 -632 -626 -619 -612 -605 -598 -590 -582 -571 -564 -554 -511 -510 -508 -449 -395 -346 -278 -215 -166 -144 -133 -130 -130 -127 -125 -126 -128 -131 -128 -123 -119 -116 -119 -123 -127 -129 -130 -129 -128 -130 -128 -125 -121 -118 -121 -126 -131 -135 -131 -126 -121 -120 -120 -122 -123 -122 -122 -119 -118 -116 -116 -120 -121
-690 -688 -679 -673 -667 -664 -663 -662 -662 -661 -661 -663 -670 -670 -670 -670 -669 -669 -667 -665 -661 -657 -653 -650 -647 -643 -638 -632 -626 -618 -611 -604 -597 -590 -582 -570 -564 -560 -529 -509 -509 -477 -439 -396 -326 -255 -199 -170 -156 -150 -147 -142 -138 -137 -138 -139 -134 -129 -123 -120 -122 -124 -127 -130 -131 -133 -133 -134 -133 -129 -126 -123 -126 -131 -136 -139 -137 -131 -126 -125 -125 -126 -127 -124 -122 -120 -118 -117 -117 -121 -121
-689 -684 -677 -670 -664 -660 -659 -658 -658 -657 -656 -657 -660 -669 -669 -668 -668 -667 -666 -664 -660 -657 -653 -649 -645 -641 -637 -632 -626 -618 -611 -604 -597 -589 -582 -572 -567 -545 -525 -512 -512 -492 -465 -434 -358 -283 -223 -191 -175 -166 -161 -153 -147 -143 -144 -145 -140 -134 -128 -125 -124 -127 -128 -131 -135 -138 -140 -142 -140 -137 -133 -130 -132 -136 -139 -139 -136 -132 -128 -128 -128 -129 -129 -126 -122 -120 -119 -119 -118 -123 -123
-687 -682 -675 -668 -662 -658 -656 -655 -655 -654 -653 -652 -653 -657 -665 -667 -666 -664 -654 -662 -660 -657 -653 -648 -644 -640 -636 -631 -626 -618 -611 -604 -597 -584 -581 -574 -553 -546 -531 -514 -514 -493 -463 -425 -363 -299 -244 -210 -189 -175 -167 -158 -150 -144 -143 -143 -141 -138 -134 -130 -130 -130 -130 -134 -139 -146 -150 -152 -151 -148 -144 -140 -140 -140 -139 -136 -135 -133 -131 -131 -131 -131 -129 -125 -123 -122 -120 -122 -121 -123 -123
