data/processed_DEMs/175_175_24179.asc
ncols        175
nrows        175
xllcorner    -9.254166666667
yllcorner    36.637500000000
cellsize     0.004166666667
NODATA_value -32767
[rows 0 to 39 of 175, columns 0 to 90 of 175]
-761 -680 -659 -598 -569 -543 -523 -514 -500 -482 -462 -443 -414 -390 -388 -388 -385 -380 -375 -370 -364 -358 -351 -342 -333 -317 -312 -308 -304 -299 -295 -290 -285 -279 -273 -267 -259 -252 -244 -236 -227 -217 -210 -203 -194 -188 -182 -179 -175 -172 -168 -165 -162 -159 -156 -154 -153 -150 -147 -145 -143 -142 -140 -138 -136 -134 -132 -129 -127 -124 -121 -117 -112 -110 -107 -104 -100 -97 -94 -91 -89 -86 -84 -81 -78 -76 -73 -68 -65 -62 -59
-765 -653 -644 -599 -575 -545 -525 -508 -494 -476 -460 -428 -407 -397 -391 -386 -381 -376 -371 -367 -362 -354 -347 -339 -330 -317 -311 -306 -302 -297 -292 -286 -280 -274 -270 -263 -256 -250 -242 -233 -227 -215 -206 -199 -191 -185 -180 -177 -172 -169 -166 -165 -163 -159 -156 -156 -154 -149 -146 -145 -143 -142 -140 -138 -136 -134 -132 -129 -127 -125 -121 -117 -114 -110 -107 -103 -100 -95 -93 -91 -88 -85 -82 -80 -77 -75 -71 -67 -63 -60 -56
-767 -698 -643 -600 -589 -553 -524 -503 -485 -478 -456 -424 -413 -406 -399 -392 -385 -383 -376 -367 -356 -349 -343 -335 -327 -319 -312 -306 -301 -295 -290 -283 -278 -271 -266 -259 -253 -246 -237 -229 -221 -212 -202 -195 -188 -182 -178 -174 -170 -166 -164 -162 -161 -157 -154 -154 -150 -147 -146 -144 -142 -141 -139 -137 -135 -133 -131 -128 -126 -124 -121 -117 -114 -110 -106 -102 -99 -93 -91 -88 -86 -83 -80 -78 -76 -72 -69 -65 -63 -57 -54
-733 -673 -634 -605 -594 -551 -523 -506 -486 -477 -452 -436 -426 -416 -408 -400 -394 -383 -372 -360 -350 -344 -340 -332 -325 -319 -312 -307 -301 -296 -290 -284 -277 -270 -264 -257 -250 -242 -233 -225 -216 -207 -198 -191 -185 -179 -175 -171 -167 -163 -161 -158 -156 -154 -151 -150 -147 -146 -144 -142 -141 -139 -137 -135 -133 -131 -130 -128 -125 -123 -121 -118 -114 -110 -106 -102 -98 -93 -90 -88 -86 -82 -80 -77 -74 -70 -66 -63 -60 -55 -52
-713 -666 -626 -584 -575 -540 -521 -506 -491 -482 -459 -447 -435 -424 -414 -407 -396 -382 -367 -357 -348 -342 -338 -330 -324 -319 -312 -307 -301 -295 -288 -282 -276 -268 -261 -254 -246 -240 -232 -222 -213 -204 -193 -186 -181 -176 -172 -169 -165 -161 -158 -156 -153 -151 -149 -147 -145 -144 -143 -141 -140 -138 -136 -134 -132 -130 -129 -126 -124 -122 -120 -117 -113 -106 -98 -93 -94 -91 -88 -86 -83 -81 -78 -73 -70 -65 -62 -59 -55 -52 -49
-677 -625 -626 -559 -540 -519 -501 -485 -464 -453 -469 -458 -445 -431 -424 -413 -398 -378 -364 -355 -346 -341 -336 -329 -323 -318 -312 -306 -299 -293 -287 -280 -273 -265 -259 -251 -244 -237 -229 -219 -209 -200 -190 -183 -178 -173 -169 -166 -162 -159 -156 -154 -152 -150 -148 -146 -143 -142 -141 -140 -138 -137 -135 -133 -131 -129 -127 -125 -123 -121 -118 -116 -111 -100 -91 -88 -91 -89 -86 -83 -81 -79 -75 -70 -66 -62 -58 -56 -53 -49 -46
-628 -603 -591 -573 -553 -507 -487 -469 -446 -434 -465 -459 -453 -444 -431 -415 -397 -374 -362 -355 -348 -341 -335 -328 -323 -316 -310 -303 -297 -291 -284 -277 -270 -263 -257 -249 -241 -233 -224 -215 -205 -195 -187 -181 -176 -171 -167 -163 -160 -157 -155 -152 -150 -148 -146 -145 -143 -142 -140 -139 -137 -135 -133 -131 -129 -127 -125 -123 -122 -120 -118 -115 -106 -94 -86 -90 -90 -87 -84 -82 -79 -76 -71 -67 -64 -59 -55 -53 -49 -45 -42
-596 -579 -565 -546 -526 -486 -469 -452 -437 -427 -421 -421 -432 -429 -422 -409 -395 -378 -363 -356 -349 -341 -336 -326 -321 -314 -308 -300 -295 -288 -282 -275 -268 -262 -254 -245 -237 -228 -219 -211 -201 -192 -184 -178 -173 -168 -165 -161 -157 -155 -153 -151 -149 -147 -145 -144 -143 -142 -140 -138 -136 -134 -133 -131 -129 -127 -125 -123 -121 -119 -117 -111 -100 -91 -85 -89 -88 -83 -81 -79 -76 -74 -69 -65 -61 -57 -53 -50 -45 -41 -37
-587 -571 -553 -535 -516 -474 -465 -447 -434 -428 -420 -418 -420 -412 -407 -396 -385 -373 -363 -355 -348 -341 -333 -326 -320 -314 -307 -300 -292 -286 -280 -272 -267 -266 -252 -242 -235 -225 -215 -208 -199 -189 -181 -174 -169 -166 -162 -158 -155 -153 -151 -148 -147 -145 -144 -143 -141 -140 -139 -137 -135 -133 -131 -129 -127 -125 -123 -121 -119 -117 -114 -104 -92 -86 -82 -87 -83 -79 -76 -75 -72 -71 -66 -63 -60 -55 -52 -47 -42 -37 -33
-587 -568 -549 -530 -507 -473 -469 -448 -434 -429 -418 -412 -413 -403 -393 -381 -371 -362 -357 -351 -345 -339 -334 -324 -318 -312 -306 -299 -292 -286 -280 -272 -265 -260 -251 -241 -234 -224 -215 -207 -198 -188 -181 -175 -168 -164 -160 -157 -154 -152 -150 -148 -146 -145 -144 -142 -141 -139 -137 -135 -134 -132 -130 -128 -126 -124 -122 -120 -118 -114 -109 -94 -79 -75 -72 -84 -79 -75 -72 -66 -66 -63 -60 -60 -57 -52 -47 -40 -38 -33 -29
-593 -563 -550 -536 -514 -496 -462 -447 -440 -431 -413 -399 -406 -394 -380 -369 -361 -353 -345 -342 -341 -335 -328 -321 -316 -309 -304 -297 -289 -283 -276 -268 -264 -260 -249 -239 -230 -221 -211 -202 -192 -183 -177 -170 -165 -161 -157 -155 -152 -150 -148 -146 -144 -143 -142 -140 -139 -137 -136 -134 -132 -131 -129 -126 -124 -122 -120 -118 -116 -110 -99 -81 -73 -69 -72 -77 -75 -71 -62 -58 -55 -56 -58 -57 -53 -49 -40 -34 -28 -22 -21
-623 -590 -572 -550 -527 -498 -467 -445 -440 -430 -407 -390 -377 -383 -370 -361 -352 -343 -335 -334 -333 -333 -331 -319 -313 -308 -303 -294 -291 -280 -274 -266 -262 -254 -245 -234 -226 -217 -206 -199 -189 -180 -174 -168 -163 -159 -155 -153 -150 -148 -146 -145 -143 -142 -141 -139 -138 -136 -135 -133 -131 -129 -127 -125 -122 -120 -118 -115 -108 -93 -82 -70 -63 -65 -71 -73 -70 -68 -63 -57 -53 -55 -57 -54 -47 -40 -37 -34 -26 -19 30
-680 -640 -604 -558 -526 -481 -453 -443 -440 -428 -402 -382 -371 -368 -361 -351 -343 -336 -328 -323 -319 -322 -323 -316 -312 -305 -300 -293 -288 -282 -272 -266 -260 -252 -245 -236 -227 -218 -210 -200 -188 -178 -172 -166 -161 -157 -153 -151 -148 -147 -145 -143 -142 -140 -139 -138 -137 -135 -134 -132 -130 -127 -125 -123 -121 -119 -116 -112 -105 -89 -75 -67 -76 -78 -77 -75 -69 -65 -62 -60 -58 -57 -58 -53 -46 -40 -35 -31 -28 -21 16
-698 -663 -609 -561 -525 -474 -451 -442 -439 -428 -395 -374 -361 -356 -353 -344 -335 -328 -320 -313 -314 -307 -314 -312 -308 -303 -298 -292 -287 -280 -274 -267 -261 -254 -248 -239 -230 -221 -212 -201 -189 -178 -170 -164 -159 -155 -152 -149 -146 -145 -143 -142 -141 -139 -138 -136 -135 -134 -132 -131 -128 -126 -124 -122 -120 -117 -114 -110 -105 -90 -76 -84 -85 -84 -82 -80 -78 -71 -64 -60 -58 -57 -56 -52 -46 -43 -37 -33 -28 3 38
-683 -643 -592 -558 -526 -475 -455 -446 -438 -416 -388 -369 -356 -352 -347 -339 -328 -320 -317 -306 -301 -302 -305 -304 -300 -295 -293 -288 -282 -278 -273 -266 -260 -252 -245 -236 -227 -220 -211 -199 -187 -176 -168 -162 -157 -153 -150 -148 -146 -144 -142 -141 -139 -138 -137 -135 -134 -133 -131 -130 -128 -125 -123 -121 -118 -115 -113 -109 -106 -99 -95 -94 -90 -89 -86 -84 -82 -75 -67 -63 -61 -59 -57 -53 -50 -46 -41 -35 -28 9 44
-655 -603 -561 -539 -509 -475 -460 -449 -438 -408 -386 -367 -355 -351 -343 -331 -321 -314 -306 -297 -297 -308 -303 -299 -296 -292 -288 -284 -280 -275 -271 -265 -259 -252 -244 -235 -227 -220 -209 -197 -183 -172 -165 -159 -159 -154 -149 -146 -144 -142 -141 -139 -138 -137 -135 -134 -133 -131 -130 -129 -127 -124 -122 -119 -114 -110 -107 -106 -105 -102 -99 -96 -93 -92 -89 -86 -85 -78 -72 -64 -67 -61 -58 -55 -52 -46 -40 -34 -30 2 36
-621 -570 -539 -514 -490 -468 -458 -449 -438 -397 -383 -366 -354 -352 -338 -325 -317 -307 -298 -293 -304 -312 -302 -298 -294 -291 -288 -283 -280 -276 -271 -265 -259 -252 -245 -235 -230 -222 -210 -195 -180 -170 -163 -159 -156 -152 -148 -145 -143 -141 -140 -138 -137 -135 -134 -132 -131 -130 -129 -128 -125 -122 -119 -116 -111 -105 -104 -105 -104 -102 -100 -97 -92 -92 -90 -88 -86 -82 -78 -71 -68 -63 -59 -54 -51 -43 -35 -30 -26 -23 4
-581 -543 -512 -497 -479 -463 -455 -448 -436 -391 -381 -363 -353 -354 -332 -320 -311 -301 -294 -293 -317 -314 -305 -302 -298 -294 -291 -287 -283 -279 -274 -268 -262 -255 -248 -238 -232 -223 -211 -194 -179 -168 -162 -157 -152 -148 -147 -144 -142 -141 -139 -138 -136 -134 -133 -132 -131 -130 -129 -127 -123 -120 -117 -112 -108 -105 -100 -105 -104 -102 -100 -97 -94 -93 -90 -88 -86 -82 -79 -74 -70 -65 -59 -54 -52 -43 -34 -28 -22 -17 -12
-536 -512 -497 -483 -466 -457 -448 -441 -426 -410 -381 -356 -353 -357 -326 -314 -305 -297 -295 -304 -338 -314 -309 -305 -302 -298 -295 -291 -287 -284 -278 -272 -265 -259 -251 -241 -233 -222 -212 -197 -179 -168 -160 -155 -151 -147 -146 -144 -142 -140 -139 -137 -136 -134 -132 -131 -130 -130 -128 -126 -122 -120 -116 -112 -109 -107 -103 -104 -103 -101 -99 -97 -95 -93 -90 -88 -85 -81 -78 -73 -67 -62 -58 -54 -50 -31 -33 -27 -23 -17 -13
-515 -506 -491 -463 -452 -448 -439 -430 -416 -404 -392 -355 -357 -364 -321 -309 -301 -296 -300 -320 -334 -317 -313 -310 -306 -303 -300 -297 -293 -288 -283 -277 -270 -263 -255 -245 -234 -222 -208 -192 -176 -165 -158 -153 -149 -147 -144 -142 -140 -139 -137 -136 -134 -132 -131 -130 -129 -128 -126 -124 -120 -118 -116 -113 -111 -109 -106 -104 -102 -100 -98 -96 -94 -92 -89 -86 -83 -80 -74 -70 -66 -62 -58 -55 -48 -38 -32 -27 -27 -26 -21
-508 -492 -457 -449 -446 -440 -432 -423 -412 -402 -390 -360 -367 -385 -407 -409 -385 -384 -371 -355 -335 -323 -320 -317 -314 -311 -307 -304 -301 -295 -288 -282 -275 -267 -258 -250 -237 -221 -203 -186 -172 -162 -155 -151 -148 -145 -142 -140 -138 -137 -135 -134 -132 -131 -129 -128 -127 -127 -124 -121 -117 -115 -114 -111 -109 -107 -105 -102 -99 -97 -97 -95 -93 -90 -89 -85 -82 -79 -72 -69 -65 -61 -58 -54 -50 -44 -40 -36 -32 -28 -24
-463 -452 -443 -446 -440 -433 -425 -417 -410 -403 -382 -367 -372 -386 -393 -387 -376 -392 -405 -391 -381 -331 -329 -327 -324 -321 -317 -369 -356 -432 -447 -288 -280 -270 -260 -245 -232 -217 -199 -182 -170 -161 -153 -149 -146 -143 -141 -138 -137 -135 -133 -131 -130 -129 -128 -127 -126 -125 -122 -118 -115 -113 -112 -110 -108 -106 -100 -95 -91 -91 -92 -92 -92 -90 -89 -85 -81 -76 -72 -69 -65 -61 -58 -54 -49 -45 -41 -37 -33 -29 -25
-447 -438 -439 -442 -434 -427 -419 -409 -402 -395 -373 -375 -375 -378 -382 -392 -381 -379 -403 -392 -383 -376 -374 -369 -354 -361 -367 -372 -376 -486 -584 -293 -285 -274 -262 -240 -223 -211 -196 -177 -168 -158 -151 -147 -144 -141 -139 -137 -135 -133 -131 -129 -128 -127 -126 -124 -124 -124 -119 -116 -113 -111 -111 -110 -106 -101 -92 -83 -80 -82 -86 -89 -90 -88 -86 -84 -80 -76 -72 -68 -64 -61 -57 -54 -49 -46 -41 -37 -33 -30 -25
-438 -433 -439 -435 -430 -421 -412 -402 -394 -384 -363 -382 -380 -379 -387 -387 -379 -375 -390 -390 -381 -375 -369 -363 -354 -357 -373 -432 -484 -618 -730 -695 -286 -272 -258 -237 -219 -201 -186 -172 -163 -155 -150 -146 -143 -141 -138 -136 -134 -132 -130 -129 -127 -126 -125 -124 -123 -122 -118 -115 -112 -111 -111 -109 -99 -93 -81 -78 -77 -80 -84 -88 -89 -86 -84 -82 -80 -76 -71 -68 -64 -61 -57 -53 -49 -45 -41 -37 -34 -30 -26
-433 -436 -442 -436 -427 -416 -404 -392 -382 -370 -351 -376 -382 -374 -375 -372 -367 -367 -372 -378 -379 -379 -376 -372 -362 -357 -370 -400 -331 -321 -310 -297 -285 -262 -242 -231 -231 -195 -177 -165 -158 -152 -148 -144 -142 -139 -137 -135 -133 -131 -129 -128 -126 -125 -124 -124 -122 -119 -116 -114 -110 -110 -109 -105 -92 -86 -81 -82 -88 -87 -88 -86 -86 -84 -83 -81 -79 -76 -70 -67 -64 -61 -58 -53 -49 -46 -42 -37 -34 -30 -26
-433 -443 -448 -438 -425 -409 -395 -379 -364 -351 -336 -366 -376 -386 -377 -367 -365 -365 -371 -381 -386 -386 -385 -378 -369 -395 -512 -716 -336 -326 -315 -301 -283 -264 -241 -220 -209 -187 -171 -162 -155 -151 -147 -144 -141 -138 -136 -134 -132 -130 -128 -127 -126 -124 -123 -122 -121 -117 -114 -110 -112 -110 -105 -98 -102 -98 -94 -93 -93 -90 -88 -85 -85 -84 -82 -80 -78 -75 -71 -67 -64 -61 -58 -54 -50 -46 -41 -37 -33 -30 -26
-431 -460 -463 -441 -415 -388 -371 -357 -341 -328 -317 -308 -300 -429 -392 -371 -372 -367 -371 -391 -397 -398 -396 -392 -373 -365 -359 -350 -340 -327 -313 -292 -268 -251 -233 -215 -199 -181 -169 -164 -151 -150 -146 -143 -140 -138 -135 -133 -131 -129 -127 -126 -125 -123 -122 -120 -120 -115 -113 -113 -111 -106 -102 -100 -100 -99 -98 -96 -94 -92 -89 -87 -86 -84 -82 -80 -78 -75 -71 -67 -64 -61 -58 -54 -50 -45 -41 -37 -33 -29 -25
-424 -463 -473 -431 -386 -351 -335 -323 -310 -302 -299 -292 -284 -510 -430 -379 -393 -387 -380 -402 -406 -410 -407 -401 -388 -377 -366 -355 -343 -327 -308 -278 -253 -236 -222 -205 -191 -175 -163 -157 -151 -148 -144 -141 -138 -135 -133 -131 -129 -128 -126 -124 -123 -121 -119 -118 -115 -113 -109 -111 -108 -105 -101 -99 -100 -99 -98 -97 -95 -93 -90 -87 -85 -83 -81 -79 -76 -74 -70 -67 -64 -61 -57 -53 -49 -45 -41 -37 -32 -28 -24
-421 -451 -453 -419 -358 -310 -299 -287 -278 -271 -273 -274 -271 -636 -546 -388 -374 -363 -384 -413 -421 -421 -411 -409 -404 -391 -377 -360 -342 -322 -299 -264 -240 -223 -209 -192 -179 -170 -161 -155 -150 -146 -142 -139 -136 -134 -132 -130 -128 -126 -124 -123 -121 -119 -119 -115 -113 -113 -112 -110 -105 -104 -102 -99 -100 -100 -99 -98 -95 -92 -89 -87 -85 -82 -80 -78 -75 -72 -69 -66 -63 -60 -57 -53 -49 -44 -40 -36 -32 -28 -23
-409 -425 -423 -393 -340 -274 -254 -248 -245 -241 -244 -252 -255 -689 -679 -567 -380 -371 -396 -430 -486 -495 -421 -416 -407 -395 -378 -354 -334 -308 -283 -248 -223 -206 -194 -182 -170 -164 -157 -153 -148 -142 -138 -136 -134 -131 -129 -127 -126 -124 -122 -120 -119 -117 -115 -112 -111 -111 -109 -107 -103 -103 -103 -101 -100 -100 -99 -98 -96 -92 -89 -87 -85 -82 -80 -78 -75 -71 -68 -65 -63 -60 -57 -53 -49 -44 -40 -35 -31 -26 -20
-385 -388 -364 -339 -310 -246 -229 -221 -218 -219 -222 -227 -235 -690 -676 -594 -394 -378 -427 -472 -527 -536 -428 -419 -406 -386 -363 -337 -315 -290 -257 -229 -207 -192 -183 -174 -166 -160 -156 -153 -150 -142 -138 -136 -134 -132 -129 -128 -126 -124 -122 -120 -118 -114 -112 -110 -110 -111 -109 -106 -104 -102 -102 -100 -99 -96 -96 -93 -91 -90 -88 -86 -84 -81 -79 -77 -74 -70 -67 -64 -62 -59 -55 -51 -48 -43 -38 -34 -29 -23 -15
-491 -420 -371 -306 -273 -229 -204 -200 -197 -195 -200 -207 -216 -674 -667 -551 -385 -393 -466 -544 -591 -583 -472 -432 -404 -381 -354 -328 -301 -266 -234 -214 -199 -187 -178 -170 -164 -160 -155 -153 -148 -142 -136 -135 -134 -131 -129 -127 -126 -124 -122 -121 -117 -113 -112 -111 -111 -111 -109 -107 -106 -104 -101 -100 -99 -97 -96 -94 -92 -90 -88 -85 -82 -80 -78 -76 -73 -68 -66 -63 -61 -57 -54 -50 -46 -41 -36 -31 -27 -19 50
-485 -416 -368 -363 -252 -211 -184 -176 -179 -177 -179 -185 -195 -216 -291 -308 -327 -433 -509 -646 -663 -637 -506 -423 -391 -372 -346 -315 -281 -221 -218 -199 -188 -179 -172 -166 -161 -157 -152 -149 -145 -139 -133 -131 -131 -130 -125 -124 -124 -123 -121 -119 -115 -110 -111 -111 -111 -109 -108 -107 -105 -103 -100 -98 -97 -96 -95 -93 -91 -89 -87 -84 -81 -79 -77 -75 -72 -67 -65 -62 -59 -56 -52 -48 -43 -38 -34 -30 -24 28 67
-444 -391 -364 -362 -228 -183 -179 -166 -164 -170 -172 -172 -177 -201 -264 -272 -306 -459 -551 -711 -696 -637 -514 -421 -383 -360 -332 -297 -259 -227 -207 -189 -179 -173 -168 -163 -158 -154 -151 -148 -144 -138 -132 -129 -130 -129 -125 -124 -124 -122 -118 -110 -105 -107 -109 -108 -109 -108 -106 -105 -104 -102 -102 -98 -97 -96 -94 -92 -90 -88 -85 -83 -80 -78 -75 -73 -70 -66 -63 -61 -58 -54 -50 -46 -41 -36 9 42 49 50 81
-453 -413 -354 -306 -251 -201 -197 -174 -160 -163 -163 -165 -175 -245 -227 -238 -277 -487 -591 -709 -697 -586 -520 -432 -384 -351 -317 -279 -231 -214 -196 -181 -172 -167 -164 -160 -156 -152 -149 -145 -143 -139 -131 -125 -129 -128 -126 -125 -124 -119 -114 -103 -100 -104 -107 -107 -106 -106 -105 -104 -102 -100 -99 -98 -96 -94 -93 -90 -88 -86 -84 -81 -79 -76 -74 -71 -67 -64 -62 -59 -55 -52 -48 -44 -39 3 33 61 40 67 88
-498 -449 -370 -322 -290 -253 -222 -217 -189 -162 -148 -145 -149 -201 -222 -245 -281 -532 -631 -693 -685 -641 -582 -566 -398 -355 -311 -264 -223 -204 -185 -175 -168 -163 -159 -157 -153 -151 -148 -145 -142 -139 -136 -131 -130 -128 -126 -124 -120 -112 -102 -101 -101 -105 -108 -108 -107 -106 -104 -103 -102 -100 -98 -97 -95 -94 -92 -90 -88 -86 -84 -82 -80 -76 -73 -71 -66 -62 -60 -57 -53 -50 -45 -41 -36 12 41 68 51 77 96
-548 -489 -405 -392 -364 -339 -301 -284 -251 -213 -158 -150 -157 -193 -231 -265 -294 -613 -667 -696 -683 -668 -621 -594 -432 -379 -318 -251 -215 -195 -181 -172 -167 -161 -158 -155 -152 -150 -147 -143 -141 -138 -136 -133 -130 -125 -126 -124 -118 -109 -99 -100 -103 -108 -109 -109 -107 -105 -104 -103 -101 -99 -98 -97 -96 -95 -93 -91 -89 -87 -85 -82 -78 -73 -71 -69 -64 -60 -58 -53 -50 -46 -43 -38 -33 14 37 38 59 71 72
-588 -527 -474 -441 -423 -396 -372 -350 -326 -303 -250 -191 -187 -220 -249 -299 -352 -700 -702 -692 -681 -666 -645 -625 -501 -425 -349 -285 -231 -193 -178 -170 -164 -158 -156 -153 -150 -147 -145 -142 -140 -136 -134 -132 -129 -126 -124 -120 -109 -105 -95 -98 -101 -107 -107 -107 -105 -104 -102 -99 -100 -99 -98 -96 -95 -94 -92 -90 -83 -82 -77 -70 -61 -59 -63 -64 -61 -58 -54 -50 -46 -43 -40 -34 -28 14 26 43 56 56 57
-581 -547 -486 -467 -464 -453 -476 -475 -449 -406 -350 -313 -331 -384 -386 -444 -522 -720 -714 -698 -679 -665 -646 -626 -567 -496 -395 -295 -235 -198 -173 -166 -164 -156 -155 -150 -147 -143 -141 -139 -134 -133 -131 -129 -127 -125 -124 -120 -110 -100 -90 -91 -94 -94 -101 -102 -102 -100 -98 -88 -94 -96 -94 -93 -92 -90 -87 -82 -75 -67 -61 -57 -53 -53 -59 -60 -57 -54 -50 -46 -42 -40 -36 -29 3 14 30 33 41 34 27
-637 -555 -497 -480 -482 -496 -515 -521 -520 -519 -515 -499 -519 -514 -539 -590 -650 -733 -730 -710 -698 -689 -668 -647 -576 -502 -387 -287 -228 -194 -175 -165 -160 -154 -152 -148 -144 -141 -139 -136 -134 -132 -129 -127 -125 -123 -121 -118 -109 -96 -84 -79 -87 -92 -98 -99 -98 -98 -96 -91 -90 -92 -91 -90 -87 -82 -77 -75 -72 -69 -61 -56 -57 -56 -56 -57 -55 -51 -45 -42 -38 -34 -29 4 6 8 15 16 22 26 40
