data/processed_DEMs/175_175_24179.asc
ncols        175
nrows        175
xllcorner    -9.254166666667
yllcorner    36.637500000000
cellsize     0.004166666667
NODATA_value -32767
[rows 40 to 79 of 175, columns 0 to 90 of 175]
-685 -523 -504 -488 -484 -495 -508 -528 -549 -557 -575 -579 -602 -602 -645 -694 -728 -737 -728 -731 -721 -712 -691 -660 -604 -593 -387 -296 -229 -196 -176 -164 -157 -152 -150 -146 -142 -141 -138 -136 -133 -131 -129 -126 -124 -122 -120 -116 -105 -93 -80 -79 -88 -98 -99 -101 -100 -98 -96 -94 -92 -91 -90 -88 -85 -80 -76 -73 -70 -66 -64 -63 -61 -57 -55 -55 -54 -49 -44 -38 -33 28 29 26 17 6 10 12 48 58 52
-704 -533 -519 -535 -503 -506 -517 -534 -552 -581 -590 -608 -641 -665 -704 -746 -770 -761 -747 -767 -749 -727 -698 -662 -608 -595 -441 -353 -274 -217 -186 -167 -157 -151 -147 -144 -142 -140 -137 -135 -133 -131 -129 -125 -123 -121 -119 -116 -104 -91 -80 -80 -89 -97 -98 -100 -97 -95 -94 -92 -91 -90 -88 -86 -83 -79 -72 -63 -58 -49 -52 -61 -60 -58 -55 -52 -49 -43 -40 -35 -27 28 38 37 13 4 8 18 41 50 54
-751 -557 -535 -532 -524 -529 -536 -547 -562 -589 -606 -631 -675 -712 -758 -795 -800 -784 -769 -795 -761 -738 -708 -674 -616 -599 -497 -386 -311 -237 -193 -169 -157 -150 -145 -142 -140 -137 -136 -134 -132 -129 -123 -117 -117 -113 -115 -114 -109 -98 -79 -80 -88 -94 -95 -96 -92 -91 -90 -90 -89 -87 -85 -82 -79 -70 -60 -54 -52 -46 -43 -53 -56 -55 -51 -43 -37 -34 -31 -25 -20 5 24 36 23 10 7 22 56 69 56
-675 -584 -555 -551 -571 -555 -560 -568 -587 -610 -640 -673 -714 -764 -810 -832 -824 -809 -798 -810 -778 -754 -726 -682 -585 -559 -472 -349 -278 -222 -184 -166 -155 -148 -143 -140 -138 -136 -134 -133 -131 -128 -122 -113 -108 -107 -107 -109 -107 -94 -80 -79 -84 -91 -93 -91 -81 -85 -89 -87 -83 -80 -70 -77 -72 -62 -54 -52 -52 -48 -43 -46 -49 -49 -40 -32 -28 -26 -23 -21 -19 -15 24 30 19 15 21 19 15 40 59
-664 -607 -583 -576 -589 -584 -589 -599 -617 -646 -683 -722 -765 -819 -854 -860 -852 -842 -832 -824 -794 -772 -734 -669 -566 -544 -431 -311 -239 -198 -172 -160 -153 -146 -142 -139 -137 -135 -133 -130 -128 -122 -117 -109 -101 -97 -95 -99 -99 -85 -80 -79 -81 -89 -88 -80 -70 -73 -75 -73 -66 -62 -57 -59 -59 -59 -58 -57 -55 -53 -48 -42 -39 -38 -32 -28 -26 -27 -29 -28 -24 -17 16 24 23 23 28 44 50 34 23
-651 -623 -640 -589 -589 -597 -605 -624 -635 -663 -705 -777 -823 -874 -894 -900 -895 -886 -860 -819 -804 -781 -745 -698 -619 -597 -468 -278 -203 -174 -160 -148 -149 -145 -142 -138 -135 -133 -131 -127 -122 -116 -111 -107 -99 -91 -86 -89 -89 -77 -76 -79 -82 -84 -77 -67 -60 -60 -59 -58 -50 -48 -48 -51 -56 -58 -58 -58 -56 -54 -45 -39 -37 -36 -37 -34 -30 4 6 -31 -27 -21 -15 27 33 42 30 37 56 72 72
-528 -501 -496 -609 -615 -614 -643 -639 -655 -677 -722 -888 -905 -914 -930 -948 -941 -922 -882 -836 -825 -796 -759 -715 -627 -533 -469 -448 -203 -160 -148 -148 -146 -143 -140 -137 -133 -130 -128 -121 -114 -110 -106 -103 -99 -88 -80 -81 -77 -69 -70 -76 -78 -78 -62 -57 -54 -54 -50 -48 -46 -46 -49 -56 -57 -58 -58 -57 -57 -54 -48 -42 -39 -43 -45 -42 -35 -35 -34 -31 -26 -21 -14 21 38 44 46 49 65 83 105
-647 -594 -582 -608 -601 -604 -642 -665 -696 -721 -788 -889 -932 -948 -967 -981 -969 -939 -893 -823 -810 -792 -758 -718 -636 -554 -484 -439 -216 -139 -133 -144 -145 -142 -138 -134 -131 -128 -125 -116 -104 -103 -103 -101 -96 -82 -77 -71 -65 -69 -65 -65 -67 -60 -57 -58 -53 -51 -48 -47 -48 -52 -55 -57 -59 -60 -59 -58 -58 -55 -49 -45 -43 -46 -47 -43 -41 -36 -32 -28 -25 -20 -14 -8 16 20 27 43 77 92 95
-697 -649 -633 -633 -625 -630 -657 -684 -716 -755 -826 -914 -955 -979 -995 -995 -981 -937 -855 -821 -811 -789 -789 -766 -673 -588 -521 -503 -249 -177 -148 -152 -156 -150 -142 -135 -131 -127 -121 -113 -105 -102 -100 -98 -94 -85 -77 -70 -65 -66 -65 -60 -60 -60 -60 -59 -61 -58 -56 -51 -54 -58 -58 -59 -61 -61 -60 -59 -59 -55 -53 -51 -49 -48 -47 -45 -40 -35 -30 -26 -23 -19 -14 -7 18 35 56 48 76 95 102
-704 -677 -659 -656 -650 -650 -664 -705 -745 -788 -854 -945 -984 -1004 -1005 -982 -938 -887 -833 -809 -802 -824 -841 -803 -736 -698 -664 -627 -329 -257 -212 -197 -174 -128 -137 -134 -128 -124 -116 -112 -104 -100 -94 -97 -90 -82 -74 -70 -65 -62 -62 -58 -59 -61 -61 -62 -59 -56 -56 -53 -57 -59 -60 -59 -60 -58 -58 -57 -56 -55 -54 -52 -50 -49 -46 -42 -37 -34 -29 -25 -22 -18 -13 37 32 55 72 72 72 75 100
-711 -700 -683 -668 -666 -673 -693 -733 -773 -823 -886 -957 -1007 -1025 -1011 -976 -924 -871 -828 -800 -795 -882 -885 -850 -791 -742 -667 -547 -442 -330 -270 -290 -198 -159 -130 -128 -123 -118 -113 -105 -104 -100 -95 -92 -85 -79 -72 -67 -63 -61 -60 -59 -59 -61 -61 -60 -55 -54 -56 -55 -56 -60 -60 -60 -59 -57 -57 -56 -55 -55 -55 -53 -51 -48 -44 -40 -36 -32 -28 -24 -20 10 16 41 56 59 81 102 94 87 87
-606 -607 -662 -675 -691 -707 -735 -770 -813 -866 -931 -990 -1137 -1126 -1103 -1079 -926 -877 -843 -827 -828 -939 -909 -849 -725 -632 -529 -412 -404 -287 -227 -202 -158 -141 -123 -125 -121 -115 -111 -108 -105 -100 -94 -88 -81 -76 -70 -65 -59 -59 -61 -63 -61 -59 -62 -58 -58 -56 -56 -58 -59 -60 -60 -60 -59 -58 -57 -56 -56 -56 -56 -54 -51 -48 -44 -39 -35 -31 -27 3 26 49 50 68 57 64 67 98 117 113 99
-504 -518 -622 -686 -715 -742 -784 -829 -879 -924 -984 -1139 -1140 -1129 -1097 -1074 -955 -911 -886 -879 -887 -932 -893 -828 -718 -635 -573 -455 -316 -205 -177 -162 -148 -138 -128 -120 -114 -111 -107 -104 -102 -96 -91 -83 -76 -71 -66 -56 -56 -58 -63 -61 -59 -60 -60 -59 -60 -60 -61 -61 -63 -63 -61 -61 -59 -58 -58 -57 -56 -56 -56 -55 -51 -47 -43 -39 -35 -30 28 50 65 38 81 102 71 80 88 86 104 113 113
-464 -475 -595 -690 -743 -781 -834 -884 -933 -979 -1033 -1164 -1155 -1127 -1105 -1093 -1014 -983 -962 -945 -933 -890 -884 -808 -572 -489 -432 -381 -252 -157 -152 -149 -144 -138 -131 -118 -110 -105 -97 -98 -98 -93 -89 -80 -72 -68 -62 -55 -56 -58 -62 -59 -61 -62 -61 -60 -61 -62 -62 -61 -62 -62 -61 -62 -60 -60 -58 -58 -57 -57 -57 -55 -50 -46 -42 -38 -34 22 77 95 36 61 66 97 92 65 91 98 97 106 119
-472 -463 -561 -680 -783 -835 -884 -1042 -1078 -1168 -1204 -1155 -1091 -1052 -1040 -1016 -992 -980 -1018 -988 -949 -906 -812 -695 -584 -485 -407 -317 -190 -147 -148 -145 -140 -134 -125 -118 -108 -102 -95 -93 -92 -90 -86 -79 -68 -63 -58 -55 -56 -57 -58 -59 -61 -61 -60 -59 -58 -59 -59 -60 -60 -59 -59 -59 -60 -60 -59 -58 -57 -56 -54 -52 -50 -46 -41 -36 -33 44 124 131 58 91 60 78 95 84 91 108 119 120 124
-507 -503 -563 -955 -976 -1062 -1112 -1086 -1140 -1233 -1228 -1154 -1103 -1075 -1060 -1030 -977 -952 -978 -982 -948 -892 -777 -631 -507 -417 -327 -200 -140 -134 -144 -141 -134 -129 -118 -113 -104 -98 -91 -90 -91 -89 -85 -72 -63 -58 -58 -63 -57 -56 -57 -59 -60 -59 -57 -58 -57 -60 -60 -62 -61 -60 -58 -59 -59 -60 -59 -58 -57 -56 -54 -52 -51 -44 -39 -34 -30 37 114 51 80 85 79 100 113 103 108 99 120 131 127
-595 -586 -630 -977 -1002 -1080 -1130 -1145 -1209 -1269 -1247 -1185 -1144 -1119 -1100 -1039 -973 -962 -949 -952 -924 -858 -748 -626 -443 -372 -277 -183 -134 -128 -141 -137 -129 -123 -113 -107 -100 -95 -90 -85 -87 -86 -79 -71 -65 -61 -59 -58 -56 -58 -57 -58 -58 -59 -59 -62 -61 -62 -61 -62 -62 -60 -59 -60 -60 -60 -60 -58 -57 -55 -54 -53 -51 -46 -41 -31 -29 20 104 68 109 106 88 112 127 124 119 117 118 133 131
-643 -683 -748 -1056 -1077 -1139 -1188 -1204 -1260 -1285 -1253 -1187 -1141 -1122 -1106 -1048 -1014 -1019 -964 -963 -924 -835 -738 -613 -496 -335 -305 -195 -130 -137 -140 -133 -122 -116 -108 -102 -97 -91 -88 -83 -81 -79 -79 -77 -70 -62 -58 -56 -53 -54 -59 -57 -57 -57 -61 -62 -60 -62 -61 -63 -62 -60 -60 -60 -61 -61 -59 -58 -57 -55 -54 -52 -48 -44 -38 -31 -27 -19 80 71 112 124 106 101 123 130 130 130 128 135 134
-906 -968 -1073 -1182 -1224 -1239 -1284 -1306 -1315 -1310 -1270 -1229 -1199 -1159 -1125 -1092 -1073 -1059 -1034 -1012 -892 -774 -658 -513 -406 -329 -256 -155 -126 -136 -134 -125 -113 -111 -106 -100 -95 -91 -87 -83 -78 -77 -83 -82 -69 -61 -56 -55 -53 -54 -57 -57 -58 -58 -61 -61 -60 -61 -61 -62 -61 -61 -61 -61 -61 -61 -60 -58 -57 -56 -53 -50 -45 -41 -35 -29 -21 -12 59 101 115 124 119 112 122 128 132 134 134 134 130
-994 -1061 -1152 -1257 -1279 -1287 -1305 -1319 -1325 -1321 -1281 -1251 -1232 -1205 -1166 -1121 -1089 -1060 -1020 -983 -874 -757 -638 -483 -338 -247 -182 -141 -134 -133 -125 -120 -113 -110 -106 -102 -98 -93 -91 -86 -82 -81 -87 -83 -69 -59 -56 -55 -54 -54 -56 -59 -60 -60 -61 -60 -60 -60 -59 -60 -60 -60 -61 -61 -61 -61 -60 -59 -57 -55 -52 -49 -43 -38 -33 -33 -15 33 45 76 90 95 121 122 126 133 134 135 136 135 131
-1085 -1133 -1200 -1304 -1317 -1327 -1337 -1340 -1340 -1335 -1299 -1260 -1222 -1169 -1135 -1115 -1091 -1053 -1004 -977 -873 -787 -665 -447 -322 -219 -150 -127 -126 -127 -129 -129 -123 -119 -113 -109 -101 -97 -97 -93 -90 -86 -89 -82 -69 -60 -58 -58 -56 -56 -59 -61 -62 -63 -62 -60 -60 -60 -59 -59 -59 -60 -60 -61 -61 -61 -60 -59 -57 -53 -48 -44 -39 -33 -27 -20 36 64 71 61 90 95 120 128 131 132 127 131 135 133 124
-1138 -1161 -1219 -1314 -1331 -1350 -1352 -1352 -1354 -1349 -1312 -1263 -1218 -1189 -1173 -1142 -1103 -1063 -1016 -982 -899 -883 -696 -542 -430 -240 -139 -135 -124 -120 -125 -127 -127 -124 -119 -115 -108 -102 -100 -100 -97 -91 -89 -83 -66 -61 -61 -62 -60 -60 -62 -61 -61 -61 -61 -60 -61 -60 -58 -58 -59 -61 -60 -61 -62 -62 -60 -57 -53 -49 -45 -40 -35 -29 -22 21 30 65 92 83 101 116 117 126 127 121 115 131 133 126 120
-1178 -1181 -1225 -1306 -1345 -1366 -1371 -1372 -1374 -1366 -1328 -1290 -1266 -1228 -1159 -1118 -1081 -1032 -997 -943 -882 -854 -714 -584 -465 -345 -237 -188 -140 -127 -122 -123 -124 -122 -119 -116 -114 -106 -103 -97 -95 -96 -94 -90 -80 -68 -64 -63 -63 -64 -63 -60 -61 -60 -60 -59 -61 -58 -57 -57 -59 -59 -60 -61 -62 -61 -58 -53 -50 -46 2 3 4 2 37 64 57 57 90 110 106 110 123 126 121 111 110 123 130 132 131
-1225 -1228 -1246 -1282 -1315 -1382 -1393 -1392 -1386 -1377 -1357 -1320 -1279 -1224 -1158 -1110 -1070 -1039 -999 -941 -885 -857 -827 -636 -557 -435 -346 -298 -245 -196 -173 -129 -115 -115 -114 -114 -113 -109 -105 -100 -98 -97 -95 -91 -84 -77 -71 -68 -68 -68 -63 -62 -61 -60 -62 -60 -61 -57 -56 -56 -57 -57 -59 -63 -61 -59 -55 -51 -47 5 16 23 35 48 41 82 66 65 97 105 115 119 121 120 114 96 96 114 128 132 133
-1274 -1279 -1286 -1296 -1292 -1382 -1405 -1402 -1392 -1380 -1355 -1304 -1260 -1218 -1185 -1139 -1084 -1046 -1009 -940 -896 -870 -840 -845 -637 -570 -510 -468 -421 -389 -290 -157 -102 -100 -99 -100 -109 -107 -104 -101 -98 -96 -92 -88 -75 -70 -72 -71 -69 -66 -62 -60 -59 -58 -57 -55 -56 -54 -54 -54 -54 -55 -58 -61 -58 -55 -52 -48 -43 13 36 56 47 40 42 60 76 68 90 111 116 117 120 114 112 98 94 112 119 118 110
-1276 -1299 -1312 -1313 -1308 -1392 -1416 -1410 -1398 -1382 -1341 -1306 -1277 -1245 -1194 -1140 -1096 -1061 -1013 -948 -906 -884 -888 -908 -734 -707 -682 -604 -545 -472 -347 -225 -170 -106 -98 -96 -97 -105 -103 -102 -99 -97 -94 -82 -76 -73 -75 -72 -70 -67 -63 -60 -57 -56 -55 -54 -54 -54 -54 -55 -57 -61 -59 -59 -56 -53 -49 -44 -37 22 56 62 104 103 70 73 81 98 95 92 103 114 115 106 100 95 87 97 100 111 104
-1263 -1300 -1328 -1343 -1362 -1421 -1428 -1419 -1404 -1386 -1355 -1331 -1294 -1262 -1216 -1149 -1102 -1070 -1023 -968 -954 -957 -964 -966 -930 -915 -758 -692 -631 -544 -441 -312 -221 -137 -106 -99 -97 -101 -99 -101 -100 -100 -99 -89 -84 -81 -77 -74 -73 -72 -65 -62 -63 -59 -57 -56 -56 -57 -57 -58 -61 -63 -63 -59 -55 -52 -47 -39 -34 30 66 103 138 132 111 98 99 109 115 107 108 107 109 97 87 85 74 81 98 105 95
-1288 -1314 -1340 -1370 -1408 -1439 -1436 -1424 -1407 -1390 -1359 -1339 -1321 -1284 -1222 -1159 -1119 -1092 -1067 -1035 -1023 -1029 -1022 -985 -923 -908 -798 -766 -735 -680 -579 -411 -319 -213 -146 -105 -96 -96 -94 -102 -102 -100 -95 -89 -84 -78 -77 -76 -75 -72 -67 -64 -63 -61 -59 -58 -58 -57 -58 -60 -63 -63 -61 -56 -51 -47 -43 -36 1 37 79 128 146 146 139 125 120 121 117 98 93 90 87 80 76 79 66 69 86 98 81
-1340 -1361 -1380 -1403 -1435 -1455 -1447 -1432 -1403 -1386 -1378 -1356 -1334 -1315 -1269 -1221 -1194 -1190 -1168 -1147 -1128 -1103 -1091 -1084 -1067 -1050 -1016 -953 -793 -734 -634 -508 -411 -315 -229 -161 -121 -101 -97 -100 -101 -99 -96 -92 -88 -81 -79 -76 -73 -71 -70 -65 -63 -62 -59 -58 -58 -57 -58 -61 1 3 1 -53 -49 -44 -39 -33 -28 38 80 128 138 141 138 131 122 121 115 98 83 76 76 73 73 76 60 60 81 93 85
-1366 -1393 -1401 -1454 -1468 -1464 -1457 -1449 -1441 -1439 -1429 -1422 -1402 -1368 -1313 -1278 -1251 -1246 -1207 -1173 -1136 -1106 -1095 -1069 -1016 -979 -959 -942 -831 -771 -694 -592 -484 -358 -265 -191 -183 -137 -97 -96 -102 -98 -95 -92 -91 -86 -84 -79 -74 -72 -70 -66 -64 -62 -60 -60 -59 -58 -62 2 3 2 -55 -52 -48 -43 -38 -31 -25 31 69 112 128 132 128 118 105 109 109 105 95 79 69 66 71 78 55 61 85 96 87
-1410 -1437 -1447 -1475 -1482 -1472 -1464 -1457 -1448 -1446 -1442 -1446 -1441 -1416 -1351 -1301 -1263 -1237 -1195 -1146 -1116 -1079 -1054 -1001 -949 -918 -899 -882 -863 -819 -766 -692 -600 -477 -379 -278 -215 -151 -105 -96 -99 -97 -95 -93 -92 -90 -87 -83 -75 -73 -70 -68 -66 -66 -63 -61 -59 -59 -63 2 -59 -56 -53 -51 -47 -42 -38 -28 -20 22 65 102 118 120 117 106 95 90 95 99 91 76 78 75 71 75 53 73 96 96 82
-1461 -1490 -1503 -1506 -1497 -1478 -1470 -1465 -1459 -1456 -1452 -1456 -1456 -1436 -1356 -1282 -1230 -1206 -1180 -1139 -1105 -1056 -982 -931 -891 -844 -814 -804 -852 -815 -769 -720 -639 -531 -438 -339 -233 -161 -112 -95 -95 -96 -96 -94 -93 -92 -89 -86 -81 -78 -73 -70 -69 -71 -69 -68 -66 -63 -63 -59 -55 -53 -51 -46 -41 -38 -32 -23 -14 31 69 103 106 106 109 101 91 85 83 83 76 65 63 64 79 77 57 81 96 84 76
-1507 -1527 -1536 -1526 -1509 -1488 -1474 -1467 -1456 -1451 -1434 -1432 -1447 -1432 -1347 -1272 -1232 -1202 -1153 -1094 -1052 -998 -925 -878 -837 -825 -822 -812 -821 -803 -731 -681 -605 -500 -416 -332 -247 -161 -119 -95 -93 -96 -97 -94 -92 -92 -90 -87 -85 -80 -79 -76 -72 -72 -71 -69 -62 -62 -60 -57 -53 -49 -48 -36 -37 -34 -26 -15 51 77 93 100 98 103 97 94 87 81 69 66 65 59 58 58 53 60 56 71 75 61 56
-1565 -1558 -1552 -1549 -1534 -1510 -1481 -1455 -1419 -1408 -1389 -1376 -1363 -1334 -1296 -1274 -1242 -1212 -1183 -1196 -1158 -1066 -985 -927 -914 -916 -745 -787 -800 -787 -740 -682 -599 -499 -408 -331 -260 -195 -150 -123 -109 -102 -97 -91 -90 -92 -92 -90 -87 -84 -81 -77 -74 -72 -70 -68 -63 -59 -56 -53 -52 -49 -44 -35 -35 -28 -19 67 86 89 90 89 89 91 89 86 78 71 68 62 59 62 64 71 64 46 55 70 71 57 51
-1590 -1575 -1565 -1557 -1550 -1529 -1499 -1468 -1436 -1428 -1409 -1363 -1335 -1298 -1256 -1256 -1244 -1216 -1210 -1214 -1188 -1133 -1090 -1038 -1017 -1003 -828 -871 -856 -822 -769 -703 -613 -513 -417 -345 -281 -224 -181 -148 -127 -113 -101 -92 -93 -94 -96 -93 -90 -86 -83 -78 -73 -71 -69 -67 -64 -58 -56 -52 -48 -46 -40 -32 -27 -23 58 80 83 82 83 81 80 82 76 74 72 69 69 64 57 55 59 65 62 43 61 67 64 57 54
-1602 -1584 -1571 -1561 -1553 -1531 -1505 -1481 -1450 -1442 -1419 -1371 -1339 -1299 -1264 -1260 -1239 -1212 -1214 -1219 -1211 -1199 -1175 -1161 -1100 -1075 -935 -951 -931 -876 -806 -727 -634 -535 -444 -369 -305 -251 -205 -170 -144 -125 -111 -101 -99 -99 -98 -96 -92 -88 -83 -79 -73 -71 -69 -66 -63 -60 -56 -53 -50 -44 -40 -33 -25 36 64 73 76 75 79 74 67 67 66 67 66 60 55 57 54 52 56 57 51 36 54 55 52 42 40
-1601 -1584 -1570 -1562 -1542 -1506 -1475 -1461 -1447 -1440 -1435 -1373 -1337 -1308 -1281 -1271 -1247 -1219 -1214 -1217 -1217 -1215 -1211 -1202 -1165 -1127 -1093 -1080 -1027 -933 -842 -752 -656 -559 -469 -393 -329 -273 -225 -187 -157 -135 -119 -109 -105 -103 -102 -98 -93 -87 -82 -79 -75 -72 -69 -66 -63 -61 -59 -54 -48 -43 -37 -29 -22 31 48 65 71 69 74 70 62 60 58 58 57 50 50 52 52 48 49 49 46 32 41 49 44 21 20
-1588 -1578 -1571 -1557 -1531 -1498 -1476 -1460 -1428 -1430 -1393 -1341 -1309 -1293 -1281 -1256 -1231 -1220 -1223 -1224 -1220 -1217 -1211 -1203 -1170 -1137 -1121 -1101 -1083 -955 -854 -769 -672 -575 -484 -413 -350 -291 -238 -195 -164 -140 -123 -113 -108 -106 -105 -100 -94 -87 -83 -80 -76 -71 -69 -67 -61 -58 -57 -52 -41 -39 -34 -24 -19 35 52 61 64 61 62 65 57 53 49 47 47 46 46 47 47 45 45 46 45 29 25 37 26 9 54
-1584 -1564 -1551 -1535 -1522 -1506 -1484 -1460 -1423 -1404 -1363 -1330 -1302 -1287 -1279 -1260 -1243 -1236 -1230 -1228 -1225 -1218 -1200 -1186 -1154 -1116 -1100 -1054 -945 -881 -819 -758 -673 -580 -489 -412 -343 -285 -234 -194 -162 -139 -123 -113 -107 -106 -106 -100 -93 -84 -82 -80 -76 -73 -71 -67 -60 -55 -53 -50 -37 -35 -32 -25 4 48 61 58 56 55 54 55 52 46 42 43 44 43 45 44 40 40 44 48 47 41 -113 -112 -44 -16 44
-1571 -1550 -1530 -1499 -1471 -1477 -1471 -1448 -1395 -1346 -1315 -1302 -1288 -1272 -1262 -1239 -1212 -1198 -1176 -1178 -1170 -1151 -1120 -1117 -1070 -1031 -1014 -989 -921 -838 -778 -741 -669 -579 -486 -406 -333 -271 -222 -183 -154 -132 -116 -105 -102 -103 -105 -100 -94 -88 -84 -81 -78 -75 -72 -69 -61 -54 -44 -41 -43 23 69 26 45 59 61 54 51 52 51 51 49 43 38 38 40 38 40 42 36 38 42 46 42 33 -144 -128 -13 -14 6
