data/processed_DEMs/175_175_20675.asc
ncols        175
nrows        175
xllcorner    8.712500000000
yllcorner    42.479166666667
cellsize     0.004166666667
NODATA_value -32767
[rows 111 to 147 of 175, columns 0 to 82 of 175]
-1671 -1605 -1607 -1631 -1687 -1577 -1555 -1578 -1551 -1477 -1514 -1474 -1387 -1398 -1319 -1292 -1346 -1331 -1275 -1282 -1261 -1197 -1189 -1203 -1086 -1035 -1011 -988 -1008 -975 -978 -994 -985 -961 -977 -1009 -1133 -1171 -1025 -947 -942 -902 -871 -876 -875 -865 -832 -781 -763 -792 -823 -764 -727 -684 -656 -648 -635 -707 -861 -912 -855 -741 -661 -596 -518 -431 -353 -263 -222 -210 -191 -175 -167 -162 -156 -148 -144 -140 -143 -132 -94 -70 -64
-1621 -1544 -1519 -1494 -1607 -1634 -1531 -1483 -1448 -1420 -1393 -1378 -1343 -1314 -1270 -1183 -1222 -1204 -1166 -1138 -1149 -1111 -1085 -1064 -1061 -1000 -950 -944 -961 -944 -948 -933 -919 -918 -915 -976 -1017 -972 -1013 -926 -891 -874 -846 -806 -804 -783 -782 -730 -710 -736 -770 -743 -695 -648 -605 -589 -572 -637 -722 -870 -870 -796 -700 -590 -518 -465 -379 -299 -230 -191 -175 -168 -161 -153 -147 -142 -143 -138 -95 -70 -71 -67 -62
-1534 -1476 -1416 -1428 -1506 -1497 -1505 -1428 -1336 -1308 -1281 -1247 -1214 -1235 -1222 -1130 -1087 -1068 -1048 -1042 -1013 -1013 -1001 -978 -961 -951 -916 -928 -920 -908 -892 -861 -861 -877 -881 -957 -910 -910 -901 -857 -841 -839 -816 -785 -738 -716 -698 -692 -650 -661 -697 -708 -666 -628 -573 -533 -524 -541 -601 -734 -848 -845 -798 -733 -651 -552 -477 -371 -267 -197 -176 -167 -155 -145 -142 -143 -128 -90 -76 -79 -77 -69 -59
-1447 -1463 -1383 -1358 -1364 -1380 -1452 -1439 -1321 -1235 -1195 -1158 -1132 -1133 -1126 -1082 -1013 -973 -953 -958 -934 -904 -901 -896 -886 -891 -879 -897 -874 -861 -833 -782 -767 -801 -849 -909 -852 -894 -870 -815 -801 -800 -787 -752 -698 -662 -632 -615 -596 -585 -633 -640 -623 -562 -524 -467 -460 -467 -500 -612 -743 -789 -794 -804 -708 -571 -490 -443 -371 -245 -184 -166 -149 -143 -134 -101 -77 -68 -63 -68 -65 -59 -56
-1378 -1401 -1308 -1253 -1228 -1237 -1306 -1369 -1345 -1217 -1139 -1094 -1042 -1045 -1072 -1022 -945 -900 -861 -885 -866 -835 -790 -753 -767 -800 -836 -840 -831 -814 -770 -729 -705 -732 -822 -829 -808 -849 -812 -776 -750 -738 -722 -697 -646 -600 -575 -553 -543 -531 -548 -555 -546 -517 -480 -407 -376 -404 -444 -525 -626 -677 -678 -721 -761 -648 -551 -458 -382 -306 -218 -170 -146 -124 -83 -86 -85 -69 -68 -63 -59 -59 -55
-1270 -1328 -1258 -1176 -1122 -1109 -1140 -1253 -1275 -1194 -1094 -1041 -983 -952 -989 -942 -885 -827 -795 -809 -782 -706 -669 -669 -678 -714 -793 -793 -783 -754 -717 -692 -657 -706 -806 -744 -748 -799 -770 -712 -679 -637 -606 -573 -550 -526 -520 -495 -481 -468 -454 -471 -449 -452 -400 -343 -317 -342 -385 -431 -521 -590 -629 -680 -731 -720 -639 -567 -481 -372 -265 -178 -144 -88 -71 -70 -76 -76 -65 -60 -59 -57 -56
-1186 -1249 -1242 -1152 -1051 -977 -976 -1052 -1097 -1084 -1053 -1024 -941 -888 -882 -869 -858 -822 -753 -696 -655 -625 -610 -603 -614 -683 -754 -746 -723 -668 -638 -622 -618 -688 -722 -681 -699 -745 -722 -686 -604 -561 -521 -483 -459 -440 -442 -430 -407 -395 -367 -366 -346 -290 -278 -267 -237 -266 -290 -316 -375 -509 -586 -666 -707 -628 -640 -563 -481 -393 -295 -237 -126 -79 -71 -70 -67 -66 -64 -60 -57 -57 -58
-1017 -1149 -1201 -1141 -1022 -919 -878 -931 -958 -979 -1011 -956 -887 -822 -791 -770 -781 -767 -721 -666 -610 -578 -561 -553 -577 -680 -704 -696 -651 -580 -549 -546 -586 -668 -639 -616 -632 -678 -653 -592 -534 -483 -465 -419 -383 -376 -357 -355 -322 -286 -262 -247 -203 -170 -156 -139 -140 -150 -181 -194 -264 -397 -503 -619 -655 -611 -527 -559 -527 -467 -409 -352 -257 -167 -128 -99 -75 -66 -59 -56 -54 -55 -53
-959 -1065 -1124 -1088 -959 -854 -813 -816 -852 -841 -913 -890 -831 -771 -729 -702 -705 -703 -672 -627 -586 -551 -526 -522 -579 -637 -640 -639 -592 -520 -492 -508 -566 -602 -577 -532 -555 -611 -626 -551 -464 -398 -379 -322 -306 -300 -294 -278 -217 -171 -138 -126 -121 -122 -123 -122 -119 -118 -120 -138 -157 -221 -388 -587 -631 -594 -492 -400 -457 -449 -379 -334 -256 -159 -128 -118 -108 -96 -69 -60 -58 -55 -53
-907 -985 -1059 -1054 -907 -786 -734 -714 -724 -792 -831 -808 -759 -720 -676 -643 -630 -628 -617 -592 -553 -520 -493 -486 -542 -571 -572 -568 -552 -490 -454 -461 -489 -518 -492 -476 -493 -528 -565 -529 -433 -348 -294 -226 -175 -163 -153 -143 -132 -122 -115 -114 -115 -114 -113 -112 -102 -104 -110 -111 -99 -99 -302 -490 -608 -579 -489 -389 -297 -268 -255 -235 -166 -138 -128 -121 -112 -99 -92 -82 -60 -53 -49
-814 -895 -979 -990 -888 -752 -669 -642 -675 -705 -731 -729 -698 -661 -616 -581 -565 -560 -558 -530 -494 -460 -446 -453 -489 -496 -493 -490 -477 -429 -391 -398 -412 -429 -411 -392 -415 -486 -503 -494 -429 -333 -213 -153 -133 -124 -112 -110 -100 -97 -95 -94 -93 -89 -88 -89 -87 -87 -85 -82 -78 -79 -255 -407 -572 -563 -470 -339 -172 -134 -129 -134 -126 -120 -118 -118 -110 -101 -86 -73 -59 -51 -42
-755 -827 -919 -923 -824 -726 -624 -590 -598 -638 -663 -657 -628 -589 -549 -519 -511 -489 -461 -433 -412 -387 -367 -392 -406 -408 -405 -383 -359 -332 -301 -314 -324 -344 -322 -306 -339 -392 -415 -412 -390 -263 -162 -125 -109 -104 -98 -88 -89 -89 -87 -87 -84 -81 -81 -79 -79 -78 -78 -78 -77 -79 -231 -386 -480 -547 -494 -356 -174 -94 -84 -88 -83 -76 -73 -76 -81 -81 -73 -63 -52 -43 -34
-771 -842 -855 -824 -762 -654 -567 -538 -547 -572 -616 -604 -561 -536 -464 -455 -425 -375 -321 -280 -256 -235 -260 -291 -317 -314 -306 -260 -198 -163 -152 -184 -215 -230 -201 -169 -235 -286 -319 -329 -309 -227 -128 -104 -95 -94 -89 -82 -81 -81 -80 -82 -81 -76 -73 -72 -74 -74 -75 -74 -77 -124 -275 -377 -436 -479 -506 -368 -210 -98 -85 -85 -81 -77 -69 -59 -63 -72 -70 -59 -51 -41 -29
-755 -722 -683 -677 -648 -601 -535 -507 -508 -520 -548 -534 -457 -376 -333 -307 -239 -187 -156 -148 -144 -142 -147 -157 -158 -180 -160 -150 -129 -123 -118 -117 -120 -123 -116 -112 -130 -186 -215 -231 -213 -123 -92 -83 -86 -83 -83 -78 -80 -79 -77 -78 -73 -71 -71 -70 -70 -73 -74 -76 -79 -80 -168 -258 -344 -389 -457 -415 -243 -105 -84 -81 -70 -71 -64 -61 -61 -65 -62 -57 -43 -31 -20
-721 -638 -547 -521 -502 -506 -493 -461 -443 -433 -423 -373 -281 -219 -223 -174 -156 -151 -147 -144 -141 -140 -138 -136 -138 -138 -137 -128 -119 -118 -116 -115 -117 -110 -104 -102 -114 -127 -128 -124 -117 -93 -84 -83 -84 -81 -83 -80 -78 -74 -72 -70 -68 -68 -69 -69 -69 -68 -66 -68 -73 -71 -75 -173 -293 -336 -404 -397 -262 -115 -74 -71 -70 -65 -66 -66 -63 -60 -61 -52 -43 -34 -20
-708 -589 -494 -443 -420 -413 -404 -376 -346 -328 -297 -229 -180 -166 -161 -156 -155 -149 -146 -144 -141 -139 -136 -133 -130 -128 -124 -118 -117 -114 -109 -106 -106 -101 -100 -98 -97 -97 -97 -93 -87 -84 -84 -83 -83 -81 -76 -78 -75 -75 -73 -71 -71 -69 -68 -66 -63 -63 -69 -71 -71 -69 -67 -107 -209 -279 -355 -371 -285 -144 -71 -64 -66 -62 -67 -64 -60 -58 -57 -50 -44 -30 48
-626 -538 -457 -408 -370 -349 -327 -293 -260 -226 -196 -177 -167 -162 -160 -153 -150 -147 -145 -142 -139 -137 -133 -130 -126 -122 -118 -113 -111 -107 -105 -101 -98 -96 -94 -93 -93 -90 -89 -87 -82 -83 -84 -83 -81 -78 -77 -77 -75 -72 -71 -71 -68 -68 -67 -65 -66 -68 -68 -68 -64 -64 -64 -79 -123 -211 -241 -299 -276 -138 -72 -63 -66 -71 -70 -61 -60 -58 -53 -47 -40 -26 33
-551 -457 -428 -383 -330 -292 -263 -232 -214 -190 -176 -169 -163 -158 -155 -151 -148 -146 -142 -140 -137 -134 -131 -128 -124 -120 -115 -112 -109 -105 -103 -104 -103 -98 -92 -92 -90 -90 -91 -88 -86 -84 -81 -78 -78 -76 -78 -77 -75 -74 -71 -71 -71 -72 -67 -67 -66 -65 -64 -63 -64 -66 -65 -72 -87 -136 -213 -225 -241 -164 -86 -71 -68 -67 -64 -60 -56 -54 -51 -44 -36 -26 4
-515 -435 -388 -343 -289 -241 -225 -202 -184 -175 -169 -164 -159 -155 -151 -148 -146 -141 -138 -137 -135 -132 -129 -126 -122 -117 -112 -108 -104 -100 -97 -97 -96 -94 -89 -89 -88 -89 -87 -86 -84 -81 -75 -75 -76 -74 -77 -78 -76 -76 -75 -75 -73 -69 -69 -68 -66 -64 -65 -64 -65 -67 -69 -74 -82 -87 -108 -104 -115 -140 -89 -71 -66 -64 -58 -59 -54 -50 -46 -41 -34 -27 3
-573 -460 -374 -302 -243 -224 -196 -182 -175 -169 -168 -160 -155 -151 -148 -143 -140 -139 -138 -135 -134 -131 -128 -124 -120 -113 -108 -105 -102 -100 -102 -102 -97 -95 -93 -87 -85 -83 -82 -80 -80 -77 -72 -77 -79 -77 -77 -79 -76 -75 -74 -73 -70 -71 -70 -68 -67 -65 -66 -66 -70 -71 -70 -72 -74 -82 -84 -85 -81 -78 -73 -67 -64 -60 -54 -51 -48 -46 -43 -39 -32 -26 3
-550 -452 -354 -260 -217 -193 -183 -178 -171 -166 -160 -156 -152 -149 -144 -140 -139 -137 -135 -134 -129 -122 -120 -116 -113 -108 -104 -100 -100 -99 -99 -95 -94 -92 -88 -84 -81 -77 -76 -75 -71 -71 -72 -71 -74 -76 -78 -80 -79 -78 -75 -73 -71 -70 -69 -69 -69 -72 -73 -73 -75 -76 -73 -69 -66 -68 -70 -72 -72 -70 -67 -60 -53 -47 -44 -38 -39 -34 -30 -26 -22 8 27
-586 -458 -337 -238 -195 -186 -181 -185 -170 -160 -157 -154 -149 -144 -141 -138 -134 -132 -131 -127 -123 -118 -117 -109 -104 -103 -99 -99 -99 -97 -93 -91 -86 -81 -81 -74 -73 -73 -71 -68 -68 -69 -72 -73 -81 -82 -83 -82 -80 -76 -73 -70 -69 -68 -69 -73 -71 -74 -75 -76 -76 -71 -65 -66 -66 -67 -67 -62 -62 -60 -57 -49 -42 -36 -32 -27 -22 4 19 31 56 66 63
-667 -494 -346 -232 -191 -185 -181 -174 -164 -157 -154 -149 -145 -142 -139 -134 -129 -124 -119 -114 -114 -113 -108 -106 -102 -102 -98 -96 -92 -91 -87 -82 -77 -73 -72 -70 -68 -69 -71 -71 -72 -75 -77 -80 -83 -80 -81 -72 -68 -72 -68 -68 -66 -67 -60 -65 -61 -60 -62 -61 -53 -51 -52 -52 -54 -53 -45 -42 -41 -43 -34 -36 -36 -31 8 58 73 84 91 134 153 120 105
-753 -601 -451 -286 -223 -203 -185 -172 -159 -153 -148 -143 -140 -137 -133 -129 -126 -123 -120 -116 -114 -111 -110 -106 -103 -100 -96 -94 -87 -83 -79 -76 -73 -72 -77 -78 -58 -53 -54 -53 -51 -48 -47 -61 -72 -67 -59 -54 -52 -48 -46 -46 -46 -34 -37 -43 -41 -40 -45 -44 -40 -39 -39 -38 -39 -35 -36 -33 -31 -31 -28 -28 -27 -20 10 109 160 178 188 245 225 177 122
-771 -572 -302 -413 -456 -348 -238 -173 -155 -146 -141 -138 -135 -130 -129 -127 -123 -119 -117 -114 -107 -109 -107 -103 -101 -98 -92 -86 -85 -78 -75 -74 -79 -78 -71 -68 -58 -48 -41 -40 -42 -34 -43 -55 -58 -58 -45 -39 -37 -38 -40 -35 10 -34 -15 -27 -28 -32 -35 -34 -31 -26 3 4 7 9 10 9 1 13 -13 -15 -14 1 33 80 115 143 202 223 235 202 133
-716 -702 -704 -666 -603 -479 -338 -214 -162 -146 -136 -130 -129 -126 -123 -124 -117 -116 -114 -109 -105 -105 -103 -99 -97 -94 -87 -79 -74 -71 -75 -76 -80 -80 -78 -73 -59 -48 -37 -27 -26 -34 -40 -44 -42 -44 -37 -31 -28 -25 -20 -24 7 1 -10 -9 -20 -21 -21 2 10 16 21 23 23 18 23 17 50 45 16 -2 3 13 25 54 83 130 160 136 149 191 192
-687 -632 -576 -599 -629 -512 -380 -236 -166 -146 -137 -130 -125 -121 -120 -118 -114 -110 -108 -106 -102 -101 -99 -96 -99 -94 -82 -73 -57 -57 -69 -73 -72 -71 -72 -70 -64 -58 -45 -31 -21 -23 -30 -28 -29 -24 -20 -19 -17 35 72 77 37 13 5 7 10 10 11 19 21 68 80 34 43 47 48 58 69 46 11 2 8 19 31 48 61 93 118 104 141 178 216
-519 -461 -378 -459 -568 -453 -303 -192 -157 -143 -134 -128 -120 -117 -114 -110 -108 -106 -103 -100 -97 -97 -96 -88 -84 -80 -76 -62 -48 -44 -42 -45 -47 -48 -54 -56 -54 -45 -33 -26 -19 -12 -12 -16 -12 -13 6 11 10 40 93 77 40 20 17 20 32 37 35 23 32 83 123 96 89 104 73 55 37 17 6 12 13 16 22 28 41 53 70 98 136 180 213
-309 -316 -270 -300 -465 -410 -290 -188 -157 -137 -128 -125 -118 -108 -105 -103 -101 -100 -98 -95 -94 -88 -83 -79 -75 -74 -74 -65 -54 -38 -26 -25 -27 -43 -50 -50 -49 -38 -28 -23 4 13 25 19 14 39 12 18 26 45 77 73 45 29 42 58 77 78 63 41 37 79 129 99 82 93 105 93 38 11 10 23 33 47 50 33 36 46 59 81 105 153 218
-156 -160 -150 -199 -348 -420 -416 -241 -161 -135 -124 -115 -109 -106 -104 -102 -98 -95 -90 -86 -79 -77 -79 -79 -83 -87 -64 -60 -50 -42 -24 -11 -17 -35 -46 -47 -43 -34 -24 -18 10 33 67 60 57 75 102 101 99 109 117 101 60 41 61 85 108 114 93 61 56 108 152 101 80 68 51 41 21 13 23 48 93 150 119 54 53 77 78 86 97 121 186
-137 -137 -145 -195 -386 -531 -480 -274 -163 -126 -113 -104 -99 -94 -94 -94 -95 -90 -87 -79 -65 -74 -86 -85 -77 -76 -73 -62 -52 -44 -34 -27 -32 -37 -39 -37 -37 -34 -24 14 27 45 61 86 112 178 245 249 219 198 163 109 62 75 132 176 228 206 167 109 102 169 183 157 119 59 28 23 23 26 46 108 222 266 175 108 66 89 118 133 158 166 199
-133 -132 -132 -173 -249 -447 -463 -309 -174 -116 -97 -83 -75 -87 -89 -86 -85 -82 -83 -69 -69 -74 -61 -57 -54 -54 -51 -53 -49 -42 -37 -26 -26 -25 -26 -21 -23 -24 -17 8 24 39 41 64 125 216 255 301 341 320 250 166 92 124 212 293 326 305 257 219 216 238 176 143 76 34 30 36 51 61 94 169 269 273 161 108 84 114 196 205 183 204 263
-130 -129 -130 -130 -152 -175 -332 -332 -152 -98 -77 -64 -64 -79 -88 -84 -87 -76 -64 -56 -53 -48 -45 -44 -45 -46 -44 -39 -31 -34 -33 -29 9 13 17 11 5 -10 4 6 10 19 28 53 104 147 218 340 444 418 285 180 121 178 282 303 290 249 240 232 212 186 130 75 46 38 40 42 56 80 124 185 262 289 208 129 106 124 172 207 225 264 297
-128 -128 -128 -126 -115 -110 -161 -265 -185 -133 -88 -69 -65 -70 -66 -61 -57 -54 -48 -40 -41 -40 -38 -35 -33 -33 -25 -12 -8 -15 15 35 44 40 70 79 42 23 15 14 13 20 31 45 73 130 226 308 394 400 316 241 215 228 265 243 210 173 156 156 152 116 80 55 44 42 50 55 56 71 99 132 165 212 263 259 198 143 148 198 286 361 332
-125 -124 -123 -118 -108 -104 -135 -191 -181 -130 -97 -71 -79 -85 -80 -65 -55 -51 -47 -32 -24 -16 -18 18 31 33 27 15 27 14 41 114 129 102 133 204 166 96 53 34 27 36 62 84 105 157 209 263 356 409 375 319 246 187 186 180 160 141 126 125 101 77 60 52 51 58 79 89 70 71 84 101 124 177 281 345 247 177 186 259 346 353 291
-120 -115 -114 -106 -101 -112 -128 -144 -175 -156 -109 -98 -94 -89 -71 -70 -70 -66 -57 -47 -34 -18 1 7 27 43 44 43 35 42 86 166 227 255 238 212 154 90 53 37 42 67 107 145 175 219 271 328 420 418 379 316 222 154 142 178 165 117 102 89 72 64 62 64 74 89 107 101 81 81 85 95 125 197 295 367 313 258 280 311 307 288 313
-113 -86 -84 -91 -86 -89 -109 -119 -148 -144 -120 -106 -95 -85 -77 -73 -69 -66 -60 -52 -40 -32 -22 8 22 37 56 73 72 82 113 150 205 274 235 141 88 65 54 50 68 95 130 211 293 343 407 444 397 288 258 205 172 136 125 140 132 106 87 80 83 79 83 96 100 114 131 127 107 105 103 109 149 221 310 431 408 339 373 350 301 370 426
