data/processed_DEMs/75_75_4282.asc
ncols        75
nrows        75
xllcorner    2.208333333333
yllcorner    39.420833333333
cellsize     0.004166666667
NODATA_value -32767
[rows 0 to 53 of 75, columns 0 to 74 of 75]
-468 -453 -438 -423 -409 -395 -380 -365 -350 -337 -331 -313 -309 -303 -297 -292 -286 -285 -285 -285 -283 -277 -271 -265 -264 -237 -210 -183 -162 -162 -161 -152 -144 -141 -130 -131 -132 -131 -128 -124 -118 -116 -114 -112 -110 -110 -110 -111 -110 -109 -107 -106 -104 -101 -99 -97 -95 -94 -92 -91 -91 -90 -89 -87 -86 -84 -82 -80 -79 -78 -77 -76 -75 -74 -72
-437 -423 -406 -393 -379 -364 -349 -334 -323 -316 -312 -293 -286 -278 -272 -267 -265 -261 -257 -256 -251 -241 -228 -215 -204 -190 -164 -145 -138 -138 -137 -132 -127 -125 -123 -124 -124 -125 -119 -114 -110 -109 -109 -108 -107 -107 -108 -109 -108 -105 -103 -100 -98 -97 -95 -93 -90 -89 -87 -86 -85 -84 -83 -82 -81 -80 -79 -78 -78 -77 -76 -75 -74 -73 -71
-407 -392 -376 -363 -349 -334 -319 -308 -302 -301 -284 -275 -265 -256 -248 -242 -243 -237 -230 -223 -215 -204 -192 -179 -169 -159 -145 -132 -128 -123 -120 -119 -117 -116 -116 -115 -115 -115 -111 -107 -106 -106 -107 -107 -107 -108 -108 -107 -105 -101 -98 -95 -93 -92 -91 -89 -87 -85 -83 -81 -80 -79 -78 -78 -77 -77 -77 -77 -76 -76 -75 -74 -73 -70 -67
-377 -361 -346 -333 -320 -305 -297 -296 -276 -269 -263 -256 -248 -238 -226 -219 -221 -217 -209 -197 -185 -176 -166 -153 -147 -143 -130 -122 -122 -113 -110 -111 -109 -109 -110 -107 -106 -107 -107 -106 -105 -106 -107 -107 -107 -108 -107 -104 -102 -98 -95 -91 -90 -90 -89 -87 -85 -83 -80 -78 -78 -77 -76 -75 -75 -75 -75 -75 -75 -75 -74 -74 -70 -65 -60
-348 -332 -319 -309 -299 -293 -286 -266 -258 -250 -244 -237 -231 -223 -211 -203 -201 -197 -188 -176 -163 -156 -147 -136 -133 -132 -119 -113 -113 -108 -107 -107 -106 -106 -104 -102 -102 -105 -107 -106 -106 -106 -106 -105 -104 -104 -103 -101 -99 -96 -95 -92 -90 -90 -88 -86 -84 -82 -79 -77 -77 -76 -75 -74 -74 -74 -74 -74 -74 -74 -71 -69 -64 -58 -51
-327 -315 -304 -295 -290 -284 -272 -249 -241 -233 -226 -218 -212 -205 -197 -188 -180 -174 -166 -157 -148 -141 -135 -128 -126 -124 -118 -110 -108 -107 -107 -106 -105 -105 -101 -100 -102 -106 -107 -106 -105 -104 -103 -102 -101 -100 -100 -98 -96 -94 -93 -91 -89 -88 -87 -85 -83 -82 -80 -78 -78 -77 -76 -75 -74 -74 -74 -73 -71 -69 -64 -60 -55 -49 -43
-307 -296 -284 -275 -269 -260 -254 -233 -225 -215 -207 -199 -191 -183 -176 -167 -158 -153 -148 -142 -136 -132 -128 -124 -122 -119 -116 -108 -105 -106 -106 -105 -104 -102 -100 -100 -102 -107 -107 -105 -103 -102 -100 -99 -98 -97 -97 -95 -93 -92 -90 -89 -88 -87 -86 -84 -83 -82 -81 -80 -79 -78 -77 -76 -76 -74 -72 -69 -65 -60 -55 -50 -46 -40 -35
-291 -280 -272 -266 -252 -241 -234 -232 -209 -199 -189 -180 -171 -163 -156 -149 -141 -137 -134 -132 -129 -126 -124 -122 -120 -117 -114 -107 -105 -106 -106 -104 -104 -100 -99 -99 -100 -104 -104 -103 -101 -99 -98 -97 -96 -95 -94 -92 -91 -89 -87 -86 -86 -85 -85 -84 -83 -82 -82 -81 -81 -79 -78 -77 -76 -73 -68 -61 -56 -50 -44 -41 -36 -31 -26
-275 -268 -259 -249 -236 -224 -216 -200 -192 -183 -174 -163 -155 -148 -142 -137 -131 -127 -127 -127 -126 -124 -122 -120 -119 -116 -112 -109 -107 -106 -105 -104 -103 -100 -98 -98 -99 -100 -100 -100 -98 -97 -96 -95 -94 -93 -91 -89 -88 -87 -86 -85 -85 -84 -84 -83 -83 -82 -82 -82 -81 -79 -77 -76 -74 -68 -61 -53 -47 -41 -35 -30 -26 -23 -17
-264 -254 -244 -233 -221 -210 -203 -182 -175 -166 -159 -149 -143 -138 -134 -130 -126 -125 -125 -125 -125 -124 -121 -119 -117 -114 -111 -109 -108 -106 -104 -103 -102 -100 -98 -97 -98 -98 -97 -97 -96 -95 -94 -93 -91 -90 -89 -88 -87 -86 -85 -84 -84 -83 -83 -83 -82 -82 -81 -81 -80 -78 -76 -73 -68 -61 -53 -46 -39 -33 -27 -20 7 29 76
-251 -239 -228 -217 -204 -191 -185 -167 -160 -153 -147 -140 -135 -132 -130 -128 -125 -125 -125 -125 -124 -122 -120 -118 -114 -111 -109 -107 -106 -105 -102 -101 -100 -99 -98 -97 -96 -96 -95 -94 -94 -93 -91 -89 -88 -88 -88 -87 -86 -85 -84 -83 -83 -82 -82 -82 -81 -80 -79 -79 -78 -75 -71 -65 -59 -53 -46 -38 -31 -24 28 48 58 70 99
-237 -224 -213 -202 -188 -181 -173 -158 -152 -147 -141 -135 -131 -129 -128 -127 -126 -126 -125 -123 -121 -119 -117 -115 -111 -108 -106 -105 -104 -103 -100 -99 -98 -97 -96 -95 -94 -94 -93 -92 -91 -90 -89 -87 -87 -87 -87 -86 -85 -85 -84 -83 -82 -82 -80 -80 -79 -78 -77 -76 -73 -68 -62 -56 -50 -44 -38 -31 23 60 145 161 173 198 209
-223 -212 -200 -188 -181 -173 -166 -154 -149 -144 -139 -133 -130 -129 -128 -127 -126 -125 -123 -122 -120 -118 -116 -112 -109 -107 -104 -102 -100 -99 -98 -97 -96 -95 -94 -93 -92 -91 -90 -90 -89 -88 -88 -87 -86 -86 -86 -86 -85 -85 -84 -83 -82 -81 -78 -77 -76 -75 -74 -71 -66 -60 -53 -47 -41 -35 7 65 96 120 274 327 333 331 342
-208 -195 -187 -180 -172 -167 -161 -149 -144 -140 -136 -131 -129 -129 -128 -128 -127 -126 -123 -123 -121 -118 -114 -110 -108 -106 -102 -99 -97 -95 -95 -95 -94 -93 -92 -91 -90 -89 -88 -87 -87 -86 -86 -87 -86 -86 -86 -86 -85 -84 -83 -82 -81 -79 -77 -75 -73 -70 -67 -62 -57 -50 -44 -37 -31 -25 47 105 88 215 375 452 445 457 467
-193 -186 -176 -170 -165 -159 -154 -150 -139 -136 -133 -130 -127 -127 -128 -128 -128 -128 -124 -122 -118 -113 -109 -106 -105 -103 -99 -95 -93 -92 -92 -92 -92 -91 -91 -90 -88 -87 -86 -85 -84 -84 -84 -85 -85 -86 -86 -86 -85 -84 -82 -80 -79 -76 -74 -72 -68 -63 -58 -52 -47 -41 -36 -29 -22 21 88 101 159 235 357 471 590 647 683
-184 -175 -167 -161 -156 -151 -145 -141 -135 -133 -132 -129 -127 -127 -127 -127 -127 -126 -123 -119 -114 -107 -105 -102 -101 -99 -95 -92 -91 -91 -91 -91 -90 -90 -89 -88 -87 -85 -84 -81 -79 -79 -81 -82 -84 -85 -85 -85 -84 -82 -80 -77 -75 -71 -68 -64 -59 -54 -49 -44 -38 -33 -27 -23 -15 77 146 218 283 315 351 419 558 685 752
-166 -162 -157 -153 -150 -146 -141 -137 -133 -132 -131 -129 -127 -126 -126 -125 -125 -123 -120 -117 -113 -109 -105 -101 -99 -96 -93 -91 -90 -90 -90 -90 -89 -89 -88 -87 -86 -84 -81 -77 -73 -73 -77 -81 -84 -84 -84 -83 -82 -79 -76 -72 -68 -62 -59 -54 -49 -44 -40 -35 -30 -24 -19 -16 68 99 166 234 317 393 445 512 614 727 765
-147 -148 -147 -146 -144 -141 -138 -135 -132 -131 -130 -128 -127 -126 -125 -124 -123 -120 -117 -115 -112 -109 -105 -101 -98 -95 -92 -90 -90 -90 -89 -89 -88 -87 -86 -85 -84 -83 -80 -75 -70 -70 -75 -80 -83 -83 -82 -80 -78 -74 -69 -64 -58 -52 -49 -45 -40 -35 -31 -26 -22 -18 -17 67 143 154 170 227 329 493 589 663 761 684 594
-137 -137 -139 -139 -138 -137 -136 -132 -131 -130 -129 -128 -127 -125 -124 -122 -120 -117 -114 -112 -109 -106 -102 -99 -97 -94 -91 -89 -89 -89 -89 -88 -87 -86 -84 -83 -83 -82 -81 -78 -76 -76 -78 -81 -81 -81 -79 -76 -71 -64 -59 -53 -48 -42 -38 -35 -30 -25 -22 -19 18 43 121 102 96 122 158 223 348 525 644 757 769 654 579
-139 -135 -134 -133 -134 -134 -133 -130 -130 -129 -129 -128 -127 -125 -123 -121 -118 -115 -112 -108 -105 -101 -98 -95 -93 -91 -90 -89 -89 -88 -88 -87 -86 -85 -83 -82 -82 -81 -81 -81 -80 -80 -80 -80 -80 -79 -76 -70 -62 -54 -48 -43 -38 -33 -27 -24 -21 -19 26 86 102 123 200 190 154 184 194 236 331 455 566 690 680 668 604
-140 -136 -133 -133 -132 -131 -130 -129 -128 -128 -128 -127 -126 -124 -122 -119 -116 -114 -110 -105 -100 -96 -94 -92 -90 -89 -89 -89 -88 -88 -87 -86 -85 -84 -83 -82 -81 -81 -81 -81 -81 -80 -80 -79 -79 -78 -72 -63 -54 -45 -38 -33 -27 -23 -16 -17 37 94 149 220 247 264 325 377 329 316 302 303 349 454 568 633 598 598 592
-138 -135 -133 -132 -131 -130 -129 -128 -127 -127 -127 -126 -124 -122 -120 -117 -114 -111 -106 -100 -95 -90 -89 -89 -88 -88 -89 -89 -88 -87 -86 -85 -84 -83 -83 -82 -81 -81 -81 -81 -80 -79 -78 -77 -75 -72 -65 -56 -47 -38 -30 -23 -18 14 64 94 191 276 364 455 468 461 468 565 537 501 489 459 451 530 624 586 495 481 460
-136 -134 -131 -131 -129 -129 -128 -127 -127 -127 -125 -123 -122 -119 -116 -113 -110 -105 -101 -96 -92 -87 -87 -87 -87 -88 -88 -88 -87 -86 -85 -84 -83 -83 -83 -82 -81 -81 -81 -80 -79 -76 -73 -69 -64 -56 -50 -45 -39 -31 -22 -17 73 113 161 203 286 359 445 559 624 597 560 610 630 676 696 622 587 634 621 542 454 405 366
-132 -131 -131 -130 -129 -129 -128 -128 -127 -125 -123 -120 -118 -115 -112 -108 -104 -99 -94 -90 -87 -86 -86 -87 -87 -88 -87 -87 -86 -85 -84 -83 -82 -82 -83 -83 -79 -76 -76 -75 -72 -67 -63 -54 -44 -38 -34 -32 -28 -23 2 48 135 215 280 337 378 466 589 649 622 552 508 524 595 738 871 795 686 609 510 477 437 366 295
-131 -131 -130 -130 -129 -128 -128 -128 -128 -122 -119 -117 -115 -112 -108 -104 -98 -93 -85 -78 -74 -75 -81 -86 -87 -88 -87 -86 -85 -84 -83 -82 -82 -82 -84 -79 -73 -66 -64 -61 -58 -55 -52 -40 -25 -22 -16 -22 17 39 70 75 216 376 470 556 635 686 702 672 542 477 435 467 557 710 832 716 619 586 490 472 465 380 288
-131 -130 -130 -130 -129 -128 -127 -128 -122 -119 -115 -113 -110 -109 -106 -101 -95 -88 -77 -64 -52 -54 -74 -86 -89 -88 -87 -85 -84 -83 -82 -81 -81 -80 -78 -70 -59 -51 -46 -44 -42 -42 -40 -30 -19 -12 -3 34 145 182 187 173 291 503 596 686 802 829 727 655 471 334 375 472 509 648 700 578 529 501 474 430 380 334 274
-131 -130 -130 -129 -128 -127 -126 -122 -119 -116 -112 -109 -105 -105 -105 -100 -95 -87 -76 -59 -42 -46 -72 -88 -90 -88 -86 -85 -83 -83 -81 -81 -77 -71 -65 -58 -46 -34 -25 -27 -26 -27 -28 -22 -1 17 58 193 230 256 347 309 414 529 590 639 747 797 699 636 496 320 304 399 455 566 587 468 421 411 441 403 341 309 266
-131 -130 -129 -129 -128 -126 -124 -122 -117 -114 -110 -107 -103 -103 -102 -99 -94 -90 -83 -71 -61 -63 -79 -89 -90 -88 -86 -83 -79 -76 -74 -73 -67 -58 -51 -45 -36 -20 -12 -16 -17 -19 -18 7 37 112 169 341 335 322 346 317 404 506 559 570 659 724 654 567 506 376 284 363 439 460 503 396 332 367 409 414 382 348 295
-131 -130 -128 -127 -126 -124 -122 -117 -115 -112 -109 -106 -104 -102 -98 -96 -94 -94 -93 -88 -85 -86 -88 -90 -89 -86 -81 -76 -69 -63 -60 -58 -51 -45 -37 -31 -25 -15 20 223 264 223 116 184 245 206 175 253 348 358 335 385 501 504 489 457 536 568 615 514 392 308 237 282 375 349 370 313 329 390 461 482 479 420 307
-130 -129 -127 -125 -124 -122 -120 -115 -113 -110 -108 -105 -102 -99 -95 -94 -94 -94 -95 -94 -93 -93 -92 -90 -86 -78 -69 -61 -54 -48 -46 -44 -38 -34 -26 -16 -17 167 348 425 392 343 304 327 312 273 259 275 315 382 385 468 503 461 396 385 402 431 491 528 437 295 214 226 307 266 256 282 329 406 456 438 433 391 348
-128 -127 -124 -123 -121 -119 -117 -113 -110 -107 -105 -102 -99 -96 -95 -94 -94 -94 -93 -93 -93 -93 -92 -87 -77 -66 -55 -45 -38 -32 -30 -29 -30 -27 -20 6 172 294 388 433 380 319 307 342 370 360 377 360 381 433 368 344 325 327 360 332 314 321 368 440 404 303 212 185 206 213 233 286 367 391 385 359 357 433 477
-125 -123 -121 -120 -119 -117 -115 -111 -109 -106 -104 -100 -97 -96 -95 -95 -96 -95 -93 -93 -92 -89 -85 -76 -65 -52 -42 -31 -24 -16 -20 -17 -17 -21 -13 134 250 331 400 408 387 345 292 273 330 385 390 360 342 322 303 310 260 256 281 300 266 255 296 378 346 257 197 164 174 194 245 291 346 353 303 318 350 420 478
-122 -120 -118 -117 -116 -115 -113 -110 -108 -106 -104 -101 -99 -98 -97 -97 -97 -95 -93 -92 -87 -79 -69 -61 -50 -38 -27 -15 -15 -9 -42 24 -8 -17 9 87 259 321 352 363 319 292 284 240 267 303 286 312 329 257 238 301 257 203 230 290 276 238 258 334 321 266 237 196 178 165 209 234 268 258 261 304 340 405 439
-119 -116 -114 -114 -114 -113 -111 -109 -107 -105 -103 -101 -101 -100 -99 -98 -98 -95 -92 -89 -77 -66 -55 -46 -36 -24 -12 -5 78 73 43 -13 -15 49 83 103 200 196 274 277 216 238 260 202 166 211 232 288 334 269 221 295 251 184 202 250 238 228 272 336 375 337 255 180 166 148 141 162 200 253 301 344 387 391 382
-115 -114 -112 -112 -112 -111 -110 -108 -106 -105 -103 -101 -101 -100 -99 -99 -98 -95 -91 -82 -68 -54 -42 -31 -21 -17 -5 96 47 35 22 -13 -14 50 70 75 111 126 173 223 191 206 192 171 137 140 190 224 247 223 205 276 229 154 183 227 241 220 237 323 382 280 189 154 134 125 132 162 202 265 305 340 386 387 339
-114 -113 -112 -112 -111 -110 -109 -107 -106 -104 -103 -101 -100 -100 -99 -98 -96 -93 -88 -74 -60 -45 -30 -15 -11 205 193 94 29 18 4 -14 8 22 39 62 107 124 135 195 175 142 131 117 103 117 195 206 167 151 208 242 179 123 148 229 311 259 209 236 247 184 152 142 134 128 132 173 227 261 306 350 380 374 324
-114 -113 -112 -111 -110 -110 -109 -107 -105 -104 -102 -101 -100 -100 -99 -97 -94 -91 -83 -66 -52 -36 -22 -7 195 161 78 29 -17 -16 -18 -14 -12 3 27 63 73 64 66 110 136 114 95 83 80 109 189 220 137 112 157 168 135 108 160 288 346 278 209 202 173 159 137 127 118 114 136 184 196 218 269 309 318 336 320
-113 -113 -112 -111 -110 -109 -108 -106 -105 -104 -102 -101 -101 -101 -99 -96 -93 -89 -79 -61 -46 -30 -14 74 96 100 53 -44 -37 -20 -27 -21 -17 4 5 33 60 97 93 140 123 85 71 71 110 140 160 173 112 74 89 92 91 113 195 327 340 229 169 165 178 158 138 119 110 108 118 133 152 187 211 227 246 263 278
-112 -111 -111 -111 -110 -109 -108 -106 -104 -102 -101 -99 -99 -98 -96 -95 -93 -90 -78 -61 -45 -30 -8 39 -1 -1 -13 -22 -16 -30 -39 -34 -24 -15 -11 72 137 189 209 192 130 116 104 91 139 143 111 118 81 57 59 69 86 144 259 369 294 166 123 118 125 125 164 133 105 93 99 102 115 141 173 198 214 224 218
-112 -111 -111 -110 -109 -108 -107 -105 -103 -101 -99 -97 -96 -95 -94 -94 -93 -91 -80 -64 -48 -33 -14 -6 -3 -8 -11 -18 -35 -46 -52 -42 -26 -14 84 120 166 230 253 263 246 173 118 85 75 94 69 63 46 45 54 74 123 216 329 392 272 151 127 94 81 105 150 140 120 94 86 88 97 116 141 150 149 146 151
-113 -111 -110 -110 -109 -108 -106 -104 -102 -100 -98 -96 -93 -92 -92 -92 -93 -93 -87 -72 -55 -40 -28 -20 -20 -22 -26 -33 -51 -58 -58 -40 -23 -14 56 101 193 182 154 199 243 183 113 70 56 35 32 38 44 57 76 107 203 301 364 362 246 205 173 100 72 111 153 143 118 96 81 81 95 102 104 112 116 111 116
-113 -111 -110 -109 -108 -107 -106 -103 -101 -99 -97 -95 -91 -89 -90 -90 -91 -92 -91 -80 -65 -53 -44 -38 -38 -40 -44 -49 -61 -64 -57 -38 -23 -21 -37 70 129 102 78 151 208 181 126 63 34 19 23 62 84 140 145 133 203 263 245 197 223 268 235 156 79 89 104 119 111 97 86 76 79 84 88 89 88 91 97
-112 -110 -109 -108 -107 -106 -105 -103 -101 -99 -97 -95 -91 -87 -86 -87 -88 -89 -90 -87 -78 -68 -61 -57 -56 -58 -61 -66 -73 -70 -59 -44 -30 -22 -13 -25 25 54 82 155 124 105 91 57 22 11 16 33 83 147 107 96 107 107 97 129 207 233 221 131 71 57 70 73 83 82 81 74 67 70 74 72 78 84 89
-111 -109 -108 -107 -107 -106 -105 -103 -101 -99 -98 -96 -91 -85 -84 -84 -85 -86 -88 -89 -88 -82 -78 -75 -75 -76 -77 -78 -81 -76 -66 -52 -41 -35 -24 -15 -2 14 31 127 65 42 37 16 6 7 21 57 135 130 72 48 50 56 73 120 163 134 103 77 50 35 38 50 63 71 71 69 62 64 68 68 74 89 107
-110 -108 -107 -107 -106 -106 -105 -103 -101 -100 -99 -97 -92 -86 -84 -83 -83 -84 -86 -88 -88 -89 -88 -85 -85 -85 -85 -84 -83 -80 -74 -64 -53 -42 -37 -27 -19 -13 3 70 56 18 5 9999 6 13 34 101 140 102 63 39 35 59 101 173 185 99 60 46 36 28 27 46 73 76 69 65 60 58 69 80 99 113 109
-106 -106 -106 -106 -106 -105 -105 -103 -102 -101 -99 -98 -95 -90 -85 -83 -82 -82 -84 -86 -87 -88 -89 -88 -87 -87 -86 -85 -84 -82 -81 -74 -62 -52 -42 -29 -25 -20 -12 -17 26 5 16 21 37 51 64 99 91 61 38 24 36 80 124 129 110 53 35 32 22 22 36 64 88 90 85 77 69 63 89 119 149 119 105
-106 -106 -106 -106 -106 -105 -105 -103 -102 -101 -100 -99 -96 -92 -86 -82 -80 -80 -83 -86 -87 -88 -89 -89 -89 -88 -87 -87 -86 -84 -82 -78 -70 -58 -43 -28 -18 -14 -12 -13 20 54 95 98 107 152 130 73 59 40 23 13 33 75 69 48 40 25 18 21 19 33 53 77 90 100 87 82 68 54 63 89 103 84 97
-107 -107 -107 -106 -106 -105 -105 -104 -103 -102 -101 -100 -97 -92 -86 -81 -80 -80 -83 -86 -88 -89 -90 -90 -90 -89 -88 -87 -87 -86 -83 -78 -73 -60 -42 -27 -12 -8 67 63 28 67 80 71 135 190 138 76 -5 -9 -7 -4 66 71 47 38 34 21 2 10 17 29 45 87 107 89 68 62 59 41 48 55 58 63 79
-108 -108 -107 -106 -106 -105 -105 -104 -103 -102 -101 -100 -98 -94 -89 -84 -82 -82 -83 -86 -88 -89 -90 -91 -90 -89 -89 -88 -88 -87 -84 -81 -76 -62 -45 -29 -12 -16 60 51 -46 -32 -18 10 180 191 116 59 -11 -11 -11 -10 80 41 31 18 -10 -10 -9 -7 17 37 59 84 83 67 58 46 36 29 37 41 47 56 95
-108 -108 -107 -106 -106 -105 -105 -104 -103 -102 -101 -100 -98 -96 -92 -88 -85 -83 -83 -86 -88 -89 -90 -91 -91 -90 -90 -89 -88 -87 -86 -84 -82 -67 -51 -35 -20 -20 -31 -61 -13 -12 -6 113 170 172 105 -21 -20 -27 -14 110 74 17 -26 -23 -20 -10 -13 -12 -9 30 39 53 46 44 47 35 23 24 30 33 41 79 117
-109 -108 -106 -106 -106 -105 -105 -103 -103 -102 -101 -100 -98 -96 -93 -90 -87 -85 -85 -86 -88 -89 -90 -91 -91 -91 -90 -89 -88 -88 -87 -86 -86 -73 -58 -45 -33 -21 -12 -40 -35 -25 -10 93 114 -34 -22 -17 -16 -29 -45 -33 -26 -25 -36 -25 -20 -15 -16 -13 -13 -9 16 26 47 57 46 21 11 20 23 27 35 49 50
-108 -107 -107 -106 -106 -105 -104 -103 -102 -102 -101 -100 -98 -97 -95 -92 -88 -86 -86 -87 -88 -90 -91 -92 -92 -91 -90 -89 -88 -88 -87 -87 -87 -81 -68 -57 -48 -40 -33 -37 -43 -25 -14 -23 -48 -35 -19 -13 -32 -26 -34 -30 -21 -10 -12 -14 -18 -24 -21 -16 -14 -13 -7 2 26 15 9 7 11 14 20 35 72 66 23
-107 -107 -107 -106 -105 -105 -104 -103 -102 -101 -100 -99 -97 -96 -95 -92 -88 -84 -84 -86 -87 -90 -91 -92 -92 -91 -91 -90 -89 -89 -88 -88 -87 -86 -80 -71 -64 -56 -53 -57 -47 -32 -21 -13 -73 -41 -16 -27 -42 -33 -24 -19 -19 -21 -25 -29 -32 -31 -21 -18 -14 -13 -12 -9 -5 13 8 5 6 12 25 62 109 56 17
-107 -106 -105 -105 -105 -105 -104 -102 -101 -100 -99 -98 -96 -94 -93 -91 -88 -85 -84 -84 -87 -90 -91 -92 -92 -92 -91 -91 -90 -90 -89 -88 -87 -87 -87 -84 -79 -75 -73 -68 -57 -45 -37 -31 -26 -25 -32 -40 -52 -43 -37 -33 -33 -36 -40 -39 -36 -29 -20 -16 -14 29 12 17 30 46 34 13 8 15 29 62 102 64 14
