data/processed_DEMs/75_75_3083.asc
ncols        75
nrows        75
xllcorner    -2.925000000000
yllcorner    36.533333333333
cellsize     0.004166666667
NODATA_value -32767
[rows 0 to 49 of 75, columns 0 to 74 of 75]
488 519 574 632 647 639 657 601 561 575 606 636 663 718 832 924 923 923 928 1003 1078 1157 1184 1227 1261 1264 1240 1202 1201 1207 1247 1245 1186 1130 1180 1205 1145 1127 1077 968 942 918 1003 1079 1052 1056 1008 900 772 817 785 732 641 527 511 610 603 485 473 496 567 663 682 689 680 652 631 587 475 500 596 567 476 404 332
415 468 491 506 497 495 513 508 514 535 560 577 581 606 672 712 712 791 876 947 1010 1091 1126 1155 1185 1176 1151 1132 1098 1080 1074 1077 1052 968 941 1010 1048 1012 962 868 766 769 854 913 951 957 967 933 791 708 676 651 603 498 505 549 514 428 457 563 629 648 628 652 631 607 564 500 395 429 503 495 411 331 277
380 399 414 475 542 606 604 559 546 553 543 528 528 551 587 598 645 719 770 853 952 1025 1026 1039 1070 1044 1018 1029 1029 1000 960 924 940 942 843 766 817 909 907 821 741 666 726 836 876 882 884 884 802 674 625 544 529 435 434 468 427 392 456 545 585 570 562 590 566 524 456 379 318 330 413 426 359 281 246
382 420 446 542 650 676 663 616 559 541 538 507 501 507 522 572 623 662 709 795 881 920 947 940 975 953 929 897 871 880 854 801 771 782 738 722 661 729 843 800 657 620 711 799 817 787 802 776 728 640 534 465 395 381 449 533 492 405 406 495 507 514 500 482 449 385 311 283 286 358 434 373 280 237 246
453 534 546 569 610 629 626 600 528 495 491 461 461 471 472 500 534 574 625 695 760 786 818 799 841 838 825 804 761 710 690 646 641 664 582 628 646 586 695 720 599 610 663 681 737 701 706 672 564 503 470 400 340 399 494 566 497 398 344 411 412 390 355 321 344 312 252 275 357 390 374 279 220 243 322
506 539 575 606 591 549 544 567 522 440 420 423 426 426 427 427 476 533 574 594 611 659 682 665 705 668 645 656 660 619 544 515 490 543 496 525 588 506 565 600 554 527 578 521 560 592 609 589 480 416 490 443 343 346 401 433 432 352 314 359 307 281 238 266 284 235 256 328 349 286 261 212 213 275 243
510 557 582 624 638 568 488 498 476 423 399 399 399 393 388 394 447 488 494 498 507 520 545 543 585 564 555 568 543 500 469 414 383 375 384 423 423 408 438 463 435 440 422 367 413 454 504 469 386 366 422 370 314 289 314 309 329 301 278 294 245 220 204 221 207 222 268 237 245 206 172 165 202 208 154
541 561 607 656 678 631 530 473 441 422 401 385 376 369 365 367 389 415 439 446 431 435 445 467 481 491 493 495 468 426 406 379 333 323 326 323 324 340 352 348 336 332 298 293 320 344 360 337 309 295 305 284 280 256 266 246 252 260 244 241 220 193 181 177 181 185 176 164 185 165 138 128 120 125 108
579 566 586 628 666 677 653 574 528 489 459 427 385 355 344 344 347 361 377 397 404 383 384 400 372 410 379 387 347 314 322 326 292 296 284 278 287 295 285 276 285 282 265 247 241 247 256 248 255 256 248 243 251 236 242 233 219 225 228 218 204 186 167 158 152 142 134 132 129 127 119 111 99 88 80
597 590 594 624 645 682 706 647 600 580 570 518 466 388 340 328 341 334 358 367 355 331 308 305 281 277 254 265 233 211 221 230 217 220 236 240 253 255 250 238 242 241 231 216 203 202 209 217 227 227 219 223 233 233 225 224 209 202 206 203 192 180 166 149 139 129 119 111 104 101 103 99 91 81 69
548 573 600 616 641 697 738 705 645 586 587 595 539 439 342 333 325 291 298 300 289 267 237 219 221 206 191 179 158 152 155 167 175 186 198 202 212 215 214 207 207 201 194 185 175 173 181 193 201 199 195 203 203 205 202 202 197 185 184 182 174 165 156 145 131 120 111 101 92 86 85 83 77 69 58
513 501 547 551 605 652 683 673 626 554 507 497 458 404 330 319 294 264 242 262 270 262 242 209 172 159 151 138 122 117 122 133 142 153 160 168 173 177 177 175 173 169 160 154 148 149 160 171 175 172 174 183 186 189 189 181 178 170 163 160 154 147 141 133 122 111 102 92 84 75 69 66 62 55 46
575 487 448 458 567 629 598 624 639 585 520 460 379 373 353 317 254 235 210 206 194 171 156 144 138 133 126 114 100 94 99 109 114 120 130 134 138 140 144 143 139 132 128 127 126 129 139 147 149 148 152 160 164 168 173 168 163 156 146 140 134 128 124 118 107 99 90 82 74 66 59 54 48 42 34
586 525 455 401 407 505 524 564 567 529 488 439 336 295 311 333 268 223 204 190 175 160 145 132 120 113 107 99 87 78 80 86 90 97 102 104 107 110 113 114 109 103 103 105 106 111 118 123 127 129 130 139 144 149 152 151 147 142 135 126 116 110 106 102 94 86 79 71 64 56 49 44 39 33 24
556 466 394 364 326 386 427 450 466 394 367 320 270 246 256 261 230 201 190 182 171 157 143 129 115 104 96 87 79 71 67 68 72 75 78 80 84 84 87 86 83 81 81 85 88 92 97 103 108 111 113 118 123 128 131 131 129 126 120 113 106 97 90 86 80 74 67 61 53 46 39 33 30 25 19
481 409 353 298 264 287 328 359 374 307 318 290 223 209 216 209 177 171 172 169 160 150 136 122 109 101 92 83 74 67 61 59 59 59 61 62 63 64 63 62 60 60 63 67 71 74 79 85 90 94 96 100 104 107 109 110 111 109 105 99 92 86 77 71 66 61 56 50 44 36 29 23 20 16 12
374 352 305 269 239 255 288 267 240 215 213 197 176 176 178 166 151 152 154 151 146 138 128 117 105 97 87 77 70 64 59 55 54 50 49 49 48 46 43 42 42 43 47 52 55 59 63 69 74 78 81 83 85 88 90 92 93 91 88 83 78 73 66 61 56 50 45 40 34 27 19 14 12 9 7
296 279 235 219 195 196 213 211 181 166 158 150 147 151 153 146 135 134 137 135 130 124 116 107 99 92 80 71 65 62 57 53 51 48 45 43 47 45 34 31 30 32 35 39 42 45 48 54 60 63 66 67 68 71 72 75 75 75 72 69 64 59 54 50 47 42 37 32 26 20 14 9 8 6 5
238 221 201 178 164 164 165 168 157 139 130 126 126 128 129 122 118 119 120 119 113 109 104 96 93 88 72 64 63 64 55 53 51 48 46 41 42 39 36 31 26 27 27 28 30 33 35 41 47 50 52 53 54 56 57 59 60 59 58 55 51 46 42 39 38 34 31 26 21 16 11 9 8 6 6
134 127 126 135 135 136 132 134 131 121 112 108 108 108 105 101 103 105 106 104 98 94 91 85 82 87 72 61 66 66 53 52 53 54 47 43 42 37 35 34 32 25 22 21 22 25 25 28 36 39 41 42 42 43 45 46 47 47 46 44 41 37 34 33 31 29 26 23 20 18 17 15 16 14 10
99 92 99 108 109 110 106 107 104 100 95 95 94 91 89 88 91 95 96 90 85 82 80 82 76 74 70 62 69 66 49 49 57 59 49 50 48 41 34 34 32 28 23 22 26 26 22 21 25 28 33 34 33 35 37 39 39 39 40 38 36 35 36 34 32 32 31 32 32 31 29 28 26 20 13
71 64 71 80 83 82 80 85 84 84 84 84 84 83 82 82 85 89 94 86 77 73 78 80 72 65 64 63 72 68 53 53 61 57 50 54 48 45 39 33 35 34 31 35 41 44 38 33 31 29 29 30 31 33 36 37 37 38 39 37 35 35 35 35 36 36 38 40 42 41 39 37 30 22 16
17 14 17 30 46 54 55 71 80 81 80 82 81 80 78 76 80 90 93 85 69 57 72 79 70 61 53 62 76 72 58 53 61 52 51 55 45 42 46 44 43 37 36 43 51 56 52 51 56 56 48 43 39 40 40 39 40 42 40 38 37 35 34 34 35 37 37 38 40 41 40 36 28 22 18
-5 1 5 10 19 28 37 52 68 78 82 82 80 76 72 70 76 91 91 82 61 49 67 75 75 61 44 60 72 71 61 55 58 49 48 52 46 43 47 51 52 43 43 50 56 64 65 64 72 79 74 71 68 57 47 46 45 43 39 37 37 36 35 34 33 35 36 35 33 32 31 28 23 19 15
-10 -9 -8 -6 7 14 19 25 45 56 65 72 76 74 68 67 77 91 89 78 63 63 71 75 77 66 57 60 64 68 63 59 56 50 46 43 42 50 52 55 56 51 53 59 67 72 76 78 78 77 76 76 75 73 64 60 53 42 36 37 36 38 39 39 41 42 44 41 36 35 31 23 16 9 7
-15 -14 -12 -10 -7 8 7 7 15 35 49 54 57 63 60 61 73 86 86 73 61 70 79 78 75 65 65 62 58 64 67 61 54 50 50 46 44 54 62 65 62 61 63 70 74 75 78 78 77 75 73 73 72 69 64 61 58 49 35 34 39 42 41 41 41 39 36 32 28 25 23 18 10 3 4
-19 -17 -16 -15 -13 -10 -7 3 5 12 30 45 47 48 45 48 53 60 61 60 60 69 79 81 73 64 73 71 65 64 68 57 49 52 56 57 60 65 73 76 69 70 70 74 76 74 72 72 69 67 66 65 66 62 59 56 54 52 53 50 47 43 40 37 34 29 23 18 14 11 9 6 3 3 3
-21 -21 -19 -18 -17 -14 -11 -8 4 5 10 23 27 26 35 45 49 50 47 45 46 55 62 66 65 67 78 80 77 74 72 60 54 58 63 65 70 77 83 80 71 68 65 67 69 69 67 64 60 57 55 56 54 52 52 50 52 53 54 54 51 48 38 29 25 15 7 5 4 3 3 3 3 4 -1
-23 -22 -22 -22 -21 -19 -16 -13 -9 5 4 9 26 37 45 46 48 49 49 46 46 52 56 59 57 60 72 81 83 83 79 69 64 65 70 74 79 82 83 80 73 64 58 56 58 59 59 59 57 51 46 47 49 49 48 48 49 50 50 49 48 48 46 37 20 5 -1 -1 1 2 3 3 4 4 -3
-24 -24 -23 -23 -23 -22 -20 -17 -13 -9 4 4 12 34 48 53 54 53 51 45 41 35 30 30 30 39 53 72 83 84 78 72 70 71 70 71 75 76 76 73 69 65 61 53 49 48 49 49 48 45 43 44 45 45 43 43 44 43 44 44 45 42 37 29 17 7 -1 -1 1 2 2 3 4 -4 -5
-26 -29 -30 -29 -28 -27 -25 -22 -19 -14 -10 3 4 14 37 53 58 57 52 35 21 16 12 10 9 10 13 26 47 70 78 77 76 77 74 70 69 69 68 67 63 57 53 51 48 43 41 41 41 40 39 38 37 36 35 36 37 37 37 36 35 28 18 10 4 1 -1 -1 1 -1 -1 -1 -4 -6 -6
-32 -32 -31 -30 -29 -30 -29 -27 -24 -20 -16 -10 3 4 19 43 58 58 43 24 15 11 9 7 6 4 3 4 9 22 49 73 76 76 76 74 70 65 64 62 56 52 48 46 44 42 39 34 32 32 33 33 32 31 30 31 29 26 24 20 17 10 5 -1 -1 -1 -1 -1 -1 -1 -4 -4 -6 -7 -9
-33 -33 -32 -31 -30 -31 -31 -31 -29 -25 -22 -16 -10 2 5 24 50 50 34 19 12 10 6 4 3 2 1 2 2 3 8 30 61 72 73 72 68 64 59 54 50 48 45 41 39 37 34 32 32 32 31 29 28 27 25 23 17 12 9 6 3 -1 -2 -2 -1 -1 -2 -1 -1 -2 -4 -6 -7 -9 -13
-34 -32 -32 -32 -31 -30 -31 -33 -31 -28 -25 -22 -17 -10 1 6 25 41 29 15 10 5 2 1 2 2 1 1 -2 1 3 6 23 56 67 65 61 57 52 47 44 43 41 38 36 34 32 31 30 29 29 28 26 23 18 11 5 3 1 -1 -2 -3 -2 -1 -1 -1 -1 -1 -1 -4 -6 -7 -9 -12 -23
-38 -35 -32 -31 -31 -30 -32 -34 -34 -31 -27 -24 -22 -17 -11 1 7 25 18 9 7 2 1 -3 -3 -3 -4 -3 -4 1 4 4 6 17 42 56 59 56 51 47 43 39 36 35 34 31 29 27 26 25 25 22 18 14 9 3 -1 -1 -2 -2 -2 -1 -1 -1 -1 -1 -1 -3 -4 -5 -8 -10 -12 -19 -37
-39 -38 -34 -31 -31 -32 -33 -35 -36 -32 -27 -27 -26 -23 -18 -11 2 5 3 2 3 1 -4 -4 -4 -4 -5 -6 -7 -6 -3 2 4 5 8 15 30 42 45 41 40 36 32 30 26 21 18 17 14 13 13 11 8 4 1 -1 -1 -3 -2 -1 -1 -1 -1 1 1 -5 -5 -6 -7 -9 -11 -13 -20 -35 -49
-41 -41 -38 -33 -31 -31 -32 -33 -32 -29 -27 -27 -27 -26 -23 -19 -14 -9 -6 1 -4 -4 -5 -6 -6 -7 -7 -8 -9 -9 -8 -5 1 4 4 3 3 4 7 10 21 23 18 14 11 8 7 7 7 6 5 4 2 9999 2 2 1 -1 -1 -1 -4 -3 -4 -5 -6 -6 -7 -9 -11 -12 -15 -24 -37 -49 -56
-43 -41 -40 -37 -32 -31 -32 -32 -31 -30 -29 -28 -28 -28 -27 -24 -20 -15 -10 -7 -7 -7 -8 -8 -8 -8 -9 -9 -10 -11 -11 -11 -9 4 2 1 1 1 9999 9999 2 4 2 2 2 3 3 3 2 2 1 1 2 2 2 1 1 -1 -2 -4 -5 -5 -6 -7 -9 -10 -12 -12 -13 -18 -28 -40 -49 -55 -58
-47 -42 -40 -39 -34 -31 -30 -31 -31 -31 -30 -30 -30 -30 -31 -29 -25 -21 -16 -11 -8 -8 -9 -9 -10 -10 -10 -11 -12 -13 -13 -12 -12 -11 2 1 1 1 1 1 9999 9999 9999 9999 1 2 2 1 1 2 -1 -1 -1 1 1 -3 -3 -4 -4 -6 -7 -9 -10 -12 -13 -13 -14 -13 -19 -31 -42 -50 -54 -57 -58
-49 -47 -42 -39 -37 -34 -30 -29 -30 -31 -31 -31 -32 -33 -33 -31 -29 -25 -21 -16 -10 -9 -11 -12 -11 -10 -10 -11 -12 -12 -12 -12 -13 -12 -11 1 1 1 1 1 1 2 3 2 1 -4 -4 -4 -5 -5 -4 -5 -4 -5 -5 -5 -6 -6 -8 -9 -11 -12 -14 -15 -15 -14 -13 -18 -32 -45 -51 -55 -57 -58 -60
-50 -48 -45 -41 -39 -39 -35 -33 -35 -37 -38 -38 -38 -38 -39 -37 -34 -29 -24 -20 -16 -12 -11 -11 -12 -12 -12 -12 -12 -12 -12 -13 -13 -12 -12 -10 -8 -5 -4 -4 -4 -4 -4 -5 -6 -6 -6 -6 -6 -7 -6 -6 -6 -6 -7 -7 -8 -10 -12 -14 -15 -16 -17 -17 -15 -15 -19 -35 -49 -52 -55 -57 -59 -60 -63
-54 -51 -50 -47 -43 -42 -41 -38 -39 -40 -40 -40 -40 -40 -41 -40 -39 -36 -32 -25 -20 -17 -14 -13 -12 -15 -17 -17 -16 -15 -14 -15 -16 -16 -15 -14 -11 -8 -7 -7 -7 -7 -7 -8 -8 -8 -8 -8 -8 -9 -8 -8 -8 -9 -10 -11 -12 -14 -16 -16 -16 -19 -21 -21 -22 -28 -40 -49 -51 -53 -55 -57 -60 -61 -66
-54 -53 -52 -49 -46 -43 -42 -39 -37 -38 -39 -39 -40 -41 -41 -40 -39 -39 -38 -33 -26 -21 -18 -16 -14 -16 -19 -21 -20 -20 -19 -18 -18 -19 -17 -15 -14 -14 -15 -14 -12 -11 -11 -12 -13 -13 -13 -12 -11 -11 -11 -11 -12 -14 -15 -16 -17 -17 -17 -18 -22 -26 -32 -37 -41 -45 -50 -52 -53 -54 -53 -55 -59 -62 -68
-57 -55 -56 -54 -50 -48 -46 -44 -42 -42 -42 -43 -44 -44 -45 -44 -43 -42 -42 -41 -36 -28 -22 -19 -17 -19 -22 -22 -22 -22 -22 -21 -22 -22 -22 -21 -19 -18 -18 -17 -15 -15 -14 -15 -16 -16 -16 -16 -16 -16 -16 -18 -19 -19 -20 -18 -18 -19 -22 -26 -31 -36 -39 -42 -45 -49 -52 -54 -54 -55 -54 -55 -59 -64 -71
-60 -59 -60 -58 -55 -54 -52 -49 -48 -47 -47 -48 -48 -48 -49 -50 -51 -51 -49 -47 -44 -38 -30 -23 -20 -22 -23 -23 -24 -24 -24 -24 -24 -24 -24 -23 -23 -22 -21 -20 -20 -20 -19 -19 -19 -19 -20 -20 -21 -21 -21 -21 -21 -21 -21 -23 -29 -34 -37 -38 -40 -42 -43 -45 -48 -52 -55 -56 -56 -56 -55 -56 -60 -66 -76
-62 -61 -61 -59 -58 -57 -52 -50 -50 -48 -48 -51 -52 -51 -50 -50 -51 -52 -52 -52 -50 -47 -41 -32 -26 -25 -26 -26 -26 -27 -28 -27 -25 -24 -25 -26 -25 -24 -24 -24 -24 -24 -23 -21 -21 -22 -23 -23 -22 -23 -24 -25 -27 -32 -37 -40 -42 -44 -45 -45 -44 -44 -45 -48 -52 -55 -57 -57 -57 -57 -56 -56 -59 -68 -81
-60 -59 -58 -57 -56 -56 -55 -53 -51 -49 -48 -49 -51 -51 -49 -49 -50 -52 -53 -54 -54 -52 -49 -45 -38 -33 -30 -29 -33 -36 -36 -33 -30 -28 -27 -27 -26 -26 -28 -28 -27 -27 -27 -26 -25 -25 -28 -31 -34 -36 -38 -40 -43 -45 -47 -48 -48 -49 -49 -47 -46 -47 -48 -52 -56 -58 -58 -58 -57 -57 -57 -57 -57 -68 -86
-61 -60 -60 -59 -58 -56 -55 -55 -53 -51 -50 -50 -50 -49 -50 -52 -54 -55 -56 -57 -57 -56 -53 -51 -47 -43 -39 -35 -34 -35 -35 -33 -32 -34 -34 -34 -35 -37 -38 -37 -37 -38 -38 -39 -39 -40 -41 -42 -44 -46 -47 -49 -50 -51 -51 -52 -52 -53 -53 -51 -51 -51 -53 -56 -58 -59 -59 -59 -58 -58 -57 -57 -60 -76 -94
-63 -63 -62 -62 -61 -61 -60 -59 -57 -55 -53 -53 -53 -52 -53 -53 -54 -55 -57 -58 -58 -57 -56 -55 -53 -50 -46 -43 -42 -42 -40 -38 -37 -38 -40 -43 -43 -43 -44 -44 -45 -45 -46 -46 -47 -48 -48 -50 -52 -53 -52 -52 -53 -55 -56 -56 -56 -56 -57 -58 -58 -56 -57 -59 -59 -61 -61 -61 -61 -61 -60 -62 -77 -94 -99
-68 -67 -65 -64 -63 -62 -62 -62 -62 -61 -58 -56 -56 -57 -56 -54 -53 -54 -56 -57 -56 -56 -56 -57 -56 -54 -52 -50 -50 -50 -50 -50 -50 -50 -50 -49 -49 -49 -49 -50 -50 -50 -51 -51 -52 -54 -56 -57 -58 -58 -58 -58 -57 -58 -58 -59 -60 -60 -60 -60 -60 -59 -59 -60 -61 -62 -62 -62 -62 -63 -65 -79 -94 -99 -105
