data/unprocessed_DEMs/100_100_7527.asc
ncols        100
nrows        100
xllcorner    6.954166666667
yllcorner    36.866666666667
cellsize     0.004166666667
NODATA_value -32767
[rows 0 to 40 of 100, columns 0 to 90 of 100]
-2667 -2672 -2673 -2672 -2673 -2681 -2682 -2685 -2681 -2679 -2673 -2669 -2665 -2670 -2667 -2668 -2663 -2662 -2659 -2659 -2658 -2653 -2650 -2649 -2652 -2649 -2641 -2637 -2641 -2639 -2622 -2621 -2638 -2653 -2662 -2668 -2676 -2671 -2665 -2664 -2672 -2687 -2691 -2689 -2690 -2685 -2689 -2695 -2696 -2696 -2699 -2700 -2692 -2672 -2662 -2659 -2661 -2670 -2672 -2675 -2677 -2678 -2677 -2681 -2688 -2690 -2697 -2700 -2701 -2701 -2696 -2692 -2673 -2657 -2634 -2601 -2585 -2569 -2555 -2569 -2613 -2631 -2624 -2561 -2539 -2535 -2472 -2457 -2468 -2490 -2503
-2659 -2665 -2664 -2669 -2668 -2673 -2675 -2677 -2674 -2674 -2668 -2663 -2660 -2668 -2661 -2663 -2655 -2653 -2649 -2647 -2644 -2640 -2640 -2637 -2638 -2628 -2615 -2598 -2596 -2591 -2584 -2591 -2613 -2635 -2652 -2658 -2663 -2660 -2655 -2655 -2664 -2673 -2684 -2684 -2690 -2684 -2677 -2673 -2671 -2668 -2676 -2681 -2671 -2650 -2643 -2645 -2650 -2661 -2664 -2669 -2672 -2673 -2674 -2680 -2685 -2688 -2694 -2697 -2696 -2695 -2688 -2686 -2656 -2620 -2551 -2505 -2480 -2464 -2459 -2470 -2512 -2548 -2542 -2482 -2454 -2426 -2376 -2377 -2391 -2378 -2395
-2656 -2658 -2655 -2666 -2657 -2668 -2667 -2671 -2671 -2671 -2671 -2662 -2657 -2662 -2658 -2655 -2644 -2642 -2640 -2635 -2635 -2628 -2624 -2624 -2628 -2623 -2608 -2591 -2581 -2579 -2575 -2585 -2605 -2628 -2646 -2651 -2648 -2646 -2636 -2636 -2648 -2664 -2668 -2664 -2671 -2673 -2679 -2678 -2676 -2669 -2672 -2676 -2673 -2661 -2632 -2623 -2632 -2656 -2663 -2663 -2663 -2666 -2667 -2672 -2678 -2674 -2674 -2670 -2672 -2674 -2670 -2661 -2634 -2564 -2476 -2410 -2383 -2373 -2365 -2390 -2419 -2464 -2473 -2415 -2369 -2326 -2290 -2286 -2292 -2289 -2305
-2648 -2648 -2646 -2663 -2650 -2660 -2664 -2665 -2666 -2666 -2662 -2653 -2649 -2654 -2655 -2650 -2636 -2635 -2631 -2627 -2627 -2617 -2616 -2615 -2617 -2613 -2597 -2581 -2571 -2569 -2569 -2584 -2598 -2614 -2633 -2638 -2630 -2626 -2624 -2629 -2638 -2651 -2663 -2665 -2669 -2659 -2665 -2669 -2667 -2668 -2671 -2676 -2672 -2651 -2612 -2600 -2618 -2644 -2650 -2653 -2653 -2657 -2660 -2662 -2660 -2649 -2644 -2645 -2639 -2641 -2628 -2617 -2589 -2526 -2437 -2362 -2306 -2271 -2271 -2297 -2332 -2377 -2384 -2340 -2301 -2257 -2210 -2198 -2197 -2183 -2216
-2639 -2638 -2642 -2653 -2641 -2650 -2656 -2660 -2664 -2668 -2655 -2646 -2642 -2648 -2647 -2636 -2626 -2622 -2618 -2619 -2615 -2606 -2606 -2606 -2606 -2597 -2580 -2569 -2556 -2556 -2564 -2573 -2589 -2608 -2618 -2612 -2605 -2602 -2607 -2623 -2628 -2637 -2649 -2659 -2673 -2670 -2672 -2674 -2670 -2662 -2664 -2672 -2652 -2615 -2583 -2584 -2613 -2634 -2639 -2640 -2644 -2650 -2649 -2647 -2631 -2612 -2604 -2598 -2586 -2594 -2586 -2564 -2538 -2485 -2413 -2339 -2266 -2194 -2200 -2227 -2259 -2300 -2310 -2281 -2223 -2174 -2105 -2097 -2112 -2115 -2149
-2613 -2630 -2636 -2642 -2636 -2638 -2641 -2649 -2653 -2658 -2647 -2638 -2634 -2641 -2638 -2632 -2620 -2617 -2607 -2602 -2595 -2587 -2586 -2587 -2591 -2575 -2560 -2548 -2540 -2543 -2553 -2564 -2579 -2590 -2595 -2590 -2583 -2578 -2591 -2606 -2616 -2628 -2639 -2644 -2652 -2659 -2663 -2666 -2664 -2661 -2658 -2662 -2640 -2597 -2582 -2585 -2604 -2619 -2621 -2628 -2631 -2638 -2629 -2621 -2602 -2572 -2551 -2555 -2519 -2539 -2519 -2499 -2477 -2427 -2387 -2295 -2229 -2144 -2143 -2148 -2185 -2217 -2226 -2204 -2112 -2051 -2001 -2018 -2026 -2034 -2077
-2593 -2618 -2626 -2629 -2623 -2625 -2624 -2637 -2638 -2644 -2637 -2630 -2624 -2630 -2629 -2622 -2614 -2604 -2590 -2586 -2576 -2570 -2568 -2558 -2552 -2543 -2530 -2518 -2519 -2533 -2552 -2559 -2571 -2577 -2572 -2573 -2566 -2566 -2579 -2586 -2601 -2619 -2627 -2635 -2641 -2641 -2642 -2645 -2649 -2651 -2650 -2655 -2637 -2579 -2579 -2579 -2593 -2605 -2612 -2615 -2615 -2619 -2598 -2577 -2565 -2535 -2510 -2505 -2449 -2443 -2440 -2413 -2376 -2342 -2318 -2268 -2184 -2099 -2045 -2048 -2121 -2155 -2157 -2099 -2030 -1950 -1893 -1885 -1920 -1956 -2032
-2562 -2591 -2607 -2608 -2605 -2616 -2621 -2630 -2634 -2633 -2628 -2623 -2618 -2622 -2624 -2621 -2612 -2590 -2569 -2563 -2559 -2552 -2541 -2521 -2505 -2495 -2483 -2489 -2503 -2520 -2544 -2558 -2564 -2561 -2556 -2555 -2558 -2561 -2564 -2572 -2591 -2613 -2624 -2630 -2633 -2631 -2630 -2631 -2635 -2640 -2639 -2646 -2636 -2588 -2574 -2570 -2577 -2590 -2597 -2601 -2597 -2598 -2578 -2547 -2529 -2498 -2452 -2410 -2369 -2342 -2350 -2325 -2287 -2267 -2227 -2186 -2124 -2081 -2041 -2021 -2112 -2137 -2117 -2048 -2005 -1981 -1951 -1927 -1661 -1919 -1960
-2492 -2558 -2576 -2575 -2580 -2597 -2604 -2611 -2619 -2622 -2618 -2612 -2614 -2614 -2620 -2610 -2597 -2577 -2551 -2533 -2529 -2522 -2515 -2500 -2478 -2454 -2446 -2464 -2490 -2514 -2531 -2547 -2550 -2544 -2545 -2545 -2544 -2544 -2553 -2562 -2582 -2604 -2621 -2625 -2629 -2625 -2624 -2623 -2626 -2628 -2628 -2631 -2628 -2599 -2567 -2554 -2551 -2562 -2574 -2583 -2575 -2576 -2560 -2527 -2499 -2463 -2431 -2397 -2348 -2309 -2288 -2275 -2240 -2208 -2181 -2150 -1931 -1903 -1865 -1854 -1892 -1918 -1899 -1844 -1749 -1645 -1571 -1538 -1565 -1648 -1725
-2437 -2517 -2539 -2532 -2544 -2567 -2572 -2585 -2597 -2599 -2598 -2597 -2601 -2604 -2604 -2596 -2585 -2562 -2531 -2508 -2492 -2477 -2466 -2461 -2447 -2435 -2435 -2452 -2482 -2510 -2522 -2531 -2524 -2522 -2532 -2532 -2530 -2536 -2543 -2552 -2571 -2595 -2605 -2617 -2625 -2623 -2625 -2618 -2620 -2618 -2618 -2617 -2616 -2578 -2542 -2530 -2527 -2536 -2550 -2560 -2549 -2545 -2531 -2507 -2379 -2275 -2154 -2061 -2000 -2000 -2024 -1982 -1912 -1878 -1894 -1879 -1824 -1802 -1802 -1803 -1829 -1864 -1835 -1792 -1718 -1613 -1517 -1458 -1466 -1544 -1606
-2446 -2487 -2503 -2496 -2511 -2475 -2520 -2519 -2567 -2573 -2573 -2572 -2579 -2586 -2584 -2577 -2567 -2544 -2510 -2486 -2461 -2433 -2421 -2412 -2409 -2418 -2428 -2451 -2483 -2500 -2509 -2512 -2507 -2509 -2518 -2520 -2519 -2520 -2522 -2534 -2557 -2579 -2590 -2600 -2612 -2618 -2616 -2610 -2608 -2603 -2601 -2602 -2598 -2578 -2541 -2515 -2507 -2513 -2520 -2526 -2524 -2515 -2507 -2434 -2368 -2234 -2055 -1921 -1868 -1883 -1887 -1857 -1804 -1772 -1808 -1828 -1760 -1722 -1739 -1753 -1758 -1771 -1747 -1717 -1680 -1609 -1514 -1435 -1405 -1437 -1458
-2430 -2439 -2458 -2458 -2435 -2449 -2483 -2494 -2536 -2544 -2547 -2545 -2558 -2568 -2557 -2551 -2548 -2531 -2494 -2464 -2436 -2412 -2398 -2386 -2391 -2406 -2425 -2450 -2474 -2486 -2492 -2489 -2485 -2492 -2503 -2505 -2503 -2500 -2502 -2524 -2535 -2560 -2571 -2581 -2593 -2599 -2600 -2597 -2596 -2587 -2584 -2587 -2579 -2565 -2520 -2500 -2487 -2485 -2486 -2419 -2543 -2493 -2415 -2402 -2343 -2170 -1953 -1787 -1726 -1716 -1691 -1682 -1667 -1663 -1713 -1738 -1672 -1638 -1672 -1702 -1699 -1684 -1685 -1657 -1610 -1576 -1523 -1456 -1380 -1332 -1310
-2398 -2417 -2418 -2417 -2437 -2431 -2460 -2472 -2488 -2510 -2515 -2516 -2525 -2535 -2534 -2537 -2530 -2510 -2465 -2432 -2408 -2384 -2366 -2363 -2378 -2402 -2424 -2442 -2456 -2463 -2468 -2466 -2468 -2474 -2484 -2486 -2482 -2480 -2485 -2500 -2523 -2544 -2549 -2556 -2571 -2583 -2581 -2578 -2574 -2568 -2563 -2564 -2565 -2551 -2504 -2487 -2421 -2413 -2402 -2379 -2349 -2339 -2342 -2321 -2245 -2092 -1883 -1691 -1593 -1551 -1508 -1500 -1539 -1576 -1621 -1626 -1563 -1552 -1609 -1655 -1653 -1605 -1609 -1614 -1553 -1505 -1495 -1473 -1405 -1308 -1229
-2386 -2391 -2381 -2403 -2419 -2429 -2446 -2469 -2489 -2486 -2491 -2494 -2494 -2504 -2516 -2516 -2496 -2476 -2455 -2419 -2394 -2368 -2348 -2358 -2372 -2392 -2411 -2427 -2433 -2444 -2435 -2435 -2449 -2453 -2466 -2463 -2456 -2466 -2471 -2470 -2497 -2527 -2541 -2546 -2554 -2562 -2563 -2563 -2555 -2551 -2548 -2564 -2569 -2538 -2517 -2429 -2400 -2380 -2359 -2342 -2305 -2264 -2239 -2171 -2069 -1970 -1837 -1675 -1542 -1449 -1384 -1383 -1439 -1493 -1544 -1524 -1469 -1500 -1576 -1621 -1610 -1536 -1522 -1560 -1539 -1457 -1420 -1423 -1407 -1334 -1221
-2366 -2351 -2360 -2387 -2394 -2408 -2437 -2470 -2479 -2457 -2463 -2462 -2462 -2478 -2480 -2433 -2396 -2373 -2368 -2367 -2363 -2343 -2336 -2350 -2371 -2384 -2398 -2408 -2415 -2420 -2421 -2422 -2425 -2433 -2438 -2436 -2441 -2433 -2421 -2433 -2452 -2479 -2526 -2539 -2537 -2550 -2557 -2558 -2538 -2548 -2540 -2558 -2556 -2552 -2453 -2415 -2383 -2357 -2330 -2295 -2255 -2201 -2125 -2009 -1874 -1792 -1738 -1672 -1581 -1448 -1303 -1290 -1328 -1389 -1419 -1395 -1395 -1477 -1555 -1585 -1551 -1464 -1425 -1473 -1504 -1443 -1365 -1329 -1329 -1303 -1242
-2327 -2300 -2317 -2354 -2362 -2355 -2387 -2437 -2447 -2396 -2396 -2424 -2427 -2431 -2422 -2403 -2372 -2308 -2294 -2306 -2321 -2313 -2318 -2342 -2357 -2364 -2372 -2381 -2382 -2403 -2392 -2397 -2406 -2407 -2407 -2411 -2411 -2410 -2412 -2409 -2418 -2443 -2481 -2506 -2511 -2528 -2557 -2551 -2524 -2528 -2515 -2463 -2459 -2451 -2432 -2402 -2371 -2332 -2297 -2259 -2206 -2129 -2004 -1851 -1711 -1647 -1639 -1678 -1661 -1340 -1254 -1243 -1281 -1296 -1290 -1290 -1371 -1458 -1518 -1539 -1496 -1420 -1364 -1392 -1445 -1440 -1344 -1280 -1242 -1242 -1277
-2259 -2208 -2234 -2288 -2289 -2263 -2332 -2407 -2407 -2340 -2324 -2355 -2380 -2390 -2387 -2374 -2359 -2320 -2262 -2246 -2261 -2267 -2291 -2308 -2333 -2339 -2343 -2352 -2352 -2368 -2364 -2369 -2380 -2383 -2377 -2378 -2382 -2383 -2379 -2384 -2399 -2419 -2442 -2477 -2480 -2502 -2521 -2531 -2513 -2447 -2447 -2441 -2431 -2424 -2418 -2401 -2362 -2304 -2258 -2216 -2119 -2016 -1896 -1783 -1660 -1519 -1512 -1428 -1344 -1276 -1205 -1135 -1289 -1279 -1141 -1230 -1392 -1437 -1494 -1513 -1471 -1407 -1359 -1367 -1419 -1344 -1327 -1177 -1095 -1036 -968
-2197 -2135 -2129 -2184 -2177 -2183 -2279 -2358 -2327 -2281 -2246 -2285 -2317 -2342 -2347 -2347 -2342 -2336 -2264 -2198 -2177 -2193 -2235 -2251 -2290 -2297 -2321 -2323 -2320 -2330 -2329 -2320 -2351 -2359 -2349 -2356 -2360 -2364 -2346 -2361 -2363 -2388 -2419 -2428 -2451 -2474 -2429 -2432 -2435 -2437 -2430 -2419 -2404 -2399 -2406 -2401 -2354 -2279 -2224 -2186 -2041 -1919 -1826 -1642 -1510 -1415 -1355 -1289 -1232 -1178 -1124 -1066 -994 -978 -1024 -1128 -1237 -1334 -1505 -1378 -1297 -1208 -1166 -1159 -1176 -1190 -1139 -1057 -969 -902 -840
-2117 -2046 -2016 -2042 -2071 -2125 -2222 -2299 -2251 -2173 -2160 -2209 -2250 -2292 -2313 -2312 -2309 -2293 -2256 -2172 -2084 -2103 -2136 -2172 -2223 -2228 -2258 -2278 -2259 -2275 -2276 -2263 -2299 -2337 -2321 -2321 -2335 -2327 -2319 -2336 -2352 -2380 -2407 -2310 -2319 -2337 -2342 -2349 -2360 -2364 -2364 -2359 -2350 -2336 -2306 -2269 -2224 -2168 -2101 -2024 -1933 -1824 -1696 -1559 -1427 -1314 -1234 -1175 -1124 -1083 -1053 -1032 -974 -950 -978 -1069 -1163 -1250 -1281 -1251 -1162 -1072 -1030 -1021 -1041 -1071 -1018 -932 -850 -788 -734
-2086 -1989 -1946 -1966 -2002 -2087 -2176 -2238 -2164 -2079 -2108 -2137 -2159 -2216 -2270 -2280 -2273 -2254 -2227 -2157 -2044 -2007 -2021 -2081 -2113 -2137 -2195 -2222 -2194 -2212 -2215 -2209 -2233 -2269 -2269 -2286 -2311 -2325 -2233 -2227 -2228 -2236 -2222 -2217 -2220 -2244 -2263 -2278 -2292 -2310 -2313 -2313 -2303 -2287 -2251 -2205 -2150 -2087 -2015 -1935 -1847 -1738 -1607 -1474 -1348 -1226 -1138 -1069 -1010 -966 -954 -966 -969 -969 -982 -1028 -1090 -1167 -1162 -1081 -993 -917 -893 -903 -941 -960 -900 -813 -740 -687 -640
-2089 -1965 -1888 -1900 -1941 -2010 -2125 -2176 -2085 -2016 -2057 -2078 -2095 -2160 -2231 -2256 -2243 -2223 -2200 -2150 -2016 -1898 -1923 -1957 -1979 -2033 -2107 -2174 -2144 -2138 -2151 -2152 -2164 -2202 -2223 -2164 -2176 -2174 -2165 -2158 -2158 -2154 -2136 -2123 -2123 -2139 -2175 -2199 -2227 -2252 -2262 -2264 -2250 -2225 -2179 -2122 -2066 -2006 -1930 -1841 -1747 -1634 -1501 -1368 -1253 -1145 -1054 -975 -902 -845 -838 -869 -910 -936 -944 -958 -994 -1043 -1010 -928 -851 -793 -785 -815 -859 -853 -797 -729 -663 -611 -566
-2052 -1926 -1833 -1841 -1893 -1998 -2100 -2101 -2030 -1941 -1993 -2012 -2032 -2094 -2167 -2204 -2208 -2196 -2176 -2141 -2047 -1901 -1840 -1839 -1865 -1958 -2010 -2055 -2077 -2090 -1983 -1973 -1974 -2013 -2057 -2081 -2096 -2101 -2095 -2090 -2086 -2073 -2048 -2022 -2016 -2039 -2079 -2120 -2165 -2194 -2209 -2215 -2199 -2162 -2101 -2026 -1971 -1915 -1835 -1734 -1624 -1506 -1367 -1229 -1128 -1049 -974 -897 -821 -764 -758 -791 -831 -853 -862 -879 -901 -909 -847 -773 -724 -699 -702 -734 -756 -730 -697 -660 -606 -554 -507
-1993 -1870 -1797 -1841 -1941 -2019 -1996 -1996 -1922 -1868 -1885 -1917 -1955 -2010 -2095 -2161 -2170 -2166 -2152 -2110 -2050 -1931 -1826 -1832 -1835 -1823 -1810 -1798 -1798 -1812 -1850 -1860 -1867 -1920 -1970 -1999 -2014 -2026 -2021 -2020 -2012 -1994 -1966 -1937 -1930 -1953 -1992 -2051 -2107 -2143 -2161 -2173 -2157 -2118 -2049 -1964 -1903 -1840 -1749 -1633 -1502 -1374 -1237 -1109 -1022 -979 -918 -842 -767 -711 -709 -739 -766 -777 -783 -798 -813 -800 -728 -662 -630 -616 -621 -643 -644 -617 -601 -584 -543 -497 -454
-1926 -1817 -1819 -1883 -1902 -1888 -1870 -1840 -1820 -1787 -1776 -1799 -1855 -1926 -2024 -2100 -2140 -2129 -2124 -2100 -2043 -1966 -1823 -1790 -1731 -1703 -1682 -1662 -1653 -1663 -1693 -1735 -1758 -1829 -1885 -1914 -1933 -1954 -1955 -1952 -1935 -1909 -1886 -1873 -1873 -1888 -1926 -1991 -2055 -2099 -2123 -2135 -2125 -2093 -2029 -1949 -1874 -1795 -1692 -1566 -1425 -1295 -1164 -1052 -969 -931 -870 -797 -726 -671 -666 -687 -698 -702 -707 -721 -735 -730 -674 -617 -576 -551 -544 -547 -539 -527 -519 -505 -475 -441 -406
-1826 -1789 -1800 -1811 -1848 -1810 -1757 -1761 -1762 -1750 -1719 -1722 -1769 -1856 -1968 -2033 -2091 -2099 -2082 -2078 -2035 -1983 -1803 -1720 -1625 -1599 -1564 -1525 -1509 -1518 -1545 -1589 -1639 -1745 -1824 -1856 -1878 -1896 -1900 -1894 -1856 -1812 -1796 -1798 -1809 -1829 -1872 -1941 -2011 -2058 -2086 -2105 -2104 -2076 -2013 -1933 -1852 -1766 -1662 -1538 -1401 -1270 -1144 -1026 -946 -889 -819 -755 -694 -645 -630 -632 -617 -609 -615 -635 -660 -677 -633 -578 -529 -492 -475 -465 -455 -448 -447 -445 -423 -396 -368
-1790 -1786 -1761 -1748 -1786 -1746 -1719 -1712 -1718 -1719 -1703 -1669 -1707 -1806 -1891 -1986 -2040 -2052 -2048 -2030 -2017 -1859 -1770 -1664 -1570 -1504 -1437 -1382 -1365 -1381 -1427 -1490 -1571 -1685 -1771 -1810 -1835 -1839 -1825 -1807 -1762 -1715 -1703 -1710 -1729 -1754 -1802 -1878 -1955 -2010 -2047 -2077 -2088 -2064 -1991 -1897 -1828 -1758 -1658 -1538 -1408 -1284 -1161 -1039 -963 -894 -808 -740 -680 -627 -592 -565 -516 -498 -507 -537 -564 -574 -530 -496 -460 -425 -408 -399 -388 -384 -387 -390 -374 -356 -338
-1787 -1756 -1708 -1668 -1703 -1682 -1674 -1688 -1688 -1695 -1684 -1646 -1655 -1734 -1837 -1942 -1981 -2000 -2013 -2007 -1896 -1828 -1741 -1643 -1537 -1443 -1370 -1304 -1282 -1301 -1366 -1453 -1547 -1636 -1706 -1744 -1764 -1750 -1716 -1680 -1643 -1615 -1606 -1612 -1632 -1664 -1715 -1790 -1869 -1933 -1980 -2022 -2048 -2034 -1963 -1867 -1807 -1751 -1658 -1547 -1431 -1326 -1215 -1110 -1026 -940 -842 -756 -681 -615 -557 -502 -441 -423 -432 -456 -467 -448 -412 -403 -389 -366 -357 -351 -343 -341 -343 -339 -329 -320 -312
-1774 -1731 -1661 -1636 -1657 -1650 -1659 -1660 -1671 -1671 -1665 -1644 -1702 -1775 -1844 -1906 -1944 -1865 -1888 -1893 -1865 -1801 -1723 -1633 -1528 -1444 -1370 -1303 -1276 -1285 -1335 -1410 -1497 -1580 -1646 -1681 -1680 -1644 -1592 -1549 -1516 -1496 -1491 -1501 -1525 -1565 -1623 -1698 -1769 -1824 -1875 -1933 -1978 -1982 -1929 -1850 -1784 -1722 -1640 -1546 -1446 -1349 -1247 -1148 -1051 -954 -856 -763 -677 -600 -537 -481 -430 -412 -413 -417 -409 -386 -363 -356 -346 -333 -327 -323 -319 -317 -315 -309 -301 -292 -284
-1755 -1714 -1627 -1597 -1619 -1618 -1628 -1646 -1652 -1664 -1646 -1569 -1570 -1604 -1652 -1699 -1740 -1772 -1813 -1835 -1833 -1786 -1713 -1633 -1550 -1473 -1389 -1309 -1264 -1262 -1295 -1355 -1434 -1523 -1596 -1636 -1612 -1547 -1466 -1419 -1393 -1371 -1366 -1379 -1407 -1452 -1519 -1608 -1671 -1694 -1741 -1837 -1917 -1936 -1887 -1809 -1746 -1690 -1618 -1536 -1446 -1347 -1239 -1124 -1018 -919 -835 -754 -669 -587 -531 -485 -442 -419 -413 -405 -386 -360 -332 -326 -323 -313 -309 -308 -306 -301 -296 -289 -279 -268 -256
-1699 -1685 -1613 -1573 -1572 -1587 -1588 -1620 -1636 -1526 -1502 -1487 -1482 -1506 -1546 -1591 -1636 -1680 -1731 -1766 -1791 -1774 -1711 -1649 -1581 -1505 -1409 -1307 -1242 -1229 -1249 -1287 -1351 -1447 -1527 -1571 -1552 -1488 -1399 -1359 -1327 -1272 -1246 -1237 -1256 -1307 -1378 -1466 -1526 -1544 -1604 -1743 -1858 -1895 -1840 -1751 -1695 -1653 -1592 -1523 -1450 -1356 -1239 -1112 -998 -901 -829 -759 -680 -599 -550 -511 -472 -445 -429 -409 -379 -339 -303 -299 -304 -295 -292 -293 -290 -285 -277 -269 -257 -242 -225
-1643 -1630 -1572 -1531 -1531 -1540 -1455 -1450 -1442 -1434 -1420 -1402 -1394 -1408 -1441 -1484 -1532 -1582 -1640 -1693 -1733 -1749 -1719 -1669 -1605 -1521 -1424 -1322 -1240 -1217 -1223 -1238 -1279 -1356 -1425 -1469 -1477 -1450 -1399 -1369 -1316 -1230 -1176 -1139 -1142 -1179 -1227 -1286 -1338 -1388 -1476 -1621 -1747 -1808 -1775 -1699 -1645 -1602 -1546 -1487 -1427 -1346 -1237 -1118 -1006 -919 -854 -791 -725 -659 -610 -568 -527 -499 -468 -430 -386 -331 -296 -291 -293 -284 -281 -278 -273 -266 -256 -245 -230 -211 -191
-1595 -1572 -1437 -1419 -1392 -1369 -1355 -1347 -1341 -1336 -1331 -1320 -1304 -1313 -1336 -1378 -1432 -1492 -1561 -1624 -1673 -1708 -1712 -1682 -1626 -1546 -1453 -1357 -1269 -1231 -1220 -1218 -1234 -1272 -1319 -1362 -1393 -1394 -1377 -1354 -1302 -1229 -1170 -1126 -1104 -1099 -1111 -1135 -1169 -1225 -1326 -1464 -1592 -1674 -1689 -1648 -1596 -1542 -1487 -1428 -1364 -1295 -1210 -1121 -1033 -964 -906 -846 -784 -728 -684 -645 -602 -562 -515 -465 -413 -361 -327 -313 -304 -292 -284 -275 -265 -252 -236 -219 -201 -182 -163
-1554 -1515 -1374 -1338 -1307 -1280 -1259 -1250 -1242 -1235 -1233 -1233 -1211 -1210 -1234 -1287 -1354 -1432 -1512 -1567 -1616 -1660 -1688 -1686 -1654 -1587 -1500 -1408 -1315 -1255 -1218 -1184 -1176 -1187 -1215 -1259 -1305 -1322 -1317 -1315 -1296 -1244 -1184 -1123 -1066 -1021 -1002 -1004 -1008 -1041 -1147 -1308 -1453 -1548 -1595 -1588 -1544 -1480 -1431 -1376 -1305 -1246 -1181 -1111 -1060 -1025 -974 -909 -839 -773 -747 -738 -694 -623 -560 -505 -456 -414 -377 -349 -328 -310 -293 -277 -261 -242 -221 -199 -175 -158 -141
-1508 -1365 -1314 -1263 -1228 -1194 -1168 -1149 -1143 -1133 -1126 -1127 -1108 -1104 -1136 -1209 -1296 -1391 -1470 -1513 -1557 -1611 -1651 -1668 -1659 -1605 -1537 -1460 -1361 -1283 -1220 -1157 -1116 -1084 -1092 -1131 -1178 -1205 -1209 -1232 -1261 -1253 -1192 -1107 -1023 -944 -886 -873 -867 -894 -999 -1157 -1303 -1409 -1479 -1508 -1496 -1447 -1407 -1357 -1287 -1238 -1182 -1119 -1097 -1096 -1054 -988 -916 -848 -836 -850 -796 -692 -610 -545 -494 -453 -411 -375 -346 -324 -301 -279 -258 -235 -211 -185 -159 -142 -127
-1287 -1287 -1247 -1200 -1148 -1107 -1081 -1059 -1046 -1029 -1017 -1011 -1004 -1009 -1050 -1134 -1230 -1328 -1405 -1451 -1498 -1555 -1601 -1627 -1632 -1593 -1547 -1490 -1403 -1317 -1238 -1163 -1087 -1014 -1003 -1019 -1044 -1070 -1090 -1128 -1188 -1221 -1174 -1088 -999 -905 -816 -778 -768 -795 -886 -1004 -1130 -1247 -1334 -1389 -1425 -1435 -1416 -1372 -1317 -1271 -1220 -1174 -1162 -1162 -1123 -1069 -1023 -988 -964 -948 -879 -768 -664 -574 -500 -440 -398 -366 -340 -319 -299 -277 -255 -231 -206 -180 -155 -136 -120
-1165 -1197 -1177 -1138 -1091 -1045 -1012 -986 -960 -934 -923 -921 -923 -939 -989 -1070 -1160 -1249 -1323 -1378 -1435 -1496 -1548 -1582 -1600 -1577 -1538 -1494 -1430 -1350 -1266 -1183 -1095 -1013 -983 -967 -958 -972 -1011 -1063 -1121 -1167 -1146 -1078 -998 -909 -815 -739 -685 -690 -758 -854 -963 -1079 -1172 -1231 -1296 -1374 -1388 -1355 -1331 -1282 -1233 -1209 -1207 -1183 -1137 -1103 -1090 -1097 -1055 -992 -918 -808 -686 -572 -469 -383 -345 -330 -318 -304 -291 -274 -254 -231 -206 -180 -155 -135 -117
-1056 -1102 -1107 -1085 -1051 -998 -951 -916 -889 -864 -857 -858 -866 -893 -947 -1017 -1091 -1166 -1230 -1289 -1359 -1431 -1491 -1530 -1557 -1550 -1520 -1485 -1440 -1373 -1293 -1211 -1123 -1037 -985 -944 -913 -916 -955 -1007 -1062 -1113 -1114 -1068 -1003 -924 -827 -723 -630 -605 -636 -700 -782 -876 -959 -1019 -1094 -1190 -1233 -1222 -1224 -1188 -1151 -1141 -1148 -1118 -1076 -1056 -1056 -1072 -1031 -961 -889 -779 -658 -542 -434 -342 -307 -301 -302 -297 -288 -275 -255 -233 -208 -182 -157 -136 -116
-970 -1018 -1046 -1056 -1008 -935 -882 -850 -829 -817 -810 -809 -821 -855 -907 -964 -1023 -1081 -1125 -1179 -1272 -1361 -1428 -1469 -1497 -1507 -1489 -1461 -1431 -1384 -1320 -1252 -1172 -1087 -1011 -941 -898 -893 -915 -951 -997 -1049 -1073 -1056 -1004 -932 -835 -726 -620 -529 -514 -545 -589 -636 -691 -757 -826 -894 -944 -970 -992 -993 -986 -986 -992 -976 -953 -943 -943 -951 -918 -862 -796 -706 -604 -504 -411 -335 -299 -293 -298 -301 -293 -280 -260 -236 -210 -185 -160 -138 -116
-907 -960 -995 -1014 -955 -872 -814 -782 -766 -760 -752 -751 -760 -793 -848 -900 -952 -998 -1034 -1093 -1194 -1281 -1346 -1384 -1418 -1443 -1443 -1434 -1416 -1378 -1325 -1271 -1209 -1146 -1050 -950 -894 -881 -884 -898 -924 -964 -996 -1005 -976 -925 -845 -747 -641 -492 -443 -429 -418 -404 -431 -501 -556 -581 -616 -679 -726 -755 -776 -789 -798 -796 -791 -790 -792 -796 -773 -733 -682 -615 -538 -461 -391 -335 -307 -302 -308 -314 -305 -288 -267 -241 -212 -187 -162 -138 -115
-841 -894 -933 -958 -908 -819 -742 -708 -693 -688 -680 -679 -686 -718 -772 -828 -882 -931 -982 -1057 -1133 -1185 -1228 -1265 -1305 -1343 -1372 -1399 -1401 -1360 -1298 -1232 -1188 -1152 -1072 -981 -912 -879 -855 -838 -837 -852 -874 -897 -904 -884 -836 -771 -672 -521 -430 -362 -302 -254 -264 -322 -354 -352 -374 -442 -496 -533 -566 -586 -597 -603 -608 -615 -622 -628 -614 -590 -559 -516 -466 -416 -370 -335 -319 -318 -323 -327 -312 -290 -267 -238 -208 -181 -157 -134 -111
-753 -797 -852 -914 -895 -799 -704 -658 -626 -605 -592 -595 -613 -645 -693 -756 -820 -884 -944 -1002 -1043 -1058 -1079 -1117 -1160 -1206 -1267 -1342 -1381 -1341 -1271 -1192 -1134 -1082 -1034 -983 -923 -871 -822 -778 -734 -698 -705 -749 -787 -795 -761 -705 -602 -474 -374 -297 -232 -188 -189 -216 -227 -232 -252 -304 -349 -382 -395 -400 -402 -408 -421 -434 -446 -453 -448 -441 -432 -416 -393 -368 -345 -326 -318 -318 -321 -318 -302 -277 -252 -223 -194 -168 -145 -123 -103
