data/unprocessed_DEMs/100_100_7527.asc
ncols        100
nrows        100
xllcorner    6.954166666667
yllcorner    36.866666666667
cellsize     0.004166666667
NODATA_value -32767
[rows 41 to 81 of 100, columns 0 to 90 of 100]
-663 -697 -763 -848 -882 -812 -714 -640 -571 -514 -500 -516 -550 -585 -627 -690 -759 -832 -886 -907 -915 -915 -929 -970 -1015 -1070 -1157 -1263 -1337 -1318 -1254 -1179 -1101 -1021 -979 -945 -905 -845 -781 -718 -635 -558 -552 -599 -649 -678 -637 -555 -442 -352 -290 -234 -179 -138 -130 -139 -149 -163 -180 -227 -264 -286 -278 -271 -259 -264 -288 -309 -312 -293 -281 -289 -308 -319 -322 -319 -314 -309 -300 -297 -298 -294 -278 -254 -229 -201 -175 -150 -129 -110 -93
-595 -623 -684 -759 -816 -781 -700 -615 -535 -466 -453 -474 -508 -544 -580 -630 -688 -751 -792 -794 -786 -782 -798 -847 -903 -974 -1073 -1178 -1261 -1272 -1228 -1167 -1090 -1010 -953 -907 -864 -797 -722 -645 -562 -491 -477 -496 -527 -550 -505 -422 -328 -275 -237 -192 -145 -104 -92 -94 -103 -113 -128 -159 -185 -197 -195 -198 -184 -193 -229 -255 -242 -190 -171 -185 -218 -245 -262 -271 -275 -279 -273 -268 -265 -261 -244 -221 -197 -172 -149 -128 -110 -96 -82
-545 -565 -609 -669 -715 -704 -651 -583 -516 -461 -446 -452 -468 -493 -523 -561 -603 -646 -674 -677 -673 -671 -694 -754 -824 -906 -1002 -1101 -1179 -1208 -1190 -1156 -1079 -992 -918 -857 -801 -733 -657 -578 -500 -437 -410 -405 -411 -410 -373 -331 -280 -243 -204 -167 -121 -90 -77 -69 -66 -69 -86 -94 -108 -115 -134 -136 -135 -145 -188 -213 -185 -142 -134 -149 -175 -204 -218 -224 -229 -234 -237 -234 -226 -218 -203 -180 -157 -137 -118 -105 -91 -80 -68
-504 -522 -554 -595 -630 -632 -602 -551 -498 -454 -431 -421 -419 -430 -455 -485 -514 -540 -560 -570 -577 -587 -618 -682 -760 -844 -932 -1018 -1088 -1121 -1112 -1088 -1014 -929 -853 -790 -730 -665 -594 -518 -441 -372 -331 -307 -299 -285 -270 -262 -250 -216 -182 -136 -97 -73 -61 -52 -45 -38 -37 -32 -61 -55 -83 -83 -90 -95 -141 -167 -126 -112 -105 -121 -150 -174 -181 -179 -183 -189 -195 -191 -181 -172 -157 -139 -120 -104 -91 -82 -71 -60 -49
-468 -485 -508 -530 -558 -566 -550 -514 -472 -435 -405 -383 -370 -373 -393 -413 -428 -435 -447 -468 -486 -505 -543 -613 -696 -779 -854 -923 -985 -1010 -986 -947 -886 -821 -760 -706 -654 -598 -536 -468 -394 -319 -275 -242 -226 -209 -200 -196 -201 -186 -151 -103 -72 -53 -41 -36 -35 -20 -9 -7 -27 -29 -53 -58 -45 -46 -90 -105 -85 -84 -82 -90 -122 -140 -140 -138 -142 -147 -153 -145 -133 -121 -107 -96 -85 -78 -74 -66 -52 -40 -30
-437 -443 -455 -471 -493 -502 -492 -469 -441 -412 -383 -358 -339 -337 -347 -356 -358 -352 -359 -385 -410 -436 -480 -548 -625 -699 -762 -819 -870 -878 -844 -799 -748 -698 -653 -615 -578 -536 -488 -433 -371 -303 -261 -227 -196 -173 -149 -137 -140 -138 -100 -71 -46 -29 -19 -25 -21 -14 -29 -13 -14 -4 1 -16 -20 -19 -65 -92 -67 -55 -58 -59 -102 -101 -97 -103 -106 -106 -107 -100 -84 -71 -60 -50 -51 -54 -53 -54 -39 -23 -19
-413 -413 -418 -427 -438 -444 -440 -428 -411 -390 -365 -340 -321 -314 -316 -317 -313 -308 -312 -331 -351 -381 -430 -489 -550 -610 -663 -705 -731 -724 -694 -655 -612 -571 -545 -526 -506 -481 -449 -410 -366 -312 -266 -224 -178 -148 -117 -93 -82 -96 -73 -36 -30 -14 -5 -8 -5 -10 -6 12 32 141 88 70 53 47 111 25 10 -43 -42 -43 -78 -55 -63 -72 -73 -73 -62 -57 -34 -41 -35 -16 -25 -31 -35 -41 -32 -14 -17
-391 -386 -386 -389 -390 -393 -396 -395 -387 -372 -351 -327 -305 -297 -295 -291 -286 -282 -285 -298 -316 -350 -399 -439 -478 -525 -571 -592 -578 -563 -543 -518 -487 -454 -444 -445 -443 -433 -416 -394 -367 -330 -280 -224 -166 -133 -98 -67 -42 -48 -40 -18 27 30 41 24 -2 -5 13 45 140 259 206 196 226 266 278 171 146 26 -4 -23 -48 -30 -38 -39 -44 -41 -28 -36 -9 29 -9 -2 -16 -14 -29 -30 -27 -13 -25
-378 -370 -366 -359 -353 -353 -362 -370 -371 -363 -345 -321 -297 -287 -283 -278 -272 -268 -269 -278 -293 -325 -366 -387 -404 -429 -460 -473 -444 -427 -411 -401 -391 -377 -378 -386 -394 -394 -387 -374 -357 -328 -278 -217 -156 -119 -84 -54 -28 -26 -24 -17 30 33 56 50 34 8 35 91 200 360 389 362 312 364 386 321 292 206 154 101 9 -3 -22 -13 -21 -19 -11 11 29 50 59 53 -1 -7 -23 -20 -20 -14 -11
-370 -364 -353 -337 -326 -325 -336 -351 -362 -362 -347 -323 -298 -286 -279 -273 -268 -264 -264 -268 -275 -294 -321 -332 -334 -338 -352 -366 -353 -340 -325 -322 -324 -327 -332 -341 -354 -363 -363 -354 -336 -306 -259 -202 -145 -103 -72 -46 -27 -27 -24 -33 -11 -1 30 45 86 85 110 194 255 332 406 411 374 392 397 386 335 267 233 202 147 81 -13 -3 -8 -14 -10 13 27 45 78 126 71 24 2 -15 -12 -12 -9
-359 -353 -337 -317 -300 -300 -316 -337 -356 -368 -357 -329 -301 -286 -278 -272 -268 -265 -265 -269 -275 -286 -294 -293 -285 -285 -293 -296 -285 -280 -278 -275 -272 -270 -276 -295 -318 -336 -344 -337 -320 -293 -241 -182 -129 -85 -62 -44 -33 -37 -30 -25 -16 -8 -6 -2 72 176 193 187 197 273 299 339 361 325 304 340 355 341 318 265 228 133 63 13 -2 -2 33 59 103 83 90 145 177 142 78 46 22 35 33
-347 -343 -327 -305 -285 -286 -304 -326 -347 -365 -359 -332 -302 -286 -279 -274 -271 -270 -271 -274 -279 -286 -284 -274 -262 -261 -261 -252 -240 -238 -243 -241 -232 -226 -232 -257 -287 -313 -330 -323 -300 -270 -208 -155 -110 -72 -55 -47 -43 -42 -34 -29 -20 -15 -14 -8 -14 55 81 87 136 170 181 232 294 285 240 258 327 382 373 319 237 171 170 127 71 55 119 202 209 144 158 221 232 260 217 181 117 74 43
-334 -336 -324 -305 -289 -288 -299 -316 -333 -347 -342 -322 -300 -286 -279 -275 -274 -274 -275 -278 -281 -284 -278 -268 -257 -251 -240 -226 -213 -211 -215 -214 -205 -200 -206 -229 -256 -281 -300 -292 -266 -229 -174 -133 -100 -71 -55 -50 -49 -45 -38 -32 -25 -21 -19 -13 -7 -1 8 40 82 122 180 228 253 245 207 232 302 373 362 358 329 295 228 158 191 185 172 227 270 215 182 225 254 309 345 290 196 161 118
-321 -327 -322 -311 -299 -291 -293 -304 -316 -326 -320 -304 -291 -281 -275 -273 -272 -273 -273 -275 -277 -276 -269 -261 -253 -239 -222 -205 -191 -187 -189 -189 -184 -182 -187 -205 -226 -244 -253 -245 -222 -188 -153 -124 -99 -76 -61 -55 -51 -46 -41 -36 -31 -28 -25 -19 -15 -12 -6 7 32 73 181 233 187 190 189 224 271 332 326 296 315 318 296 253 273 283 282 292 328 318 294 312 329 361 423 390 316 293 218
-306 -310 -311 -312 -306 -291 -289 -296 -303 -307 -298 -282 -275 -271 -268 -268 -268 -268 -268 -269 -268 -266 -258 -249 -240 -225 -206 -187 -173 -169 -171 -172 -171 -170 -174 -186 -200 -210 -212 -205 -189 -162 -140 -119 -100 -83 -70 -61 -53 -47 -42 -39 -37 -35 -31 -27 -23 -19 -13 -7 11 30 75 113 121 161 201 224 226 251 272 224 212 259 296 280 233 253 306 344 377 382 375 388 427 426 443 469 466 434 371
-292 -295 -298 -305 -305 -296 -293 -294 -294 -291 -281 -268 -264 -264 -263 -263 -263 -263 -264 -262 -260 -255 -245 -231 -217 -204 -188 -173 -162 -159 -160 -162 -164 -167 -170 -174 -179 -183 -183 -180 -171 -155 -136 -118 -101 -85 -75 -65 -57 -50 -44 -41 -41 -41 -39 -35 -31 -26 -20 -14 -10 1 16 37 90 134 171 189 187 164 207 190 154 199 218 195 161 189 205 217 247 252 245 292 337 330 335 357 405 433 407
-287 -294 -297 -300 -300 -297 -294 -291 -286 -281 -274 -266 -263 -262 -260 -260 -258 -258 -257 -255 -252 -246 -231 -210 -190 -179 -170 -161 -153 -151 -153 -156 -159 -163 -164 -163 -161 -162 -164 -165 -162 -154 -137 -117 -99 -83 -74 -67 -61 -55 -50 -45 -44 -44 -44 -42 -38 -32 -26 -20 -15 -11 -6 -2 41 63 89 105 115 95 124 102 137 207 162 114 108 131 136 135 150 153 166 210 246 266 264 290 319 323 291
-285 -294 -296 -296 -294 -291 -288 -285 -281 -276 -272 -268 -265 -261 -259 -256 -254 -251 -250 -247 -241 -233 -215 -192 -170 -161 -157 -153 -147 -146 -148 -150 -152 -155 -153 -150 -147 -147 -149 -152 -153 -150 -135 -115 -97 -81 -73 -68 -64 -60 -55 -51 -49 -47 -47 -46 -43 -38 -32 -27 -22 -17 -13 -18 -24 -60 7 14 30 33 43 54 94 109 107 78 94 111 105 90 102 125 157 189 208 224 270 352 333 253 215
-284 -291 -293 -292 -289 -285 -282 -279 -276 -273 -273 -270 -266 -262 -257 -253 -249 -246 -243 -240 -232 -219 -199 -176 -159 -152 -151 -150 -147 -146 -145 -144 -144 -144 -142 -140 -138 -138 -139 -140 -139 -136 -125 -108 -93 -80 -74 -71 -68 -64 -58 -53 -51 -49 -48 -46 -44 -42 -38 -33 -28 -23 -22 -28 -31 -82 -65 -25 -12 -12 15 33 53 59 70 64 107 125 86 98 113 129 155 167 199 280 334 360 297 220 161
-284 -288 -289 -286 -283 -278 -274 -271 -269 -267 -267 -266 -263 -259 -253 -248 -244 -241 -235 -232 -223 -209 -189 -167 -153 -148 -146 -147 -147 -145 -142 -139 -136 -133 -132 -131 -131 -130 -129 -128 -124 -119 -110 -99 -89 -80 -76 -74 -71 -66 -58 -54 -52 -50 -49 -47 -45 -44 -41 -38 -34 -31 -30 -31 -33 -68 -41 -28 -21 -17 -7 13 19 36 43 65 90 75 74 91 125 163 181 196 221 292 335 311 247 177 136
-283 -283 -282 -280 -277 -271 -267 -263 -260 -257 -256 -256 -255 -252 -247 -241 -237 -234 -226 -220 -213 -202 -184 -164 -150 -144 -143 -143 -145 -143 -137 -133 -128 -125 -125 -124 -124 -124 -121 -117 -110 -100 -93 -88 -84 -80 -77 -75 -71 -66 -60 -56 -53 -51 -50 -48 -47 -46 -44 -42 -40 -37 -34 -32 -31 -44 -31 -26 -23 -20 -10 -5 9 12 29 64 54 49 68 88 113 147 213 278 303 298 282 233 201 190 150
-278 -276 -275 -274 -271 -266 -262 -257 -253 -249 -248 -248 -247 -244 -238 -232 -226 -222 -215 -207 -199 -190 -175 -159 -147 -142 -141 -142 -143 -139 -132 -126 -121 -118 -117 -118 -119 -119 -116 -111 -102 -89 -81 -79 -80 -79 -76 -73 -68 -65 -62 -59 -56 -54 -52 -51 -50 -48 -47 -45 -42 -39 -35 -31 -28 -29 -26 -22 -20 -14 -6 -4 -1 10 12 28 30 40 71 112 140 165 212 277 267 297 300 252 235 229 176
-271 -269 -268 -268 -265 -260 -255 -250 -246 -243 -242 -242 -241 -237 -229 -219 -209 -204 -201 -193 -183 -173 -161 -149 -141 -139 -139 -141 -140 -134 -126 -117 -111 -106 -106 -110 -115 -117 -116 -111 -104 -92 -82 -80 -81 -79 -76 -71 -66 -63 -63 -62 -59 -57 -55 -53 -52 -50 -49 -47 -44 -40 -36 -32 -27 -24 -23 -20 -15 -11 -7 -3 -1 13 12 16 24 37 71 122 162 191 215 225 205 255 246 202 182 193 156
-263 -262 -261 -262 -261 -255 -250 -244 -240 -236 -235 -234 -235 -231 -218 -202 -187 -180 -180 -174 -165 -155 -148 -142 -138 -138 -138 -138 -135 -128 -117 -107 -100 -94 -95 -103 -113 -117 -117 -114 -111 -105 -99 -93 -88 -83 -78 -72 -67 -65 -65 -64 -63 -60 -58 -56 -54 -52 -50 -47 -45 -41 -36 -32 -27 -23 -21 -18 -14 -11 -7 -5 9 11 11 20 43 55 81 130 158 145 149 154 167 195 185 138 124 152 123
-259 -256 -255 -255 -255 -250 -244 -237 -232 -228 -226 -224 -222 -218 -204 -186 -169 -160 -158 -156 -150 -143 -140 -140 -139 -138 -135 -132 -128 -119 -108 -98 -91 -87 -88 -98 -109 -115 -116 -115 -114 -113 -110 -102 -95 -89 -82 -76 -71 -68 -67 -66 -64 -62 -60 -57 -55 -53 -50 -47 -44 -40 -36 -31 -27 -23 -20 -17 -14 -10 -6 -4 -1 13 16 29 67 81 98 119 104 89 111 133 127 151 156 110 90 109 76
-256 -252 -249 -247 -245 -240 -234 -228 -222 -218 -213 -208 -204 -197 -186 -173 -160 -151 -147 -144 -140 -137 -137 -139 -141 -138 -131 -124 -118 -107 -97 -88 -82 -79 -82 -92 -102 -109 -112 -112 -112 -111 -107 -102 -96 -91 -85 -80 -76 -72 -69 -67 -64 -62 -60 -58 -56 -53 -50 -46 -42 -38 -34 -30 -26 -23 -20 -17 -13 -9 -5 -2 8 14 16 29 55 64 70 68 60 62 88 73 70 93 85 62 54 56 37
-249 -244 -242 -239 -235 -229 -223 -217 -211 -206 -201 -192 -185 -178 -171 -161 -153 -145 -141 -138 -135 -132 -133 -137 -142 -136 -123 -112 -101 -92 -84 -78 -74 -72 -77 -89 -98 -105 -108 -109 -109 -108 -104 -98 -94 -91 -87 -84 -81 -76 -71 -68 -64 -62 -59 -58 -56 -53 -49 -44 -40 -36 -32 -29 -25 -22 -19 -15 -11 -8 -4 -1 6 9 12 24 47 58 54 42 38 44 50 36 36 37 30 23 27 35 31
-233 -231 -230 -228 -224 -218 -211 -204 -197 -192 -188 -181 -174 -169 -163 -155 -149 -142 -138 -136 -133 -130 -130 -132 -135 -126 -110 -95 -82 -75 -71 -68 -67 -67 -74 -85 -94 -101 -105 -106 -105 -103 -99 -94 -91 -90 -87 -85 -83 -78 -73 -69 -65 -61 -59 -56 -55 -51 -47 -42 -38 -34 -31 -28 -25 -22 -18 -14 -10 -6 -2 4 6 12 19 24 40 45 41 33 33 43 54 44 29 21 16 13 16 25 26
-211 -211 -213 -214 -212 -206 -196 -188 -181 -175 -173 -174 -174 -170 -165 -157 -150 -144 -139 -135 -132 -130 -126 -122 -115 -105 -93 -80 -68 -63 -61 -61 -60 -61 -67 -77 -88 -97 -102 -104 -100 -96 -91 -88 -87 -88 -87 -85 -83 -79 -74 -70 -65 -61 -58 -54 -51 -48 -44 -39 -35 -32 -30 -27 -24 -21 -16 -12 -8 -4 -2 -1 7 10 18 28 26 30 35 43 55 58 64 59 46 29 31 18 11 16 25
-189 -190 -195 -200 -201 -193 -180 -172 -166 -161 -161 -167 -171 -170 -165 -158 -152 -146 -140 -135 -132 -129 -122 -111 -95 -85 -75 -65 -55 -53 -54 -55 -55 -55 -59 -70 -82 -93 -100 -102 -97 -88 -81 -80 -82 -86 -87 -85 -83 -78 -74 -69 -65 -61 -55 -51 -48 -44 -40 -36 -31 -29 -27 -25 -22 -18 -14 -9 -5 -3 13 2 9 6 -1 -1 15 51 79 85 79 68 58 47 38 41 45 30 19 12 17
-170 -172 -178 -184 -187 -180 -167 -161 -157 -154 -155 -160 -163 -161 -158 -154 -151 -146 -139 -135 -131 -127 -120 -106 -86 -74 -64 -55 -48 -48 -50 -53 -53 -52 -56 -67 -79 -91 -97 -100 -96 -86 -76 -75 -79 -84 -86 -83 -80 -76 -71 -66 -62 -58 -52 -48 -45 -42 -38 -33 -28 -26 -25 -22 -19 -15 -11 -7 -4 3 13 5 2 2 8 10 6 34 68 86 67 61 60 65 71 72 60 57 22 20 52
-155 -157 -162 -167 -169 -166 -159 -155 -152 -151 -151 -153 -153 -150 -147 -146 -145 -140 -135 -131 -129 -125 -120 -110 -92 -77 -64 -55 -52 -51 -54 -55 -55 -55 -59 -68 -79 -89 -94 -97 -96 -90 -82 -80 -81 -82 -82 -79 -76 -73 -68 -63 -58 -54 -49 -46 -43 -41 -37 -32 -28 -25 -23 -19 -15 -11 -8 -5 1 18 17 7 14 26 28 15 3 4 9 15 14 23 39 61 60 55 38 34 17 25 70
-142 -145 -149 -152 -153 -152 -150 -149 -148 -148 -146 -145 -142 -140 -138 -136 -134 -130 -127 -125 -124 -123 -119 -113 -101 -88 -76 -68 -65 -63 -62 -62 -61 -61 -64 -71 -79 -85 -90 -94 -95 -95 -89 -84 -80 -77 -76 -74 -71 -68 -64 -60 -55 -51 -47 -45 -42 -40 -37 -33 -29 -24 -21 -15 -11 -8 -4 -1 5 19 17 15 29 48 40 11 1 2 3 3 3 4 7 14 18 11 8 7 11 11 40
-132 -135 -138 -139 -140 -140 -141 -141 -142 -143 -140 -137 -134 -132 -130 -127 -124 -121 -121 -119 -118 -118 -117 -113 -109 -100 -90 -84 -81 -77 -73 -71 -69 -67 -69 -73 -78 -83 -87 -91 -93 -92 -87 -81 -76 -71 -69 -66 -63 -60 -58 -55 -52 -48 -45 -42 -40 -39 -36 -32 -27 -23 -20 -14 -9 -4 -3 3 20 12 11 25 47 59 50 24 5 1 1 3 3 3 3 3 4 4 5 5 7 23 49
-124 -126 -127 -128 -129 -130 -131 -132 -132 -131 -128 -128 -129 -128 -125 -121 -119 -117 -115 -111 -110 -111 -112 -112 -110 -105 -99 -94 -92 -87 -82 -79 -77 -75 -75 -76 -79 -81 -84 -87 -87 -85 -81 -76 -71 -66 -63 -60 -57 -55 -53 -51 -47 -44 -41 -38 -37 -35 -32 -28 -24 -20 -17 -13 -8 -2 2 25 22 15 20 41 59 59 46 28 10 3 2 3 3 3 3 3 4 4 5 8 12 30 63
-114 -115 -116 -117 -118 -119 -121 -122 -122 -119 -118 -121 -125 -126 -123 -119 -117 -116 -112 -105 -104 -105 -106 -106 -103 -101 -99 -97 -97 -92 -86 -81 -78 -76 -76 -76 -78 -80 -81 -81 -80 -77 -74 -70 -65 -61 -58 -56 -54 -51 -48 -45 -42 -39 -37 -35 -33 -30 -27 -23 -19 -15 -11 -9 -7 -1 26 20 17 22 38 50 46 24 10 4 3 3 2 2 2 2 2 2 3 5 13 33 32 37 77
-105 -106 -108 -109 -110 -111 -112 -114 -115 -114 -114 -118 -122 -122 -120 -117 -115 -114 -110 -105 -102 -101 -99 -97 -94 -93 -93 -94 -94 -90 -83 -77 -72 -69 -69 -70 -72 -75 -76 -75 -75 -73 -69 -65 -60 -56 -52 -49 -47 -45 -42 -39 -36 -34 -33 -32 -30 -26 -22 -18 -15 -11 -5 -4 22 31 36 34 31 39 56 53 24 5 3 3 3 3 5 5 3 1 -1 1 3 12 41 77 53 31 38
-100 -101 -103 -104 -105 -104 -105 -108 -112 -113 -114 -116 -118 -118 -116 -113 -111 -108 -105 -102 -99 -96 -93 -89 -85 -83 -84 -85 -85 -82 -77 -70 -64 -60 -59 -60 -62 -66 -68 -69 -69 -67 -64 -60 -55 -50 -46 -43 -40 -37 -35 -33 -31 -30 -29 -28 -27 -25 -18 -13 -10 -6 -3 21 27 32 39 45 56 64 64 49 21 5 4 4 9 24 53 57 29 9 2 1 5 21 52 82 87 96 87
-96 -97 -99 -101 -102 -100 -100 -105 -109 -111 -112 -113 -114 -113 -111 -109 -106 -103 -101 -98 -95 -91 -86 -79 -74 -72 -72 -73 -72 -70 -67 -61 -55 -51 -50 -51 -52 -56 -58 -61 -62 -61 -58 -54 -49 -45 -41 -37 -33 -28 -27 -25 -25 -25 -24 -24 -24 -22 -18 -11 -7 -2 19 26 30 33 37 49 65 82 84 74 46 15 25 17 32 66 106 91 73 57 29 15 9 22 50 82 102 146 119
-93 -94 -97 -99 -101 -100 -101 -103 -105 -107 -108 -108 -109 -108 -106 -105 -103 -100 -97 -94 -90 -86 -78 -68 -60 -57 -58 -58 -58 -59 -57 -54 -49 -45 -44 -45 -46 -47 -50 -52 -54 -53 -51 -48 -44 -40 -37 -33 -27 -22 -21 -20 -21 -21 -21 -19 -18 -16 -17 -14 16 24 25 26 31 40 45 60 77 91 91 69 27 17 62 67 70 95 127 126 115 79 72 54 31 39 67 101 100 95 69
-90 -92 -95 -97 -100 -101 -101 -102 -102 -103 -102 -102 -102 -102 -102 -101 -100 -97 -94 -90 -84 -78 -69 -58 -49 -48 -48 -49 -50 -52 -51 -48 -44 -41 -41 -41 -41 -42 -44 -45 -46 -45 -44 -43 -39 -37 -35 -31 -27 -22 -20 -19 -19 -19 -19 -15 -12 -9 -16 16 23 30 28 28 34 45 59 66 75 79 67 33 12 7 45 53 59 59 74 93 96 99 104 82 71 79 81 85 65 39 41
