data/unprocessed_DEMs/125_125_12224.asc
ncols        125
nrows        125
xllcorner    23.254166666667
yllcorner    38.837500000000
cellsize     0.004166666667
NODATA_value -32767
[rows 39 to 77 of 125, columns 0 to 86 of 125]
283 255 251 307 327 291 304 317 291 206 136 117 114 104 85 89 73 39 32 69 81 12 3 -8 -14 -27 -46 -62 -78 -87 -96 -100 -105 -114 -118 -122 -115 -98 -81 -74 -68 -55 -47 -35 -19 59 117 173 221 276 357 399 391 303 182 101 83 77 18 5 -13 -12 -17 -21 -29 -43 -50 -63 -73 -75 -81 -89 -97 -104 -105 -90 -77 -62 -48 -34 22 42 110 206 222 158 104
282 274 272 329 341 333 335 263 193 175 186 190 180 151 130 106 68 64 58 42 33 40 52 -2 -11 -14 -35 -50 -62 -71 -84 -85 -87 -90 -94 -96 -91 -77 -65 -57 -52 -42 -37 -28 -18 44 87 124 169 265 356 399 393 314 209 134 97 108 89 79 36 -10 -9 -14 -17 -33 -41 -52 -62 -73 -82 -90 -99 -105 -108 -114 -83 -68 -53 -40 -29 36 47 117 202 226 211
305 327 307 352 391 358 299 234 235 300 308 267 226 165 110 96 85 83 64 39 32 48 57 -7 -9 -9 -25 -37 -47 -54 -70 -67 -66 -66 -70 -71 -67 -57 -49 -41 -36 -28 -24 -17 -14 7 76 142 185 256 342 391 360 299 228 151 110 110 108 67 24 12 -5 -14 -15 -25 -36 -44 -58 -70 -82 -91 -102 -108 -111 -117 -89 -74 -60 -46 -37 -27 33 43 148 265 302
318 354 335 367 397 339 277 270 281 356 352 283 192 143 158 158 116 85 70 51 38 42 42 -5 -10 -11 -18 -27 -32 -36 -46 -44 -44 -44 -46 -47 -43 -33 -29 -25 -21 -15 -11 -12 10 27 106 255 325 337 349 339 304 256 196 129 95 105 91 50 23 19 2 -12 -16 -18 -27 -37 -51 -65 -79 -90 -102 -111 -115 -123 -92 -80 -65 -53 -44 -35 -23 24 88 207 308
345 355 340 352 375 329 277 301 326 340 296 223 174 183 195 177 135 124 89 71 44 28 8 -7 -12 -13 -17 -20 -21 -23 -24 -28 -28 -25 -24 -24 -23 -16 -14 -16 -14 -17 -15 71 124 80 71 191 307 353 338 246 202 169 123 77 59 69 46 16 16 33 23 -12 -14 -15 -17 -30 -44 -60 -74 -88 -103 -113 -116 -122 -97 -85 -70 -59 -46 -40 -28 14 52 143 234
350 322 306 322 339 322 282 321 355 348 308 278 225 203 205 165 158 143 111 86 43 14 2 -10 -11 -15 -16 -18 -18 -18 -19 -21 -20 -15 -9 -16 -16 -15 3 44 16 52 91 98 158 129 72 100 178 266 336 262 204 146 90 47 33 25 10 3 14 66 -2 -10 -18 -29 -13 -27 -42 -57 -72 -87 -103 -115 -119 -129 -105 -85 -75 -59 -45 -40 -30 -21 34 85 127
332 314 305 280 284 263 261 321 359 336 312 290 245 228 192 161 188 159 112 63 32 5 -12 -13 -14 -16 -16 -17 -17 -17 -17 -17 -17 -13 9 5 12 25 68 59 22 79 168 194 248 237 151 80 116 172 277 248 129 89 62 27 22 10 4 4 33 71 -19 13 -29 -23 -12 -28 -41 -58 -74 -88 -105 -121 -125 -143 -110 -83 -70 -54 -42 -35 -28 -21 6 24 41
314 323 284 236 204 214 237 290 298 283 303 275 246 219 176 174 158 103 61 31 9 -11 -11 -15 -16 -16 -16 -16 -16 -17 -17 -15 -12 6 24 23 36 61 114 70 33 81 155 206 233 211 150 93 124 164 223 207 83 33 26 17 12 -5 -9 35 67 38 -14 -26 -16 -16 -23 -35 -45 -58 -76 -91 -108 -126 -129 -138 -107 -83 -66 -51 -39 -30 -23 -19 -17 5 38
289 301 246 224 172 130 168 222 235 265 287 278 269 230 192 168 102 52 26 6 -11 -15 -17 -17 -17 -16 -16 -16 -16 -16 -16 -13 23 64 58 31 46 102 149 100 55 98 101 113 143 157 95 73 109 151 160 114 50 18 -11 15 -8 -8 -10 29 44 -29 -16 -17 -16 -30 -36 -40 -43 -56 -77 -97 -112 -128 -131 -142 -106 -84 -65 -45 -33 -24 -16 -13 -22 -18 13
298 266 194 172 141 76 112 184 204 236 256 230 205 187 178 155 91 35 -9 -13 -13 -18 -19 -19 -15 -16 -16 -16 -16 -15 -15 -11 28 57 48 19 29 63 95 100 54 66 78 97 123 81 45 83 134 143 117 63 4 -7 -15 -9 -9 -8 -11 -15 -11 -15 -17 -17 -17 -28 -31 -30 -33 -56 -80 -99 -113 -131 -135 -150 -105 -86 -68 -40 -26 -13 -9 -10 -28 -22 -17
285 241 202 124 62 81 138 158 173 179 168 137 145 170 143 73 26 -7 -11 -11 -15 -19 -18 -25 -17 -16 -16 -16 -17 -15 -14 -15 3 26 13 4 11 28 59 89 58 84 107 102 80 33 28 57 112 91 60 13 -6 -7 -17 -10 -10 -18 -15 -17 -12 -12 27 -16 -26 -20 -18 -19 -28 -58 -83 -97 -110 -128 -136 -149 -102 -96 -73 -41 -20 -9 -5 -10 -29 -23 -18
265 234 189 96 35 58 112 157 167 133 107 74 74 82 53 -1 -11 -13 -18 -17 -18 -19 -18 -24 -19 -18 -23 -25 -25 -22 -17 -16 4 21 16 6 13 32 57 57 35 56 74 71 36 26 37 80 92 41 16 -1 -2 -7 -13 -12 -18 -16 -19 -30 -57 -10 -14 30 -19 7 -11 -19 -35 -65 -87 -100 -111 -115 -129 -149 -111 -114 -76 -49 -22 -4 -4 -19 -32 -23 -18
256 211 130 65 20 30 93 151 141 98 86 63 23 14 -13 -16 -21 -25 -30 -26 -22 -17 -16 -19 -20 -36 -43 -44 -42 -36 -24 -17 20 34 -31 -12 -15 25 59 38 16 30 65 48 11 15 22 68 63 29 13 -2 -12 -9 -13 -15 -20 -18 -13 -9 -10 -13 -18 -17 -17 -26 -19 -31 -52 -83 -99 -107 -108 -117 -125 -141 -137 -132 -100 -76 -45 -23 -21 -39 -45 -21 -18
202 125 76 37 11 26 48 55 33 22 21 -9 -6 -7 -20 -29 -36 -42 -46 -35 -30 -21 -21 -13 -35 -60 -66 -64 -60 -50 -35 -23 -11 -10 -17 -21 -25 -18 15 10 22 20 22 -13 -22 7 15 34 30 17 3 -10 -14 -16 -17 -17 -20 -17 -15 -18 -15 -19 -23 -24 -27 -27 -34 -50 -78 -104 -113 -112 -115 -118 -152 -162 -163 -156 -138 -116 -90 -65 -63 -63 -59 -29 -17
93 27 3 -9 -16 -13 -13 -14 -18 -15 -18 -23 -26 -17 -32 -46 -54 -61 -62 -51 -46 -40 -40 -46 -57 -74 -85 -83 -74 -62 -51 -40 -30 -28 -18 -36 -42 -34 1 -11 -14 -13 -10 -17 -17 -10 28 56 51 31 -2 -8 -17 -24 -20 -18 -19 -15 -8 -15 -15 -27 -31 -34 -38 -51 -66 -82 -102 -113 -116 -123 -135 -149 -166 -181 -186 -186 -175 -159 -140 -120 -111 -95 -68 -38 -15
34 -10 -7 -12 -32 -29 -23 -27 -33 -34 -38 -40 -39 -41 -50 -63 -72 -80 -77 -70 -66 -64 -60 -65 -74 -86 -100 -100 -89 -80 -73 -65 -58 -56 -57 -58 -64 -58 -40 -25 -9 -15 -16 -32 -29 -17 26 42 53 60 -2 -10 -18 -24 -18 -18 -17 -10 -3 -8 -6 -15 -35 -42 -48 -75 -90 -104 -114 -115 -127 -153 -151 -165 -182 -198 -210 -218 -213 -198 -181 -166 -151 -131 -85 -42 -16
-73 -41 -22 -32 -45 -44 -43 -47 -52 -56 -60 -60 -60 -64 -72 -81 -90 -99 -95 -90 -87 -87 -86 -85 -88 -99 -111 -114 -109 -103 -98 -92 -88 -88 -90 -91 -93 -82 -65 -44 -47 -40 -42 -51 -48 -37 -24 -20 -11 -7 -10 -64 -19 -19 -14 -13 -16 11 26 44 -7 -17 -31 -48 -68 -96 -106 -114 -114 -123 -138 -153 -163 -177 -194 -213 -232 -248 -249 -236 -220 -206 -190 -167 -115 -55 -29
-14 -22 -33 -46 -58 -61 -62 -66 -70 -76 -81 -79 -80 -85 -92 -101 -107 -113 -112 -110 -110 -110 -111 -106 -104 -110 -119 -125 -128 -128 -125 -120 -118 -118 -121 -126 -120 -109 -93 -70 -57 -59 -71 -78 -75 -66 -53 -46 -36 -29 -26 -32 -34 -26 -11 -14 -17 13 29 52 -8 -15 -17 -56 -89 -106 -115 -114 -118 -138 -150 -158 -169 -183 -200 -221 -246 -269 -277 -266 -254 -243 -226 -199 -155 -86 -62
-32 -40 -50 -59 -70 -77 -82 -84 -87 -95 -101 -99 -99 -101 -107 -114 -118 -121 -124 -127 -128 -131 -129 -126 -122 -123 -130 -137 -144 -150 -151 -149 -149 -148 -153 -156 -150 -138 -122 -103 -94 -97 -106 -115 -109 -99 -88 -79 -67 -60 -56 -61 -61 -49 -28 -18 -17 7 22 46 -4 -16 -16 -66 -97 -110 -111 -118 -132 -142 -152 -165 -174 -184 -199 -221 -247 -272 -288 -284 -276 -269 -253 -234 -203 -148 -120
-51 -58 -67 -73 -81 -86 -93 -96 -99 -105 -109 -108 -106 -107 -112 -117 -123 -128 -133 -136 -140 -146 -145 -142 -140 -141 -144 -150 -158 -166 -170 -170 -170 -172 -176 -178 -178 -171 -155 -137 -129 -131 -138 -147 -142 -134 -125 -114 -103 -98 -92 -91 -93 -80 -64 -46 -35 -20 18 33 -33 -25 -49 -84 -105 -105 -115 -133 -140 -153 -166 -179 -185 -189 -198 -219 -243 -266 -287 -292 -291 -287 -277 -271 -252 -210 -173
-70 -75 -81 -85 -85 -87 -92 -96 -99 -103 -104 -104 -104 -106 -112 -119 -127 -133 -138 -142 -147 -152 -154 -153 -153 -154 -156 -161 -168 -175 -177 -175 -175 -177 -182 -187 -194 -194 -183 -170 -161 -161 -167 -175 -176 -171 -163 -153 -144 -138 -130 -127 -127 -117 -104 -92 -82 -63 -56 -49 -44 -51 -62 -92 -114 -117 -141 -153 -166 -180 -191 -195 -195 -196 -202 -220 -241 -262 -285 -300 -306 -309 -303 -300 -290 -253 -229
-86 -88 -90 -89 -87 -88 -91 -94 -95 -97 -98 -99 -101 -104 -110 -119 -127 -135 -140 -144 -148 -153 -155 -156 -157 -158 -159 -162 -167 -174 -174 -170 -169 -170 -175 -185 -197 -202 -201 -194 -189 -188 -192 -199 -204 -204 -198 -191 -187 -179 -168 -164 -161 -153 -146 -140 -135 -128 -117 -113 -111 -113 -123 -139 -153 -149 -172 -185 -191 -200 -200 -202 -199 -200 -205 -221 -238 -259 -281 -307 -322 -330 -329 -325 -320 -299 -286
-96 -95 -92 -91 -90 -90 -91 -92 -93 -93 -94 -96 -97 -101 -106 -114 -122 -131 -138 -141 -145 -149 -151 -153 -154 -155 -154 -155 -159 -166 -166 -160 -158 -155 -161 -175 -191 -202 -208 -208 -210 -208 -212 -221 -229 -235 -232 -229 -224 -217 -205 -200 -194 -188 -182 -181 -184 -173 -176 -175 -170 -173 -185 -203 -212 -202 -184 -212 -212 -210 -206 -205 -204 -204 -208 -222 -235 -255 -276 -305 -336 -351 -358 -354 -352 -347 -343
-96 -95 -93 -92 -91 -91 -91 -91 -91 -91 -92 -95 -95 -97 -101 -106 -115 -124 -131 -134 -138 -142 -144 -144 -144 -144 -142 -144 -147 -155 -154 -149 -146 -144 -150 -164 -182 -198 -210 -219 -228 -229 -236 -246 -256 -262 -263 -264 -260 -256 -247 -237 -229 -221 -217 -214 -219 -236 -244 -232 -226 -234 -250 -269 -271 -261 -241 -233 -233 -239 -219 -211 -211 -209 -210 -223 -232 -248 -273 -303 -351 -354 -370 -379 -375 -377 -376
-94 -94 -92 -92 -91 -91 -90 -90 -90 -90 -92 -95 -95 -95 -97 -101 -107 -113 -119 -124 -128 -131 -133 -131 -128 -127 -127 -130 -133 -140 -139 -137 -136 -139 -147 -159 -175 -194 -211 -225 -240 -251 -260 -271 -283 -287 -291 -296 -296 -295 -286 -273 -272 -263 -258 -263 -280 -295 -306 -304 -308 -318 -327 -320 -314 -304 -281 -278 -282 -274 -258 -217 -218 -211 -203 -224 -229 -237 -252 -285 -331 -369 -379 -386 -394 -389 -399
-90 -91 -90 -90 -90 -90 -90 -90 -90 -91 -93 -94 -95 -95 -96 -99 -101 -103 -106 -112 -117 -121 -120 -116 -110 -108 -110 -116 -119 -124 -126 -125 -127 -135 -147 -161 -175 -193 -211 -226 -243 -261 -276 -291 -307 -316 -326 -331 -328 -330 -321 -319 -309 -305 -311 -330 -347 -357 -359 -367 -376 -383 -375 -367 -363 -344 -324 -333 -345 -325 -270 -241 -231 -231 -219 -206 -240 -265 -285 -325 -360 -386 -403 -415 -424 -424 -431
-87 -88 -88 -88 -89 -90 -90 -90 -91 -92 -94 -94 -94 -95 -96 -97 -97 -96 -98 -104 -108 -111 -108 -103 -96 -95 -98 -104 -108 -111 -111 -114 -119 -129 -145 -165 -182 -199 -213 -227 -243 -262 -286 -309 -328 -348 -344 -355 -359 -360 -360 -363 -374 -394 -398 -412 -412 -414 -416 -419 -424 -426 -419 -410 -401 -364 -362 -391 -385 -346 -299 -283 -280 -265 -257 -269 -283 -330 -354 -371 -400 -421 -434 -444 -451 -458 -468
-86 -86 -86 -87 -88 -88 -89 -89 -91 -92 -93 -94 -94 -94 -95 -96 -93 -93 -96 -101 -104 -104 -100 -96 -91 -90 -93 -97 -100 -101 -98 -103 -116 -129 -150 -173 -193 -209 -218 -230 -243 -260 -289 -298 -328 -353 -381 -392 -397 -401 -404 -419 -435 -453 -473 -482 -487 -481 -478 -482 -486 -484 -472 -457 -450 -456 -460 -460 -424 -395 -364 -345 -342 -340 -322 -359 -366 -363 -378 -403 -433 -455 -475 -484 -485 -497 -518
-84 -84 -85 -85 -86 -86 -87 -89 -90 -91 -92 -92 -93 -93 -93 -94 -91 -90 -96 -100 -101 -100 -97 -93 -90 -90 -94 -95 -97 -97 -93 -99 -97 -139 -159 -182 -203 -214 -222 -234 -246 -250 -267 -297 -335 -379 -410 -429 -440 -449 -451 -461 -476 -495 -509 -531 -541 -537 -535 -549 -565 -557 -538 -524 -515 -518 -502 -476 -473 -446 -421 -400 -411 -417 -414 -404 -403 -423 -442 -461 -477 -492 -512 -529 -522 -540 -560
-81 -81 -82 -83 -83 -84 -86 -87 -88 -90 -90 -90 -91 -92 -91 -92 -93 -92 -96 -98 -99 -98 -95 -91 -91 -93 -99 -98 -98 -100 -104 -99 -113 -128 -164 -192 -207 -215 -226 -237 -242 -264 -288 -313 -348 -391 -429 -448 -462 -484 -501 -512 -515 -515 -534 -558 -577 -573 -568 -584 -601 -592 -570 -553 -556 -536 -504 -508 -513 -474 -443 -442 -440 -427 -437 -447 -460 -474 -491 -511 -529 -545 -564 -585 -588 -600 -606
-78 -78 -79 -80 -81 -82 -83 -84 -85 -87 -88 -88 -89 -89 -90 -92 -94 -95 -97 -97 -96 -96 -93 -89 -91 -97 -105 -106 -108 -112 -121 -132 -134 -143 -168 -198 -212 -222 -233 -251 -254 -293 -333 -348 -375 -399 -431 -455 -478 -502 -530 -553 -561 -555 -549 -590 -610 -605 -601 -605 -617 -607 -597 -600 -610 -569 -556 -566 -533 -501 -487 -466 -473 -489 -506 -519 -528 -535 -551 -571 -598 -617 -635 -656 -645 -650 -652
-75 -76 -77 -78 -79 -80 -81 -81 -81 -83 -84 -84 -83 -82 -85 -88 -92 -94 -97 -96 -95 -95 -89 -85 -91 -98 -110 -117 -122 -128 -135 -143 -141 -140 -179 -206 -222 -236 -251 -250 -278 -310 -344 -373 -404 -418 -436 -458 -481 -500 -522 -555 -575 -584 -583 -605 -645 -647 -644 -646 -642 -637 -647 -656 -666 -644 -645 -617 -554 -531 -540 -547 -546 -571 -594 -612 -623 -633 -643 -660 -699 -698 -704 -726 -699 -702 -692
-73 -74 -75 -74 -74 -73 -72 -72 -73 -73 -73 -73 -72 -71 -72 -78 -83 -87 -91 -96 -95 -93 -82 -81 -90 -98 -114 -121 -129 -137 -145 -152 -152 -156 -195 -218 -237 -251 -253 -279 -301 -327 -361 -388 -408 -430 -444 -460 -483 -506 -519 -530 -550 -590 -614 -640 -674 -681 -688 -692 -683 -682 -695 -706 -722 -730 -746 -717 -685 -655 -720 -718 -704 -751 -730 -754 -771 -777 -783 -805 -821 -808 -776 -790 -774 -775 -743
-72 -70 -68 -66 -63 -61 -59 -60 -60 -60 -59 -59 -58 -55 -54 -63 -67 -67 -68 -90 -88 -89 -88 -82 -90 -104 -117 -125 -130 -139 -150 -151 -158 -190 -212 -234 -250 -253 -272 -301 -326 -350 -374 -392 -412 -431 -453 -475 -493 -513 -530 -539 -546 -557 -591 -639 -678 -693 -706 -721 -728 -726 -735 -748 -769 -785 -788 -794 -800 -830 -853 -866 -859 -877 -837 -853 -882 -886 -877 -895 -907 -874 -837 -857 -846 -852 -825
-66 -62 -58 -54 -51 -49 -47 -47 -47 -46 -46 -46 -44 -38 -38 -45 -48 -43 -35 -32 -47 -48 -59 -66 -80 -95 -120 -128 -128 -142 -142 -156 -185 -206 -228 -252 -268 -269 -292 -319 -352 -369 -381 -392 -412 -432 -451 -471 -492 -517 -535 -547 -552 -552 -559 -588 -628 -678 -711 -743 -764 -776 -779 -793 -806 -828 -825 -848 -871 -904 -918 -931 -940 -946 -918 -940 -970 -974 -974 -986 -988 -952 -927 -942 -915 -922 -894
-57 -51 -47 -44 -40 -37 -35 -34 -34 -33 -32 -32 -30 -28 -27 -29 -31 -27 -18 35 27 -14 -26 -42 -75 -103 -120 -127 -132 -136 -152 -157 -200 -222 -244 -265 -269 -289 -309 -330 -359 -376 -380 -387 -404 -426 -441 -451 -468 -508 -530 -546 -555 -563 -569 -582 -606 -643 -694 -740 -774 -799 -820 -836 -860 -881 -874 -901 -921 -942 -960 -969 -975 -984 -984 -991 -1003 -1009 -1012 -1017 -1013 -1002 -997 -1002 -988 -994 -971
-47 -41 -37 -33 -29 -25 -22 -21 -23 -18 -17 -16 -17 -14 -14 -16 -20 -19 -25 -18 -7 -2 -16 -17 -77 -90 -120 -132 -145 -157 -165 -178 -212 -236 -260 -275 -278 -295 -310 -329 -362 -381 -387 -394 -406 -417 -422 -429 -444 -472 -508 -542 -559 -572 -580 -589 -609 -637 -658 -696 -737 -756 -801 -862 -891 -905 -917 -933 -946 -960 -973 -982 -992 -1000 -1005 -1013 -1019 -1023 -1027 -1030 -1031 -1029 -1023 -1017 -1024 -1027 -1024
-38 -33 -26 -22 -20 -12 -15 -14 -18 -8 -17 -16 -16 -16 -14 -14 -16 -12 -42 -39 -49 -11 -11 -16 -85 -87 -117 -140 -151 -159 -170 -185 -206 -226 -252 -273 -286 -300 -314 -336 -363 -380 -382 -383 -385 -390 -397 -408 -435 -465 -499 -530 -543 -556 -572 -588 -608 -625 -641 -651 -654 -677 -730 -812 -888 -911 -925 -940 -953 -965 -977 -986 -996 -1004 -1010 -1018 -1023 -1029 -1034 -1037 -1038 -1037 -1031 -1023 -1030 -1039 -1039
-29 -24 -18 -15 13 27 62 42 31 67 77 92 75 58 50 59 13 -6 -9 -12 -13 -15 -32 -78 -107 -112 -129 -144 -154 -162 -173 -187 -205 -229 -253 -270 -289 -308 -324 -340 -363 -376 -375 -379 -384 -387 -395 -410 -435 -469 -503 -527 -540 -554 -565 -579 -589 -596 -595 -610 -628 -647 -679 -744 -836 -907 -930 -943 -957 -969 -980 -989 -999 -1008 -1016 -1023 -1028 -1033 -1038 -1041 -1041 -1041 -1038 -1035 -1038 -1044 -1043
