data/unprocessed_DEMs/125_125_10506.asc
ncols        125
nrows        125
xllcorner    -0.220833333333
yllcorner    49.283333333333
cellsize     0.004166666667
NODATA_value -32767
[rows 48 to 95 of 125, columns 0 to 95 of 125]
-26 -26 -26 -26 -26 -25 -26 -25 -25 -24 -25 -25 -25 -25 -25 -25 -25 -25 -25 -25 -24 -25 -24 -24 -25 -24 -25 -24 -24 -24 -24 -24 -24 -24 -24 -24 -24 -24 -24 -23 -23 -23 -23 -23 -23 -23 -23 -23 -23 -23 -22 -22 -22 -22 -22 -22 -22 -22 -21 -21 -21 -21 -21 -20 -20 -20 -20 -19 -19 -19 -19 -18 -18 -18 -18 -17 -17 -16 -15 -14 4 17 57 80 88 91 91 88 88 90 88 86 83 81 83 81
-25 -25 -25 -25 -25 -25 -26 -26 -25 -25 -25 -25 -25 -25 -25 -25 -25 -25 -25 -24 -23 -23 -24 -24 -24 -24 -24 -24 -24 -24 -24 -24 -24 -24 -24 -24 -23 -23 -23 -23 -23 -23 -23 -23 -23 -23 -23 -23 -22 -22 -22 -22 -22 -22 -21 -20 -20 -21 -21 -20 -20 -20 -20 -20 -19 -19 -18 -19 -19 -19 -19 -18 -18 -18 -18 -17 -16 -15 -14 -12 11 51 79 89 92 94 93 93 93 93 92 91 89 89 90 93
-25 -25 -25 -25 -25 -25 -25 -26 -26 -26 -25 -25 -24 -24 -25 -25 -25 -25 -24 -24 -24 -23 -24 -24 -24 -24 -24 -24 -24 -24 -24 -24 -24 -23 -23 -23 -23 -23 -23 -23 -23 -23 -22 -22 -22 -22 -22 -22 -22 -22 -21 -21 -21 -21 -21 -20 -20 -20 -20 -20 -20 -19 -19 -19 -19 -18 -18 -19 -19 -19 -18 -18 -18 -18 -17 -16 -16 -14 -12 -8 50 76 89 92 93 94 96 97 97 97 96 96 96 95 95 97
-25 -25 -25 -25 -25 -25 -25 -25 -26 -26 -25 -25 -25 -24 -25 -25 -25 -24 -24 -24 -24 -24 -24 -24 -24 -23 -24 -23 -23 -23 -23 -23 -23 -23 -23 -23 -23 -23 -23 -22 -22 -22 -22 -22 -22 -22 -22 -22 -22 -21 -21 -21 -21 -21 -20 -20 -20 -20 -20 -19 -19 -19 -19 -19 -19 -19 -19 -19 -19 -18 -18 -18 -18 -17 -16 -15 -15 -12 5 16 73 91 93 96 95 95 96 97 98 100 101 101 100 100 100 101
-25 -25 -25 -25 -25 -25 -25 -25 -25 -25 -25 -25 -25 -24 -24 -24 -24 -24 -24 -24 -24 -24 -24 -24 -23 -23 -23 -23 -23 -23 -23 -23 -23 -23 -23 -22 -22 -22 -22 -22 -22 -22 -22 -21 -21 -22 -22 -22 -21 -21 -21 -21 -20 -20 -20 -20 -20 -19 -19 -19 -19 -19 -19 -19 -19 -19 -19 -19 -18 -18 -18 -18 -17 -17 -16 -15 -13 8 21 62 91 95 95 96 96 95 96 98 100 101 101 102 101 100 102 103
-24 -24 -24 -24 -24 -25 -24 -24 -24 -24 -24 -24 -24 -24 -24 -24 -24 -24 -24 -24 -24 -23 -23 -23 -23 -23 -23 -23 -23 -23 -23 -23 -22 -22 -22 -22 -22 -22 -22 -21 -21 -21 -21 -21 -21 -21 -21 -21 -21 -21 -20 -20 -20 -20 -19 -19 -19 -19 -19 -19 -19 -19 -19 -19 -19 -19 -19 -18 -18 -18 -18 -17 -16 -15 -15 -14 4 20 51 87 96 96 95 95 95 94 95 97 98 98 99 99 101 101 102 104
-24 -24 -24 -24 -24 -24 -24 -24 -24 -24 -24 -24 -24 -24 -24 -24 -23 -23 -23 -24 -24 -23 -23 -23 -23 -23 -23 -22 -22 -22 -22 -22 -22 -22 -22 -22 -22 -22 -21 -21 -21 -21 -21 -21 -21 -21 -20 -21 -21 -20 -20 -19 -19 -19 -19 -18 -18 -19 -19 -19 -19 -19 -19 -19 -19 -19 -18 -18 -18 -18 -17 -17 -16 -14 -14 -12 10 41 76 94 95 95 94 94 95 92 92 92 94 95 94 95 98 101 103 105
-24 -24 -24 -24 -24 -24 -24 -24 -24 -24 -24 -24 -24 -23 -23 -23 -23 -23 -23 -23 -23 -23 -23 -23 -22 -22 -22 -22 -22 -22 -22 -22 -22 -22 -22 -21 -21 -21 -21 -21 -21 -21 -20 -20 -20 -20 -20 -20 -20 -19 -19 -19 -19 -19 -18 -18 -18 -19 -19 -19 -19 -19 -19 -19 -19 -18 -18 -18 -18 -17 -17 -16 -16 -15 -12 -9 16 60 87 92 92 91 90 93 95 93 90 89 90 89 88 91 92 94 96 98
-23 -23 -23 -23 -23 -24 -24 -24 -23 -23 -23 -23 -23 -23 -23 -23 -23 -23 -23 -22 -22 -22 -22 -22 -22 -22 -22 -22 -22 -22 -22 -22 -22 -22 -22 -21 -21 -20 -20 -20 -20 -20 -20 -20 -20 -20 -19 -19 -19 -19 -19 -19 -18 -18 -18 -18 -18 -18 -18 -18 -18 -18 -18 -18 -18 -18 -18 -18 -17 -17 -16 -16 -15 -13 -9 3 49 77 87 88 87 86 86 88 90 90 87 84 84 81 78 77 77 78 82 86
-23 -23 -23 -23 -23 -23 -23 -23 -23 -23 -23 -23 -23 -23 -23 -23 -23 -23 -22 -22 -22 -22 -22 -22 -22 -22 -22 -22 -22 -22 -21 -21 -21 -21 -21 -21 -21 -20 -19 -19 -20 -20 -20 -19 -19 -19 -19 -19 -19 -18 -18 -18 -18 -18 -18 -18 -18 -18 -18 -18 -18 -18 -18 -18 -18 -18 -18 -17 -17 -17 -16 -15 -14 -11 9 37 69 88 88 88 87 86 85 83 82 81 80 78 78 77 74 73 72 67 62 63
-23 -23 -23 -23 -23 -22 -23 -23 -23 -22 -22 -22 -22 -22 -23 -23 -23 -22 -22 -22 -22 -22 -21 -21 -21 -21 -21 -21 -21 -21 -21 -21 -21 -21 -21 -20 -20 -19 -19 -19 -19 -19 -19 -19 -19 -19 -19 -18 -18 -18 -18 -18 -18 -18 -18 -18 -18 -18 -17 -17 -17 -17 -17 -17 -17 -17 -17 -17 -17 -16 -16 -15 -13 12 30 59 84 88 86 84 83 84 85 84 83 84 85 84 84 83 81 81 83 81 75 66
-22 -22 -22 -22 -22 -22 -22 -22 -22 -22 -22 -22 -22 -22 -23 -23 -22 -22 -22 -22 -21 -21 -21 -21 -21 -21 -21 -21 -21 -21 -21 -20 -20 -20 -20 -20 -19 -19 -19 -19 -19 -19 -19 -19 -19 -19 -19 -18 -18 -18 -18 -18 -18 -18 -17 -17 -16 -15 -14 -14 -15 -15 -16 -17 -17 -17 -17 -16 -16 -16 -15 -14 6 27 57 81 86 84 82 80 77 79 78 79 80 79 81 84 85 85 85 86 86 86 85 80
-22 -22 -22 -22 -22 -22 -22 -22 -22 -22 -22 -22 -22 -22 -22 -22 -22 -21 -21 -21 -21 -21 -21 -21 -20 -20 -20 -20 -20 -20 -20 -20 -20 -19 -19 -19 -19 -18 -18 -18 -18 -18 -18 -18 -18 -18 -18 -18 -18 -18 -18 -18 -18 -17 -16 -15 -14 -12 -10 -10 -11 -12 -15 -17 -17 -17 -16 -16 -16 -15 -14 -12 14 45 80 94 93 90 88 84 79 76 72 66 67 70 74 78 81 83 83 83 82 83 83 78
-22 -22 -22 -22 -22 -22 -22 -21 -21 -22 -22 -22 -22 -21 -22 -22 -21 -21 -21 -21 -21 -21 -20 -20 -20 -20 -20 -20 -20 -20 -20 -20 -19 -19 -19 -18 -18 -18 -18 -18 -18 -18 -18 -18 -18 -18 -18 -18 -18 -18 -18 -17 -17 -17 -16 -15 -13 -11 -9 -9 -9 -9 -13 -16 -16 -16 -16 -16 -15 -15 -13 1 19 68 94 96 95 93 90 86 83 80 75 69 62 59 65 67 70 76 77 77 78 79 79 70
-21 -21 -21 -21 -21 -21 -21 -21 -21 -21 -21 -22 -21 -21 -21 -21 -21 -21 -21 -21 -20 -20 -20 -20 -20 -20 -20 -20 -20 -20 -19 -19 -19 -18 -18 -17 -18 -18 -18 -18 -18 -18 -18 -17 -18 -18 -17 -18 -18 -18 -17 -17 -17 -17 -16 -16 -15 -13 -12 -11 -10 -10 -13 -15 -16 -16 -16 -15 -15 -14 -12 -7 66 94 98 96 92 88 87 86 85 86 83 80 76 67 58 53 54 67 74 74 74 74 72 51
-21 -21 -21 -21 -21 -21 -21 -21 -21 -21 -21 -21 -21 -21 -20 -20 -21 -21 -20 -20 -20 -20 -20 -20 -19 -19 -19 -19 -19 -19 -19 -19 -18 -18 -17 -17 -17 -18 -18 -18 -18 -17 -17 -17 -17 -17 -17 -17 -17 -17 -17 -17 -17 -17 -16 -16 -16 -15 -14 -13 -12 -12 -14 -15 -16 -15 -15 -15 -14 -13 -9 50 86 94 91 90 87 86 86 83 80 78 78 78 76 74 70 58 49 64 69 69 74 77 72 45
-21 -20 -20 -20 -20 -20 -20 -20 -20 -21 -20 -20 -21 -21 -20 -20 -20 -20 -20 -20 -20 -20 -20 -20 -19 -19 -19 -19 -19 -19 -19 -18 -18 -17 -17 -17 -17 -17 -17 -17 -17 -17 -17 -17 -17 -17 -17 -17 -17 -17 -17 -17 -17 -16 -16 -16 -16 -16 -16 -15 -14 -14 -14 -15 -15 -15 -15 -14 -13 -11 4 73 92 91 89 88 85 86 84 81 78 76 74 72 69 67 61 51 40 51 68 78 81 78 74 54
-20 -20 -20 -20 -20 -20 -20 -20 -20 -20 -20 -20 -20 -21 -20 -20 -19 -19 -20 -20 -20 -20 -20 -19 -19 -19 -19 -19 -19 -19 -19 -18 -18 -17 -17 -17 -17 -17 -17 -17 -17 -17 -17 -17 -17 -17 -16 -16 -16 -16 -16 -16 -16 -16 -16 -16 -16 -16 -16 -16 -15 -15 -15 -15 -15 -15 -14 -12 -11 6 58 90 93 89 88 87 86 82 79 77 73 70 68 71 73 68 59 45 36 49 70 77 77 74 71 70
-20 -20 -20 -19 -19 -19 -19 -19 -19 -20 -20 -20 -20 -20 -20 -19 -19 -19 -20 -20 -20 -19 -19 -19 -19 -19 -19 -19 -19 -18 -18 -18 -17 -17 -17 -16 -16 -16 -16 -16 -16 -16 -16 -16 -16 -16 -16 -16 -16 -16 -16 -16 -16 -16 -16 -16 -16 -16 -16 -16 -14 -14 -15 -15 -15 -14 -12 -11 -9 50 80 93 91 88 86 86 85 84 80 78 81 82 74 65 65 77 84 74 52 36 31 40 60 65 60 56
-19 -19 -19 -19 -19 -19 -19 -19 -19 -19 -19 -19 -19 -19 -19 -19 -19 -19 -19 -19 -19 -19 -19 -19 -19 -19 -19 -18 -18 -18 -18 -17 -17 -17 -16 -16 -16 -16 -16 -16 -16 -16 -16 -16 -16 -16 -16 -16 -16 -16 -16 -16 -16 -16 -16 -16 -16 -16 -16 -16 -14 -13 -15 -15 -14 -13 -11 -9 6 62 91 95 94 92 89 86 87 87 85 86 89 87 83 83 86 93 95 90 83 68 44 26 24 25 23 19
-19 -19 -19 -19 -19 -19 -19 -18 -18 -19 -19 -19 -19 -19 -19 -19 -19 -19 -19 -18 -19 -19 -19 -18 -18 -18 -18 -18 -18 -18 -17 -17 -17 -17 -16 -16 -16 -16 -15 -15 -15 -15 -15 -15 -15 -15 -15 -15 -15 -15 -16 -16 -16 -16 -16 -16 -16 -16 -16 -16 -15 -14 -14 -14 -14 -12 -10 -7 10 62 84 91 90 93 96 95 93 91 89 89 89 88 86 85 85 89 92 88 81 71 50 45 59 66 68 63
-18 -18 -18 -19 -19 -18 -19 -18 -18 -18 -18 -19 -19 -19 -19 -19 -19 -18 -18 -18 -18 -18 -18 -18 -18 -18 -19 -19 -17 -17 -17 -17 -16 -16 -16 -16 -16 -16 -16 -16 -15 -15 -15 -15 -15 -15 -15 -14 -15 -15 -15 -15 -16 -16 -16 -15 -16 -16 -16 -16 -15 -15 -14 -13 -13 -12 -9 -7 7 68 78 76 73 71 90 94 93 92 91 90 89 88 86 85 84 85 84 81 74 61 57 68 78 83 86 84
-18 -18 -18 -18 -19 -18 -18 -18 -18 -18 -18 -18 -19 -18 -18 -18 -18 -18 -18 -18 -18 -17 -18 -20 -19 -18 -18 -18 -17 -16 -16 -16 -16 -16 -16 -15 -15 -15 -15 -15 -15 -15 -15 -16 -15 -15 -15 -14 -15 -15 -15 -15 -15 -15 -15 -15 -15 -16 -15 -15 -15 -14 -13 -11 -11 -10 -7 -7 3 57 87 93 77 65 88 95 94 92 90 89 85 81 79 78 73 67 64 62 61 66 79 84 85 88 90 91
-18 -18 -18 -18 -18 -18 -18 -18 -18 -18 -18 -18 -18 -18 -18 -17 -17 -17 -18 -18 -19 -19 -17 -18 -18 -16 -16 -16 -16 -16 -16 -16 -15 -15 -15 -15 -15 -15 -14 -14 -14 -14 -15 -15 -15 -15 -15 -15 -15 -16 -15 -15 -15 -15 -15 -15 -15 -16 -16 -15 -15 -14 -13 -11 -10 -8 -5 -7 -7 21 34 51 59 49 68 92 92 89 88 83 76 73 74 72 70 70 71 72 74 76 79 81 81 83 83 84
-18 -18 -18 -18 -18 -17 -18 -18 -18 -18 -18 -18 -18 -17 -17 -17 -17 -17 -17 -17 -18 -18 -16 -16 -16 -16 -16 -16 -16 -15 -15 -15 -15 -15 -15 -14 -14 -14 -14 -14 -14 -14 -14 -14 -14 -14 -15 -15 -15 -15 -15 -15 -15 -16 -16 -16 -16 -16 -16 -15 -15 -15 -14 -12 -9 -5 -5 -6 -6 -4 5 11 18 22 33 56 66 75 78 75 67 55 44 35 28 25 24 24 23 21 21 21 22 23 24 24
-18 -18 -17 -17 -18 -17 -17 -17 -17 -17 -17 -17 -17 -17 -16 -16 -16 -16 -16 -16 -16 -16 -16 -15 -15 -15 -15 -15 -15 -15 -15 -15 -14 -14 -14 -14 -14 -14 -14 -14 -13 -13 -13 -14 -14 -14 -14 -14 -14 -15 -15 -15 -15 -15 -15 -15 -15 -16 -16 -16 -16 -15 -13 -11 -8 -5 -6 -6 -6 -6 -5 -4 4 10 8 15 24 28 26 20 14 11 10 9 7 6 5 5 4 4 4 5 6 5 5 5
-18 -18 -17 -16 -17 -17 -16 -16 -17 -17 -17 -17 -17 -16 -16 -16 -15 -15 -15 -15 -15 -15 -15 -15 -15 -15 -15 -15 -15 -14 -14 -14 -14 -14 -14 -14 -13 -13 -13 -13 -13 -13 -13 -13 -13 -14 -14 -14 -14 -14 -15 -15 -15 -15 -15 -15 -15 -16 -16 -16 -15 -14 -13 -13 -12 -11 -8 -7 -7 -7 -6 -5 -3 -3 2 4 7 9 9 9 9 8 7 6 4 4 5 5 5 4 4 4 4 4 4 4
-17 -17 -17 -17 -16 -16 -16 -16 -16 -16 -16 -16 -16 -15 -15 -15 -15 -15 -15 -15 -15 -15 -14 -15 -15 -14 -14 -14 -14 -14 -14 -14 -13 -13 -13 -13 -13 -13 -13 -13 -13 -13 -13 -13 -13 -13 -13 -14 -14 -14 -14 -14 -15 -14 -14 -14 -14 -14 -14 -14 -13 -13 -12 -12 -11 -10 -8 -8 -11 -11 -11 -9 -5 -3 -2 -1 4 8 8 7 6 6 4 3 5 4 6 6 5 5 5 6 4 3 3 4
-16 -16 -15 -16 -15 -15 -15 -15 -15 -15 -15 -15 -15 -15 -15 -15 -15 -15 -14 -14 -14 -14 -14 -14 -14 -14 -14 -14 -14 -13 -13 -13 -13 -13 -13 -13 -13 -12 -12 -12 -12 -12 -12 -12 -12 -12 -13 -13 -13 -14 -14 -14 -14 -14 -14 -14 -14 -13 -13 -13 -12 -12 -10 -8 -6 -5 -6 -7 -9 -9 -9 -8 -8 -10 -10 -8 -4 6 7 5 4 4 1 3 5 5 5 5 4 4 4 5 5 4 3 4
-15 -15 -15 -15 -15 -15 -15 -15 -14 -15 -15 -15 -15 -15 -15 -14 -14 -14 -14 -14 -14 -14 -14 -14 -14 -14 -13 -13 -13 -13 -13 -13 -12 -12 -12 -12 -12 -12 -12 -12 -12 -12 -12 -12 -12 -12 -12 -13 -13 -13 -14 -14 -14 -14 -14 -13 -13 -13 -13 -12 -12 -11 -9 -8 -6 -5 -5 -5 -5 -5 -4 -4 -6 -8 -8 -8 2 -14 -1 6 5 6 3 2 3 3 3 3 4 4 4 4 4 4 5 5
-15 -15 -14 -14 -14 -15 -15 -15 -14 -14 -14 -14 -14 -14 -15 -14 -14 -14 -14 -14 -14 -13 -13 -14 -14 -13 -13 -13 -13 -12 -12 -12 -12 -12 -12 -12 -11 -11 -11 -11 -11 -11 -11 -11 -11 -11 -12 -12 -12 -13 -13 -13 -14 -13 -13 -13 -13 -13 -12 -12 -12 -11 -10 -8 -7 -6 -6 -6 -5 -4 -3 -3 -3 -3 -3 -3 -3 3 4 -11 -14 -13 -12 6 6 2 4 5 8 6 5 5 6 7 6 3
-15 -14 -14 -14 -14 -14 -14 -14 -14 -14 -14 -14 -14 -14 -14 -14 -14 -14 -14 -14 -14 -13 -13 -13 -13 -13 -13 -12 -12 -12 -12 -12 -11 -11 -11 -11 -11 -11 -11 -11 -11 -11 -11 -11 -11 -11 -11 -11 -12 -12 -13 -13 -13 -13 -13 -13 -12 -12 -12 -12 -12 -11 -10 -8 -7 -7 -7 -6 -4 -3 -3 -2 -2 -3 -3 -3 -3 -2 -2 4 3 -9 -10 -9 4 5 5 5 6 7 7 -14 -1 -1 6 6
-16 -14 -15 -15 -15 -14 -15 -15 -15 -15 -15 -15 -15 -15 -15 -15 -14 -14 -14 -14 -14 -14 -13 -13 -13 -13 -13 -12 -12 -12 -12 -11 -11 -11 -11 -11 -11 -10 -10 -10 -10 -10 -10 -10 -10 -10 -11 -11 -11 -11 -12 -13 -13 -13 -13 -13 -13 -13 -12 -12 -12 -11 -10 -9 -8 -8 -7 -6 -5 -4 -4 -4 -4 -4 -4 -4 -4 -3 -3 -3 -10 10 7 5 5 5 4 -8 -10 -11 -11 7 6 5 7 7
-21 -19 -20 -18 -16 -16 -16 -16 -17 -17 -17 -17 -17 -17 -16 -16 -15 -15 -15 -15 -15 -14 -14 -14 -14 -14 -13 -13 -12 -12 -12 -12 -11 -11 -11 -10 -10 -10 -10 -10 -10 -10 -10 -10 -10 -10 -10 -10 -10 -11 -11 -12 -12 -13 -13 -13 -13 -13 -13 -12 -12 -11 -10 -9 -7 -5 -5 -6 -6 -5 -5 -5 -5 -5 -5 -5 -5 -4 -4 -3 -4 -3 -4 -2 -1 -1 -3 -5 5 4 5 4 3 4 5 6
-27 -26 -26 -24 -22 -21 -20 -20 -20 -20 -19 -19 -19 -18 -17 -16 -16 -16 -16 -16 -16 -16 -16 -15 -15 -15 -14 -14 -13 -13 -12 -12 -12 -11 -11 -10 -10 -10 -10 -10 -10 -9 -10 -9 -9 -9 -10 -10 -10 -10 -10 -11 -11 -12 -12 -12 -13 -13 -12 -12 -12 -11 -9 -8 -6 -3 -3 -4 -5 -4 -4 -4 -4 -4 -4 -5 -5 -5 -5 -4 -3 -1 -4 -3 -3 -3 -2 -3 -4 -4 4 3 -3 -3 -2 -2
-29 -29 -28 -27 -28 -27 -26 -24 -24 -23 -22 -21 -20 -20 -19 -18 -18 -18 -17 -17 -17 -17 -17 -16 -16 -15 -15 -15 -14 -14 -13 -13 -12 -12 -11 -11 -10 -10 -9 -10 -9 -9 -9 -9 -9 -9 -9 -9 -9 -10 -10 -10 -11 -11 -11 -12 -12 -12 -12 -12 -12 -11 -10 -9 -7 -5 -3 -3 -3 -3 -3 -2 -2 -3 -3 -4 -6 -5 -5 -4 -3 -3 -3 -2 -3 -4 -3 -2 -3 -3 -3 -3 -2 -2 -2 -1
-28 -28 -28 -28 -28 -28 -27 -25 -25 -24 -23 -23 -22 -22 -22 -21 -20 -19 -19 -18 -18 -18 -17 -17 -16 -16 -16 -15 -15 -14 -14 -13 -13 -12 -11 -11 -10 -10 -10 -9 -9 -9 -9 -9 -9 -9 -9 -9 -9 -9 -9 -9 -10 -10 -10 -11 -11 -11 -11 -11 -11 -11 -10 -10 -9 -7 -6 -5 -4 -3 -3 -2 -2 -2 -5 -6 -7 -7 -6 -5 -4 -3 -3 -3 -4 -4 -3 -3 -3 -2 -4 -3 -1 -1 -1 -1
-27 -27 -28 -28 -28 -27 -26 -25 -25 -24 -24 -24 -24 -24 -24 -23 -22 -21 -21 -20 -19 -19 -18 -18 -18 -17 -16 -16 -15 -15 -14 -14 -13 -13 -12 -11 -11 -10 -10 -9 -9 -9 -9 -9 -9 -9 -9 -9 -9 -9 -8 -9 -9 -9 -9 -10 -10 -10 -10 -10 -10 -10 -10 -9 -9 -8 -7 -5 -4 -3 -3 -2 -1 -2 -5 -8 -8 -9 -8 -8 -7 -6 -7 -6 -6 -6 -5 -4 -4 -4 -3 -2 -1 -1 -1 -1
-27 -27 -27 -28 -28 -27 -26 -26 -26 -25 -25 -25 -25 -25 -24 -24 -23 -22 -22 -21 -20 -20 -19 -19 -18 -18 -17 -17 -16 -16 -15 -15 -14 -14 -13 -12 -12 -11 -10 -10 -9 -9 -9 -9 -9 -9 -9 -9 -9 -8 -8 -9 -9 -9 -9 -9 -9 -8 -8 -8 -8 -8 -8 -7 -7 -7 -6 -5 -4 -3 -2 -2 -1 -1 -2 -4 -5 -7 -8 -8 -8 -8 -7 -7 -6 -6 -5 -5 -5 -4 -3 -2 -1 -1 -1 -1
-28 -28 -27 -27 -28 -27 -26 -26 -26 -25 -26 -26 -25 -25 -24 -24 -23 -23 -22 -21 -20 -20 -19 -19 -18 -18 -17 -17 -16 -16 -15 -15 -14 -14 -13 -13 -12 -12 -11 -10 -10 -9 -9 -9 -9 -9 -8 -8 -8 -8 -8 -8 -8 -8 -8 -8 -8 -7 -7 -7 -6 -6 -6 -5 -4 -4 -4 -3 -3 -3 -3 -2 -1 -1 -1 -2 -3 -5 -6 -6 -6 -5 -5 -4 -4 -4 -4 -4 -3 -3 -2 -1 -1 -1 -8 -7
-29 -29 -28 -27 -27 -27 -26 -26 -25 -25 -25 -25 -25 -24 -24 -23 -23 -22 -22 -21 -20 -20 -19 -19 -18 -18 -17 -17 -16 -16 -15 -15 -14 -14 -13 -13 -12 -11 -11 -10 -10 -9 -9 -9 -9 -9 -8 -8 -8 -8 -8 -8 -8 -8 -8 -8 -7 -7 -6 -6 -5 -5 -4 -3 -2 -2 -1 -1 -2 -3 -3 -3 -2 -2 -2 -3 -3 -3 -4 -4 -4 -3 -3 -2 -2 -2 -2 -1 -1 -1 -1 -8 -9 -8 -8 -7
-27 -28 -28 -27 -26 -26 -26 -25 -25 -25 -25 -25 -24 -24 -24 -23 -22 -22 -21 -21 -21 -20 -19 -19 -18 -18 -17 -16 -16 -16 -15 -15 -14 -14 -13 -13 -13 -12 -11 -11 -11 -9 -9 -9 -9 -8 -8 -8 -8 -8 -8 -7 -8 -8 -7 -7 -7 -7 -6 -6 -5 -4 -3 -2 -1 -1 -1 -1 -1 -2 -3 -3 -2 -2 -2 -2 -2 -2 -2 -2 -2 -2 -1 -1 -1 -3 -6 -5 -5 -5 -8 -8 -8 -8 -8 -7
-26 -27 -27 -27 -26 -26 -26 -26 -26 -25 -25 -25 -24 -24 -23 -23 -22 -22 -21 -21 -21 -20 -19 -19 -18 -17 -17 -16 -16 -16 -15 -14 -14 -14 -13 -13 -13 -12 -11 -12 -11 -10 -9 -9 -8 -8 -8 -8 -8 -8 -8 -8 -7 -7 -7 -7 -7 -6 -5 -5 -5 -4 -3 -2 -1 -1 -1 1 -1 -1 -2 -3 -2 -2 -2 -1 -1 -1 -1 -1 -1 -2 -2 -2 -2 -2 -2 -1 -1 -1 -1 -1 -4 -5 -5 -4
-25 -26 -26 -26 -26 -26 -26 -26 -26 -25 -24 -24 -23 -23 -23 -22 -22 -22 -21 -20 -20 -20 -19 -19 -18 -17 -17 -16 -16 -15 -15 -14 -14 -13 -13 -13 -13 -12 -11 -11 -11 -10 -9 -9 -8 -8 -8 -7 -7 -7 -7 -7 -7 -7 -7 -7 -6 -6 -5 -5 -5 -4 -3 -2 -1 -1 1 1 1 -1 -2 -2 -2 -2 -1 -1 -1 -1 -1 -1 -1 -1 -1 -1 -1 -1 -1 -1 -1 -1 -1 -1 -1 -1 -1 -1
-24 -24 -25 -25 -25 -24 -25 -25 -24 -24 -23 -23 -23 -22 -22 -22 -21 -21 -21 -20 -20 -19 -19 -18 -18 -17 -17 -16 -16 -15 -15 -14 -14 -13 -13 -13 -12 -12 -12 -11 -11 -10 -10 -9 -9 -8 -7 -7 -7 -7 -7 -7 -7 -6 -6 -6 -6 -6 -6 -5 -5 -4 -4 -3 -2 -2 -2 -1 -1 -1 -1 -2 -2 -2 -1 -1 -1 -1 -2 -2 -2 -1 -2 -2 -2 -2 -2 -2 -2 -1 -1 -1 -1 -1 -1 -1
-23 -24 -24 -24 -24 -24 -23 -23 -23 -23 -22 -22 -22 -22 -21 -21 -21 -21 -20 -20 -19 -19 -18 -18 -18 -17 -17 -16 -16 -15 -15 -14 -14 -13 -13 -13 -12 -12 -12 -11 -11 -11 -10 -10 -9 -9 -8 -8 -7 -7 -7 -6 -6 -6 -6 -6 -6 -6 -6 -5 -5 -4 -4 -4 -3 -3 -3 -2 -1 -1 -1 -1 -1 -1 -1 -1 -2 -2 -2 -3 -3 -3 1 2 -2 -2 -2 2 4 4 3 -1 -1 -2 -5 4
-24 -24 -24 -24 -23 -23 -23 -23 -22 -22 -22 -21 -21 -20 -20 -20 -20 -20 -19 -19 -19 -18 -18 -17 -17 -17 -16 -16 -16 -15 -14 -14 -14 -13 -13 -12 -12 -12 -11 -11 -11 -10 -10 -10 -9 -9 -8 -8 -8 -7 -7 -7 -6 -6 -6 -6 -6 -6 -5 -5 -5 -5 -4 -4 -3 -3 -3 -3 -2 -2 -2 -1 -1 -1 -2 -2 -2 -2 -3 -3 2 8 15 20 17 14 11 12 12 11 8 6 3 3 5 12
-24 -23 -23 -23 -23 -23 -23 -22 -22 -22 -21 -21 -20 -20 -20 -19 -19 -19 -19 -18 -18 -18 -17 -17 -17 -16 -16 -16 -15 -15 -14 -14 -14 -13 -13 -12 -12 -12 -11 -11 -11 -10 -10 -10 -9 -9 -8 -8 -8 -7 -7 -7 -7 -6 -6 -6 -6 -6 -5 -5 -5 -5 -4 -4 -4 -3 -3 -3 -3 -2 -2 -2 -2 -2 -2 -2 -2 -2 -2 -3 7 19 30 40 37 33 28 11 7 5 4 6 8 12 14 30
