data/unprocessed_DEMs/125_125_10506.asc
ncols        125
nrows        125
xllcorner    -0.220833333333
yllcorner    49.283333333333
cellsize     0.004166666667
NODATA_value -32767
[rows 0 to 47 of 125, columns 0 to 95 of 125]
-36 -35 -35 -36 -36 -35 -36 -36 -36 -36 -36 -36 -35 -36 -36 -36 -35 -36 -36 -36 -36 -36 -36 -36 -36 -36 -35 -36 -35 -36 -37 -37 -36 -36 -36 -36 -36 -36 -35 -35 -35 -35 -36 -34 -34 -34 -33 -33 -33 -32 -33 -33 -32 -33 -33 -32 -32 -31 -31 -31 -31 -31 -31 -30 -30 -30 -30 -30 -30 -30 -30 -30 -30 -29 -29 -29 -29 -29 -28 -28 -28 -28 -27 -27 -27 -27 -26 -26 -26 -26 -26 -26 -26 -26 -26 -25
-35 -35 -35 -35 -36 -35 -36 -36 -36 -36 -36 -36 -36 -36 -36 -35 -35 -35 -35 -36 -36 -35 -35 -35 -35 -35 -35 -36 -36 -36 -37 -37 -36 -36 -35 -35 -36 -36 -35 -35 -35 -36 -36 -35 -35 -34 -34 -34 -33 -33 -33 -33 -32 -32 -32 -32 -32 -31 -31 -31 -31 -31 -31 -31 -30 -30 -30 -30 -30 -30 -30 -29 -29 -29 -29 -29 -29 -28 -28 -28 -28 -28 -27 -27 -27 -26 -26 -26 -26 -26 -26 -26 -26 -26 -25 -25
-35 -35 -35 -35 -35 -35 -36 -36 -36 -36 -36 -35 -36 -36 -35 -35 -35 -35 -35 -35 -35 -35 -34 -35 -35 -35 -35 -35 -35 -35 -35 -35 -35 -35 -35 -35 -36 -35 -36 -36 -36 -36 -35 -36 -35 -35 -35 -35 -33 -33 -33 -32 -32 -32 -32 -32 -32 -32 -31 -31 -31 -31 -31 -31 -30 -30 -30 -30 -30 -30 -30 -29 -29 -29 -29 -29 -28 -28 -28 -28 -28 -27 -27 -27 -27 -26 -26 -26 -26 -26 -26 -25 -25 -25 -25 -25
-35 -35 -35 -36 -36 -35 -35 -35 -35 -35 -35 -35 -35 -35 -35 -34 -34 -34 -34 -34 -34 -35 -35 -35 -35 -35 -35 -34 -35 -35 -35 -35 -35 -36 -37 -37 -36 -36 -37 -37 -37 -36 -35 -35 -35 -34 -35 -35 -35 -34 -35 -34 -33 -32 -32 -32 -32 -32 -31 -31 -31 -31 -31 -31 -30 -30 -30 -30 -30 -30 -29 -29 -29 -29 -29 -29 -28 -28 -28 -28 -27 -27 -27 -27 -27 -26 -26 -26 -26 -25 -25 -25 -25 -25 -25 -24
-35 -35 -35 -35 -35 -35 -35 -35 -35 -35 -35 -35 -35 -35 -34 -34 -34 -35 -35 -35 -35 -35 -35 -35 -35 -35 -35 -35 -36 -37 -37 -36 -36 -36 -37 -37 -36 -36 -36 -37 -37 -36 -36 -35 -35 -35 -36 -35 -35 -34 -34 -34 -34 -34 -33 -32 -32 -32 -31 -31 -31 -32 -31 -31 -31 -30 -30 -30 -30 -30 -29 -29 -29 -29 -29 -29 -28 -28 -28 -28 -27 -27 -26 -26 -26 -26 -26 -26 -26 -25 -25 -25 -24 -24 -24 -24
-35 -35 -35 -35 -35 -35 -35 -35 -35 -35 -35 -35 -34 -35 -34 -35 -35 -36 -36 -36 -35 -35 -36 -36 -36 -36 -36 -37 -37 -37 -37 -36 -36 -36 -36 -36 -37 -37 -37 -38 -37 -36 -37 -36 -36 -37 -36 -35 -35 -34 -34 -35 -35 -34 -33 -33 -34 -32 -32 -32 -31 -31 -31 -31 -31 -31 -30 -30 -29 -29 -29 -29 -29 -29 -28 -28 -28 -28 -28 -27 -27 -27 -26 -26 -26 -26 -25 -25 -25 -25 -24 -24 -24 -24 -24 -24
-35 -35 -35 -35 -35 -35 -35 -35 -35 -35 -35 -34 -34 -35 -35 -35 -35 -35 -35 -35 -35 -35 -36 -36 -35 -35 -36 -36 -36 -36 -35 -35 -36 -36 -36 -37 -38 -38 -38 -37 -36 -36 -36 -35 -36 -37 -35 -35 -35 -35 -35 -35 -35 -35 -35 -33 -30 -33 -33 -33 -33 -32 -32 -31 -31 -31 -30 -29 -29 -29 -29 -29 -29 -28 -28 -28 -27 -27 -27 -27 -27 -26 -26 -26 -26 -26 -25 -25 -24 -24 -24 -24 -24 -23 -24 -24
-35 -35 -35 -35 -35 -35 -35 -34 -34 -35 -35 -34 -34 -35 -35 -35 -35 -35 -35 -35 -35 -35 -35 -35 -35 -35 -35 -35 -35 -35 -35 -35 -35 -35 -35 -36 -36 -36 -35 -35 -35 -35 -34 -34 -34 -35 -35 -35 -34 -34 -33 -32 -34 -35 -36 -35 -33 -34 -33 -33 -34 -34 -33 -32 -31 -31 -30 -30 -29 -29 -29 -28 -28 -28 -28 -27 -27 -27 -27 -27 -27 -26 -26 -26 -25 -25 -25 -25 -25 -25 -24 -24 -24 -23 -23 -24
-35 -35 -35 -35 -35 -35 -34 -34 -34 -35 -35 -34 -34 -34 -35 -35 -34 -34 -34 -34 -34 -34 -34 -34 -35 -34 -34 -34 -34 -34 -34 -34 -34 -34 -34 -34 -34 -34 -33 -34 -33 -33 -33 -33 -33 -34 -35 -35 -35 -34 -33 -32 -35 -35 -36 -37 -36 -33 -33 -34 -33 -33 -33 -33 -32 -31 -30 -30 -30 -30 -29 -29 -29 -28 -28 -27 -27 -27 -27 -27 -27 -26 -26 -25 -25 -25 -25 -24 -24 -24 -24 -24 -24 -23 -23 -24
-35 -35 -34 -34 -35 -35 -34 -34 -34 -34 -35 -34 -34 -34 -34 -34 -34 -34 -34 -34 -34 -34 -34 -34 -34 -34 -34 -34 -34 -34 -34 -34 -34 -34 -34 -34 -33 -33 -33 -33 -32 -32 -33 -33 -33 -33 -33 -34 -35 -35 -36 -36 -37 -37 -35 -34 -34 -35 -35 -34 -34 -33 -32 -32 -31 -30 -30 -30 -30 -30 -30 -30 -29 -28 -28 -27 -27 -27 -26 -26 -26 -26 -26 -25 -25 -25 -25 -24 -24 -24 -24 -24 -24 -24 -23 -23
-35 -35 -35 -35 -35 -34 -34 -34 -34 -34 -34 -34 -34 -34 -34 -34 -34 -34 -34 -34 -34 -34 -34 -34 -34 -34 -33 -34 -34 -34 -34 -34 -34 -34 -34 -32 -30 -32 -33 -33 -32 -33 -33 -33 -33 -32 -33 -33 -34 -34 -35 -35 -35 -35 -33 -33 -34 -34 -34 -33 -33 -32 -31 -31 -31 -30 -30 -30 -30 -30 -30 -30 -29 -29 -28 -27 -27 -27 -26 -26 -25 -25 -25 -25 -25 -25 -24 -24 -24 -24 -23 -23 -23 -23 -22 -22
-35 -35 -35 -35 -35 -34 -34 -34 -34 -34 -34 -34 -34 -34 -34 -34 -34 -34 -34 -34 -34 -34 -34 -34 -34 -34 -34 -34 -34 -34 -34 -34 -34 -34 -33 -33 -31 -32 -33 -33 -33 -33 -33 -33 -32 -32 -33 -33 -33 -33 -33 -34 -35 -34 -34 -34 -35 -33 -33 -33 -32 -32 -31 -31 -31 -30 -31 -31 -31 -31 -30 -29 -29 -29 -28 -27 -27 -26 -26 -26 -25 -25 -25 -25 -24 -24 -24 -24 -23 -23 -23 -23 -22 -22 -22 -22
-35 -35 -35 -35 -34 -34 -34 -34 -34 -34 -34 -34 -34 -34 -34 -34 -34 -34 -34 -34 -34 -34 -34 -34 -34 -34 -34 -33 -33 -33 -33 -34 -34 -34 -34 -34 -33 -33 -33 -33 -33 -33 -33 -33 -33 -33 -33 -33 -34 -34 -35 -35 -35 -35 -34 -34 -34 -33 -33 -32 -30 -32 -32 -31 -31 -31 -31 -31 -31 -30 -30 -29 -29 -29 -28 -28 -27 -26 -26 -26 -25 -25 -24 -24 -24 -24 -24 -23 -23 -23 -22 -22 -22 -22 -22 -22
-35 -34 -34 -34 -34 -34 -34 -34 -34 -34 -34 -34 -34 -34 -33 -34 -34 -34 -34 -34 -34 -34 -34 -34 -34 -34 -34 -33 -34 -34 -34 -33 -33 -33 -34 -33 -33 -33 -34 -34 -34 -34 -34 -33 -34 -33 -34 -36 -37 -37 -37 -36 -35 -34 -34 -33 -33 -33 -32 -31 -30 -31 -31 -31 -31 -31 -31 -31 -31 -30 -29 -29 -29 -29 -28 -28 -28 -26 -26 -25 -25 -25 -24 -24 -23 -23 -23 -23 -23 -22 -22 -22 -22 -21 -21 -21
-34 -34 -34 -34 -34 -34 -34 -33 -34 -34 -34 -34 -33 -34 -33 -33 -33 -33 -34 -34 -34 -34 -34 -34 -34 -34 -34 -34 -34 -34 -34 -34 -33 -33 -34 -34 -34 -34 -34 -34 -34 -34 -34 -34 -35 -35 -36 -37 -36 -36 -35 -35 -35 -34 -33 -32 -31 -33 -33 -33 -32 -31 -30 -31 -31 -31 -31 -30 -30 -30 -29 -29 -29 -28 -28 -28 -28 -27 -26 -25 -25 -24 -24 -24 -23 -23 -23 -23 -22 -22 -22 -22 -22 -21 -21 -21
-34 -34 -33 -33 -33 -33 -33 -33 -34 -34 -34 -34 -34 -34 -34 -33 -33 -33 -34 -34 -34 -34 -33 -32 -34 -35 -34 -35 -35 -35 -34 -34 -34 -35 -35 -35 -35 -36 -36 -35 -35 -34 -34 -34 -35 -34 -34 -33 -32 -31 -32 -32 -31 -32 -33 -32 -31 -33 -33 -33 -33 -32 -31 -31 -31 -31 -30 -30 -30 -30 -29 -29 -29 -29 -28 -28 -27 -27 -26 -25 -24 -24 -24 -24 -23 -23 -23 -22 -22 -22 -21 -21 -21 -21 -21 -21
-33 -33 -32 -32 -33 -34 -34 -34 -34 -34 -34 -33 -34 -34 -34 -33 -33 -34 -34 -34 -34 -34 -33 -33 -34 -35 -35 -35 -35 -35 -34 -33 -36 -36 -35 -34 -33 -35 -35 -35 -34 -33 -32 -33 -32 -33 -32 -31 -31 -31 -33 -32 -32 -33 -33 -33 -34 -35 -34 -33 -33 -33 -32 -31 -31 -31 -31 -30 -30 -30 -29 -29 -29 -29 -28 -27 -27 -26 -26 -25 -24 -24 -24 -23 -23 -23 -22 -22 -22 -22 -21 -21 -21 -20 -20 -20
-33 -33 -33 -33 -34 -34 -34 -34 -34 -34 -34 -34 -34 -34 -34 -34 -34 -34 -34 -34 -34 -34 -34 -34 -34 -34 -35 -35 -34 -35 -35 -35 -37 -36 -35 -33 -32 -34 -34 -33 -33 -33 -33 -33 -33 -33 -33 -32 -33 -34 -35 -35 -36 -36 -36 -35 -34 -35 -35 -34 -33 -32 -32 -31 -31 -31 -31 -30 -30 -31 -30 -29 -28 -28 -28 -27 -27 -26 -26 -25 -25 -24 -24 -23 -23 -23 -22 -22 -21 -21 -21 -21 -21 -20 -20 -20
-34 -34 -34 -35 -35 -35 -36 -35 -35 -35 -35 -35 -35 -35 -35 -34 -34 -34 -34 -34 -34 -34 -34 -34 -34 -34 -34 -34 -35 -35 -35 -35 -35 -34 -35 -34 -33 -33 -33 -34 -34 -34 -34 -34 -34 -34 -34 -34 -35 -36 -36 -36 -36 -37 -37 -35 -34 -34 -34 -32 -31 -30 -30 -30 -30 -30 -30 -30 -30 -30 -31 -30 -29 -28 -27 -27 -26 -26 -26 -26 -25 -25 -25 -24 -23 -23 -22 -21 -21 -21 -21 -21 -21 -21 -20 -19
-35 -35 -35 -35 -35 -36 -37 -36 -36 -36 -36 -36 -35 -35 -35 -34 -34 -34 -34 -34 -34 -34 -34 -34 -34 -34 -34 -34 -34 -34 -34 -34 -34 -34 -35 -36 -35 -35 -36 -35 -35 -36 -35 -35 -36 -35 -35 -36 -36 -36 -36 -36 -37 -37 -36 -35 -34 -33 -33 -31 -30 -30 -30 -30 -30 -30 -30 -30 -30 -30 -29 -30 -29 -27 -27 -26 -26 -26 -26 -25 -25 -25 -25 -24 -23 -22 -22 -22 -21 -21 -20 -20 -20 -20 -19 -18
-35 -35 -36 -36 -36 -36 -37 -37 -36 -36 -35 -35 -34 -34 -34 -34 -34 -34 -34 -34 -34 -34 -34 -34 -35 -34 -34 -34 -34 -34 -34 -34 -34 -34 -35 -36 -37 -37 -38 -38 -38 -37 -36 -37 -38 -37 -35 -35 -36 -37 -37 -36 -36 -37 -36 -34 -33 -32 -32 -31 -31 -30 -30 -30 -30 -30 -30 -30 -30 -29 -29 -29 -28 -27 -27 -26 -26 -26 -25 -25 -25 -25 -25 -24 -24 -23 -23 -22 -21 -20 -20 -19 -19 -19 -18 -16
-34 -34 -35 -35 -36 -36 -36 -36 -36 -35 -35 -35 -35 -34 -34 -34 -34 -34 -34 -34 -34 -34 -34 -34 -34 -34 -34 -34 -34 -34 -33 -33 -33 -33 -34 -35 -35 -37 -37 -38 -38 -38 -38 -37 -38 -37 -35 -35 -35 -36 -36 -35 -35 -35 -34 -33 -33 -31 -31 -31 -30 -30 -29 -30 -29 -29 -30 -30 -30 -30 -30 -29 -28 -28 -27 -26 -26 -26 -25 -25 -25 -25 -24 -24 -24 -23 -23 -22 -21 -21 -20 -20 -19 -18 -17 -16
-35 -34 -34 -34 -35 -35 -36 -36 -36 -35 -36 -36 -36 -35 -34 -35 -34 -34 -34 -34 -34 -34 -34 -34 -34 -34 -34 -34 -34 -34 -33 -33 -33 -33 -33 -33 -33 -34 -34 -35 -36 -37 -37 -37 -37 -35 -35 -36 -37 -36 -35 -33 -34 -34 -33 -33 -33 -31 -31 -30 -30 -30 -29 -29 -29 -29 -30 -30 -30 -30 -30 -28 -28 -27 -27 -26 -26 -26 -25 -25 -25 -24 -24 -24 -24 -23 -22 -21 -21 -21 -20 -20 -19 -18 -17 -16
-35 -34 -34 -35 -35 -35 -35 -34 -36 -36 -36 -37 -37 -35 -35 -34 -34 -34 -34 -34 -34 -34 -34 -34 -34 -34 -34 -33 -34 -34 -33 -34 -33 -33 -32 -32 -32 -33 -32 -33 -33 -34 -34 -35 -36 -36 -35 -36 -36 -36 -35 -33 -33 -32 -34 -33 -32 -31 -32 -31 -29 -29 -29 -29 -29 -29 -30 -30 -29 -29 -29 -28 -28 -27 -27 -26 -26 -25 -25 -25 -25 -24 -24 -24 -23 -23 -22 -20 -20 -20 -20 -20 -19 -18 -17 -15
-34 -34 -34 -35 -35 -35 -35 -34 -36 -35 -35 -36 -36 -35 -34 -34 -34 -34 -34 -34 -35 -34 -34 -34 -34 -34 -33 -33 -33 -33 -33 -33 -34 -33 -33 -32 -32 -32 -32 -32 -32 -32 -32 -32 -33 -33 -34 -34 -34 -33 -33 -33 -33 -31 -32 -32 -32 -32 -32 -31 -29 -29 -29 -29 -29 -29 -29 -30 -29 -29 -29 -28 -27 -27 -27 -26 -26 -25 -25 -25 -25 -24 -24 -23 -23 -22 -21 -20 -19 -18 -19 -20 -19 -18 -17 -15
-34 -34 -34 -35 -35 -36 -35 -35 -35 -35 -34 -34 -35 -34 -34 -34 -34 -34 -34 -34 -35 -34 -34 -33 -34 -33 -33 -33 -33 -33 -33 -32 -33 -33 -33 -33 -32 -32 -32 -32 -32 -31 -31 -31 -31 -31 -31 -32 -32 -32 -31 -31 -32 -32 -32 -31 -31 -31 -30 -30 -30 -30 -30 -30 -30 -29 -29 -29 -29 -29 -29 -28 -28 -27 -27 -26 -26 -26 -25 -25 -24 -24 -24 -23 -23 -22 -20 -19 -18 -18 -18 -19 -19 -18 -16 -11
-35 -34 -34 -35 -35 -35 -36 -35 -35 -35 -34 -34 -34 -34 -34 -34 -34 -34 -33 -34 -34 -34 -34 -34 -33 -33 -33 -33 -33 -32 -32 -32 -32 -32 -32 -33 -33 -32 -32 -32 -32 -31 -31 -31 -30 -30 -30 -30 -30 -30 -30 -30 -30 -31 -31 -30 -30 -30 -30 -29 -30 -30 -30 -30 -30 -29 -28 -28 -28 -29 -28 -28 -28 -27 -26 -26 -26 -25 -25 -25 -24 -24 -24 -23 -22 -20 -19 -18 -18 -19 -19 -20 -19 -16 8 56
-35 -34 -35 -35 -35 -35 -36 -35 -35 -35 -34 -34 -34 -34 -34 -34 -33 -33 -33 -33 -33 -33 -34 -34 -33 -33 -33 -33 -32 -32 -32 -32 -32 -32 -32 -32 -32 -32 -32 -32 -31 -31 -31 -31 -30 -30 -30 -30 -30 -30 -29 -29 -29 -29 -30 -30 -30 -30 -29 -29 -29 -29 -29 -29 -29 -28 -28 -28 -27 -27 -28 -27 -27 -27 -27 -26 -26 -25 -25 -25 -25 -24 -24 -23 -22 -20 -19 -20 -20 -20 -20 -19 5 57 82 91
-35 -34 -34 -35 -35 -35 -35 -36 -35 -35 -34 -34 -33 -34 -34 -33 -33 -33 -33 -33 -33 -33 -33 -33 -33 -33 -32 -32 -32 -32 -32 -32 -32 -31 -31 -31 -31 -31 -31 -31 -31 -31 -31 -31 -30 -30 -30 -29 -29 -29 -29 -29 -29 -30 -30 -30 -30 -29 -29 -29 -28 -28 -28 -28 -28 -27 -27 -27 -27 -27 -27 -27 -27 -27 -27 -26 -26 -25 -25 -25 -25 -24 -24 -23 -22 -21 -21 -21 -20 -19 -18 -15 60 80 92 99
-33 -34 -33 -34 -34 -34 -35 -35 -35 -35 -34 -33 -33 -33 -34 -33 -33 -33 -32 -32 -32 -33 -33 -32 -33 -32 -32 -32 -32 -32 -32 -31 -31 -31 -31 -31 -31 -31 -30 -30 -29 -27 -30 -30 -30 -30 -29 -29 -29 -29 -29 -29 -29 -30 -30 -29 -29 -28 -28 -28 -28 -27 -28 -28 -28 -27 -28 -28 -27 -27 -27 -27 -27 -26 -26 -26 -25 -25 -25 -24 -24 -24 -23 -23 -22 -22 -21 -20 -18 -17 -16 -11 79 96 101 103
-33 -34 -33 -33 -33 -34 -34 -35 -35 -35 -34 -33 -33 -33 -33 -33 -32 -32 -32 -32 -32 -32 -32 -32 -32 -32 -32 -32 -32 -31 -31 -31 -31 -31 -31 -30 -30 -30 -30 -30 -29 -28 -30 -29 -29 -29 -29 -29 -29 -29 -29 -28 -29 -29 -28 -28 -28 -27 -27 -27 -27 -27 -27 -27 -27 -27 -27 -27 -27 -27 -27 -26 -26 -26 -26 -26 -26 -25 -24 -24 -24 -23 -23 -22 -22 -21 -19 -16 -16 -17 -15 68 96 106 109 110
-33 -33 -33 -33 -33 -33 -33 -33 -34 -35 -34 -34 -34 -34 -33 -32 -32 -32 -32 -32 -31 -31 -32 -32 -31 -31 -30 -31 -31 -31 -30 -30 -30 -30 -30 -30 -30 -30 -30 -30 -30 -29 -29 -29 -29 -29 -29 -29 -28 -29 -28 -28 -28 -28 -28 -27 -27 -27 -26 -26 -26 -26 -26 -26 -26 -26 -26 -26 -26 -26 -26 -26 -26 -26 -26 -25 -25 -24 -24 -24 -23 -23 -23 -22 -22 -22 -20 -17 -17 -17 -14 70 103 110 111 110
-32 -33 -33 -33 -33 -32 -32 -32 -33 -33 -33 -33 -33 -33 -32 -32 -31 -32 -31 -31 -31 -31 -31 -31 -31 -30 -30 -31 -30 -30 -30 -30 -30 -30 -30 -30 -30 -30 -30 -29 -29 -29 -29 -29 -29 -29 -29 -29 -29 -28 -28 -28 -27 -27 -27 -27 -27 -26 -26 -26 -26 -26 -26 -26 -26 -26 -26 -26 -25 -25 -25 -25 -25 -25 -25 -25 -25 -24 -23 -23 -23 -23 -22 -23 -23 -23 -22 -22 -14 -6 8 57 88 98 103 100
-31 -31 -32 -32 -32 -32 -32 -32 -32 -32 -32 -32 -32 -32 -32 -31 -31 -31 -31 -31 -30 -30 -30 -30 -30 -30 -31 -31 -30 -30 -30 -30 -30 -30 -30 -30 -29 -29 -29 -29 -29 -29 -29 -28 -28 -28 -29 -28 -28 -28 -28 -27 -27 -27 -27 -26 -27 -26 -25 -25 -25 -25 -25 -25 -25 -25 -25 -25 -25 -25 -24 -24 -24 -24 -24 -24 -24 -24 -24 -24 -23 -23 -24 -25 -26 -26 -25 -21 -14 6 38 57 61 73 79 81
-30 -30 -31 -31 -31 -31 -31 -31 -31 -31 -31 -31 -31 -31 -31 -31 -31 -31 -31 -30 -30 -30 -30 -30 -30 -30 -30 -30 -30 -30 -30 -30 -29 -29 -29 -29 -29 -29 -29 -29 -29 -29 -29 -28 -28 -28 -28 -28 -28 -27 -27 -27 -27 -27 -26 -26 -26 -26 -25 -25 -25 -25 -25 -25 -25 -25 -24 -24 -25 -24 -24 -24 -24 -24 -24 -23 -24 -24 -25 -24 -24 -23 -23 -25 -27 -28 -27 -21 -15 15 35 82 84 81 91 93
-31 -30 -30 -31 -31 -31 -30 -31 -31 -31 -30 -30 -30 -30 -30 -30 -31 -30 -31 -30 -30 -29 -29 -29 -30 -30 -30 -30 -29 -30 -30 -29 -30 -30 -29 -29 -29 -29 -29 -29 -29 -29 -28 -28 -28 -28 -28 -28 -27 -27 -27 -27 -27 -26 -26 -26 -26 -26 -25 -25 -25 -25 -25 -24 -24 -24 -24 -24 -24 -24 -23 -23 -23 -23 -23 -23 -23 -23 -24 -23 -23 -22 -21 -23 -25 -28 -28 -23 4 21 27 80 98 99 103 104
-31 -31 -30 -31 -30 -30 -30 -30 -30 -30 -30 -30 -30 -30 -30 -30 -30 -30 -30 -30 -30 -29 -29 -29 -29 -29 -29 -29 -29 -29 -29 -29 -29 -30 -29 -29 -29 -28 -28 -28 -28 -28 -28 -28 -27 -27 -27 -27 -27 -27 -26 -26 -26 -26 -26 -26 -26 -25 -25 -25 -25 -25 -24 -24 -24 -24 -24 -24 -23 -23 -23 -23 -23 -23 -23 -23 -23 -23 -23 -22 -22 -21 -21 -21 -23 -27 -27 -22 8 26 31 81 104 109 113 118
-31 -31 -31 -31 -30 -30 -30 -30 -30 -30 -30 -30 -30 -30 -30 -30 -30 -30 -30 -30 -29 -29 -29 -29 -29 -29 -29 -29 -29 -29 -29 -29 -29 -29 -29 -29 -29 -28 -28 -28 -28 -28 -28 -27 -27 -27 -27 -27 -27 -26 -26 -26 -26 -26 -26 -25 -25 -25 -25 -25 -25 -24 -24 -24 -24 -24 -24 -23 -23 -23 -23 -23 -23 -22 -22 -22 -22 -22 -22 -22 -21 -20 -20 -20 -20 -22 -22 -17 12 32 65 102 110 116 121 127
-31 -30 -30 -30 -30 -30 -30 -30 -30 -30 -30 -30 -30 -30 -29 -29 -29 -30 -30 -29 -29 -29 -29 -29 -29 -29 -29 -29 -29 -29 -29 -29 -28 -28 -28 -28 -28 -28 -28 -28 -28 -28 -28 -27 -27 -26 -26 -26 -26 -26 -26 -25 -25 -25 -25 -25 -25 -25 -25 -25 -25 -24 -24 -24 -24 -24 -24 -23 -23 -23 -23 -23 -23 -22 -22 -22 -22 -21 -21 -21 -20 -19 -19 -18 -18 -18 -17 -13 15 52 84 106 117 124 128 131
-30 -30 -29 -30 -30 -30 -30 -30 -30 -30 -30 -29 -29 -29 -29 -29 -29 -30 -30 -30 -29 -29 -29 -29 -29 -29 -29 -29 -29 -28 -28 -28 -28 -28 -28 -28 -28 -28 -28 -28 -28 -27 -27 -27 -26 -26 -26 -26 -26 -26 -25 -25 -25 -25 -25 -25 -25 -25 -25 -25 -24 -24 -24 -24 -24 -23 -23 -23 -23 -23 -23 -22 -22 -22 -22 -22 -21 -21 -20 -19 -19 -18 -18 -17 -17 -16 -15 -11 46 78 103 113 121 126 130 131
-30 -29 -29 -29 -29 -30 -30 -29 -29 -29 -29 -29 -29 -29 -29 -29 -29 -29 -29 -29 -29 -29 -29 -28 -29 -29 -29 -29 -29 -28 -28 -28 -28 -28 -28 -27 -27 -27 -27 -27 -27 -27 -27 -27 -26 -26 -25 -25 -25 -25 -25 -25 -25 -25 -25 -24 -24 -25 -24 -24 -24 -24 -24 -23 -23 -23 -23 -23 -23 -23 -23 -22 -22 -22 -21 -21 -21 -20 -19 -19 -18 -18 -17 -17 -16 -15 -13 13 68 102 113 119 121 121 122 124
-29 -29 -29 -29 -29 -30 -30 -29 -29 -29 -29 -29 -29 -29 -29 -29 -29 -29 -28 -28 -28 -28 -28 -28 -28 -28 -28 -28 -28 -28 -27 -27 -27 -27 -27 -27 -27 -27 -26 -26 -26 -26 -26 -26 -26 -25 -25 -25 -25 -25 -25 -25 -24 -24 -24 -24 -24 -24 -24 -24 -24 -24 -23 -23 -23 -23 -23 -23 -23 -22 -22 -22 -22 -21 -21 -21 -20 -19 -19 -18 -18 -17 -17 -16 -15 -14 5 57 94 109 110 111 113 114 114 116
-28 -28 -28 -28 -28 -29 -29 -29 -29 -29 -28 -28 -28 -28 -29 -29 -28 -28 -28 -28 -27 -27 -28 -28 -28 -28 -28 -28 -28 -27 -27 -27 -27 -26 -26 -26 -26 -26 -26 -26 -25 -25 -25 -25 -25 -25 -25 -24 -24 -24 -25 -24 -24 -24 -24 -24 -24 -24 -24 -24 -24 -23 -23 -23 -23 -23 -23 -23 -22 -22 -22 -22 -21 -21 -20 -20 -20 -19 -18 -18 -17 -17 -16 -15 -14 -12 16 83 100 102 103 103 105 107 110 110
-28 -28 -28 -27 -28 -27 -27 -28 -29 -29 -28 -28 -28 -28 -28 -28 -28 -27 -27 -27 -27 -27 -27 -27 -27 -27 -27 -27 -27 -26 -26 -26 -26 -26 -26 -26 -25 -25 -25 -24 -25 -25 -25 -25 -25 -25 -24 -24 -24 -24 -24 -24 -24 -24 -24 -24 -23 -23 -23 -23 -23 -23 -23 -23 -23 -22 -22 -22 -22 -22 -21 -21 -21 -20 -20 -19 -19 -18 -18 -18 -17 -17 -16 -15 -12 16 73 93 96 97 98 96 98 103 105 107
-27 -27 -27 -27 -27 -26 -27 -28 -28 -28 -28 -27 -27 -27 -27 -26 -25 -24 -26 -26 -26 -26 -25 -26 -26 -26 -26 -26 -25 -24 -26 -26 -26 -26 -26 -25 -25 -25 -24 -24 -24 -24 -24 -25 -25 -24 -24 -24 -24 -24 -24 -24 -24 -23 -23 -23 -23 -23 -23 -23 -23 -23 -23 -23 -22 -22 -22 -22 -21 -21 -20 -20 -20 -19 -19 -19 -18 -18 -18 -17 -17 -16 -15 -13 9 61 85 92 91 92 94 92 93 96 98 98
-27 -27 -27 -27 -26 -26 -27 -28 -27 -27 -27 -27 -26 -26 -26 -26 -24 -23 -25 -25 -24 -24 -24 -25 -26 -25 -25 -25 -25 -24 -25 -25 -25 -25 -25 -25 -25 -24 -24 -24 -23 -24 -24 -24 -24 -24 -24 -24 -24 -23 -23 -23 -23 -23 -23 -23 -23 -23 -23 -23 -23 -23 -22 -22 -22 -22 -21 -21 -21 -20 -20 -20 -19 -19 -19 -18 -18 -18 -17 -17 -16 -15 -13 -10 49 71 83 86 86 85 87 86 87 90 89 87
-27 -27 -26 -26 -26 -25 -27 -27 -27 -26 -26 -26 -26 -25 -24 -24 -24 -24 -23 -24 -23 -23 -24 -24 -26 -25 -24 -24 -25 -25 -24 -24 -25 -25 -24 -24 -24 -24 -24 -24 -23 -23 -24 -24 -24 -24 -24 -23 -23 -23 -23 -23 -23 -23 -22 -23 -23 -23 -23 -22 -22 -22 -22 -22 -21 -21 -21 -20 -20 -20 -19 -19 -19 -19 -18 -18 -18 -17 -17 -16 -15 -14 2 11 63 80 81 80 79 76 76 80 84 84 81 80
-26 -26 -26 -26 -26 -25 -26 -26 -25 -25 -25 -26 -25 -25 -25 -24 -24 -25 -24 -24 -24 -24 -24 -24 -25 -25 -25 -25 -24 -24 -25 -24 -24 -24 -24 -24 -24 -24 -24 -24 -24 -23 -23 -23 -23 -24 -23 -23 -23 -23 -22 -22 -23 -22 -22 -22 -22 -22 -22 -22 -22 -22 -22 -21 -21 -20 -20 -20 -20 -19 -19 -19 -18 -18 -18 -18 -18 -17 -16 -15 -14 6 16 58 82 88 88 86 84 82 81 77 74 74 73 71
