data/unprocessed_DEMs/125_125_12224.asc
ncols        125
nrows        125
xllcorner    23.254166666667
yllcorner    38.837500000000
cellsize     0.004166666667
NODATA_value -32767
[rows 0 to 38 of 125, columns 0 to 86 of 125]
-121 -124 -132 -143 -157 -173 -189 -202 -203 -208 -216 -225 -226 -242 -257 -271 -279 -291 -302 -314 -326 -342 -353 -359 -377 -395 -413 -435 -450 -474 -507 -543 -585 -634 -685 -740 -790 -826 -862 -915 -953 -981 -1004 -1034 -1060 -1086 -1110 -1135 -1150 -1162 -1179 -1198 -1210 -1217 -1220 -1225 -1231 -1234 -1235 -1235 -1235 -1236 -1236 -1236 -1237 -1237 -1235 -1232 -1232 -1231 -1231 -1229 -1227 -1225 -1222 -1219 -1214 -1208 -1204 -1200 -1197 -1190 -1184 -1180 -1174 -1169 -1162
-93 -98 -108 -122 -136 -153 -171 -188 -199 -200 -205 -213 -225 -235 -241 -251 -262 -273 -285 -299 -305 -317 -328 -341 -355 -370 -387 -400 -425 -446 -469 -503 -540 -584 -631 -684 -726 -749 -805 -848 -878 -908 -938 -960 -999 -1037 -1057 -1080 -1089 -1109 -1140 -1174 -1189 -1196 -1205 -1216 -1221 -1227 -1230 -1230 -1230 -1230 -1230 -1230 -1230 -1230 -1229 -1226 -1224 -1224 -1223 -1222 -1221 -1218 -1219 -1215 -1211 -1206 -1200 -1195 -1190 -1184 -1179 -1168 -1166 -1161 -1155
-68 -74 -85 -100 -116 -135 -152 -170 -186 -197 -199 -204 -210 -219 -228 -238 -250 -263 -268 -281 -291 -300 -310 -322 -335 -349 -359 -377 -396 -412 -433 -459 -493 -531 -570 -606 -635 -677 -719 -753 -787 -818 -865 -888 -934 -974 -1001 -996 -1025 -1063 -1112 -1145 -1163 -1176 -1190 -1199 -1208 -1217 -1222 -1223 -1223 -1221 -1221 -1222 -1224 -1225 -1223 -1221 -1220 -1217 -1217 -1214 -1218 -1218 -1216 -1211 -1208 -1201 -1196 -1191 -1183 -1178 -1168 -1164 -1157 -1152 -1145
-43 -51 -64 -80 -97 -116 -133 -149 -167 -183 -197 -202 -206 -213 -221 -227 -237 -246 -255 -265 -276 -285 -294 -305 -316 -327 -343 -352 -361 -377 -396 -418 -444 -473 -507 -537 -572 -610 -642 -676 -707 -733 -752 -786 -841 -901 -910 -928 -971 -1023 -1068 -1104 -1123 -1145 -1167 -1183 -1193 -1199 -1208 -1211 -1213 -1212 -1213 -1213 -1217 -1218 -1218 -1215 -1214 -1214 -1213 -1218 -1216 -1216 -1214 -1213 -1209 -1196 -1190 -1182 -1174 -1167 -1160 -1153 -1147 -1144 -1137
-19 -29 -42 -60 -80 -97 -113 -130 -147 -167 -191 -204 -208 -209 -215 -221 -227 -235 -243 -252 -261 -269 -280 -289 -297 -312 -320 -328 -338 -349 -361 -379 -399 -426 -448 -475 -506 -537 -566 -594 -620 -637 -653 -689 -740 -765 -798 -839 -893 -964 -1029 -1054 -1076 -1102 -1139 -1161 -1172 -1178 -1184 -1193 -1200 -1203 -1204 -1206 -1212 -1213 -1214 -1211 -1212 -1218 -1219 -1216 -1215 -1212 -1212 -1207 -1202 -1189 -1183 -1176 -1167 -1160 -1152 -1145 -1139 -1134 -1131
-7 -16 -23 -43 -62 -78 -94 -111 -131 -155 -184 -199 -206 -208 -209 -214 -218 -225 -233 -241 -249 -256 -265 -277 -286 -292 -300 -310 -318 -328 -340 -354 -375 -402 -410 -425 -446 -470 -492 -517 -529 -548 -568 -594 -631 -664 -708 -762 -843 -922 -974 -985 -999 -1028 -1081 -1109 -1137 -1147 -1160 -1172 -1181 -1190 -1194 -1199 -1206 -1212 -1212 -1218 -1214 -1218 -1221 -1214 -1213 -1208 -1203 -1200 -1194 -1186 -1176 -1169 -1161 -1154 -1147 -1139 -1134 -1129 -1126
82 -5 -10 -27 -43 -58 -73 -95 -117 -147 -178 -196 -203 -205 -205 -207 -212 -217 -224 -231 -237 -247 -256 -261 -268 -276 -284 -294 -304 -312 -321 -337 -350 -362 -366 -386 -399 -410 -424 -446 -463 -478 -494 -517 -546 -589 -646 -728 -821 -878 -899 -892 -906 -924 -969 -994 -1056 -1089 -1125 -1138 -1151 -1169 -1184 -1194 -1203 -1215 -1210 -1213 -1212 -1216 -1211 -1208 -1206 -1201 -1195 -1191 -1186 -1181 -1172 -1163 -1157 -1150 -1143 -1138 -1133 -1129 -1125
119 35 -5 -15 -24 -37 -57 -76 -111 -144 -173 -192 -200 -197 -197 -201 -206 -211 -214 -220 -229 -234 -240 -247 -255 -265 -275 -283 -291 -298 -304 -313 -322 -333 -341 -359 -364 -375 -383 -394 -405 -419 -436 -459 -488 -526 -576 -641 -710 -784 -780 -758 -767 -814 -856 -898 -914 -956 -1018 -1047 -1108 -1135 -1158 -1184 -1205 -1213 -1212 -1210 -1209 -1208 -1206 -1202 -1199 -1194 -1190 -1187 -1183 -1178 -1173 -1163 -1157 -1151 -1144 -1138 -1135 -1132 -1129
198 112 56 7 -15 -19 -44 -64 -105 -138 -168 -190 -196 -188 -192 -197 -201 -205 -210 -212 -216 -222 -230 -238 -246 -260 -265 -271 -279 -286 -291 -295 -301 -307 -313 -333 -339 -347 -355 -363 -373 -387 -399 -413 -437 -469 -500 -542 -581 -620 -628 -639 -702 -772 -749 -780 -833 -873 -878 -899 -979 -1020 -1052 -1113 -1170 -1205 -1205 -1207 -1207 -1206 -1203 -1196 -1193 -1190 -1187 -1185 -1182 -1178 -1172 -1166 -1158 -1150 -1142 -1136 -1133 -1133 -1134
199 141 100 42 -6 -16 -29 -57 -94 -126 -159 -188 -194 -189 -194 -195 -196 -197 -203 -203 -208 -216 -223 -241 -249 -254 -258 -261 -268 -275 -281 -281 -285 -295 -300 -302 -306 -311 -319 -328 -336 -345 -356 -367 -381 -404 -429 -461 -495 -522 -540 -566 -614 -652 -648 -714 -792 -811 -804 -843 -878 -900 -911 -980 -1065 -1157 -1190 -1197 -1201 -1200 -1199 -1194 -1189 -1186 -1186 -1185 -1182 -1177 -1172 -1166 -1160 -1152 -1142 -1139 -1138 -1138 -1140
259 233 176 137 9 -15 -19 -47 -82 -117 -151 -183 -194 -195 -187 -186 -190 -191 -195 -196 -202 -210 -220 -243 -251 -252 -253 -253 -259 -265 -270 -277 -280 -280 -283 -287 -292 -298 -307 -316 -321 -326 -332 -340 -352 -370 -388 -414 -439 -457 -470 -491 -522 -549 -575 -641 -718 -707 -741 -759 -777 -793 -810 -864 -944 -1023 -1139 -1184 -1189 -1192 -1193 -1189 -1185 -1184 -1184 -1182 -1179 -1176 -1173 -1170 -1162 -1152 -1147 -1142 -1141 -1141 -1146
373 329 261 189 101 -1 -15 -17 -70 -110 -143 -178 -193 -196 -181 -187 -192 -190 -191 -192 -197 -207 -216 -246 -254 -255 -251 -248 -249 -252 -264 -266 -269 -271 -274 -280 -286 -291 -299 -310 -313 -321 -328 -333 -337 -351 -365 -382 -401 -413 -423 -440 -462 -485 -518 -569 -599 -582 -608 -664 -710 -734 -777 -810 -829 -910 -1034 -1147 -1172 -1177 -1179 -1181 -1177 -1176 -1177 -1178 -1179 -1177 -1175 -1170 -1156 -1147 -1143 -1140 -1140 -1144 -1150
433 361 270 189 107 13 -12 -14 -62 -100 -131 -164 -186 -196 -190 -196 -195 -193 -193 -200 -199 -217 -234 -245 -257 -259 -253 -246 -247 -247 -247 -249 -253 -257 -263 -270 -275 -280 -286 -294 -300 -313 -321 -325 -329 -340 -353 -366 -378 -387 -397 -411 -424 -437 -451 -467 -481 -488 -505 -547 -615 -669 -700 -733 -780 -844 -963 -1097 -1151 -1157 -1159 -1158 -1156 -1160 -1165 -1170 -1173 -1177 -1174 -1171 -1164 -1148 -1144 -1140 -1141 -1145 -1151
377 293 227 170 91 33 -13 -27 -51 -78 -109 -145 -176 -197 -201 -200 -197 -195 -196 -207 -211 -219 -230 -243 -255 -260 -264 -260 -250 -244 -243 -243 -245 -248 -252 -258 -264 -270 -274 -282 -286 -288 -299 -312 -318 -326 -338 -350 -362 -372 -382 -394 -409 -420 -430 -437 -443 -450 -462 -485 -517 -559 -600 -649 -723 -824 -946 -1062 -1132 -1138 -1142 -1140 -1138 -1137 -1147 -1162 -1173 -1176 -1177 -1175 -1173 -1148 -1136 -1136 -1140 -1146 -1153
292 199 160 158 97 51 7 -16 -33 -53 -86 -130 -166 -199 -204 -200 -196 -190 -190 -200 -214 -221 -227 -238 -250 -258 -259 -255 -250 -244 -243 -242 -238 -239 -242 -246 -253 -260 -263 -268 -271 -284 -287 -293 -304 -316 -322 -324 -331 -345 -361 -379 -395 -409 -422 -432 -436 -439 -442 -448 -469 -501 -547 -617 -698 -763 -844 -984 -1108 -1121 -1124 -1121 -1119 -1129 -1145 -1161 -1174 -1180 -1184 -1175 -1166 -1158 -1152 -1145 -1141 -1148 -1154
249 273 293 271 183 65 21 -12 -17 -42 -75 -115 -150 -188 -198 -196 -196 -190 -185 -191 -208 -226 -234 -242 -251 -257 -257 -253 -250 -247 -232 -232 -232 -232 -233 -234 -241 -248 -252 -261 -262 -266 -271 -275 -281 -289 -295 -301 -313 -328 -342 -355 -369 -387 -403 -417 -425 -427 -426 -430 -444 -470 -515 -582 -668 -721 -799 -899 -1041 -1105 -1105 -1108 -1102 -1118 -1140 -1167 -1180 -1179 -1180 -1177 -1169 -1158 -1149 -1146 -1148 -1149 -1158
281 302 290 261 216 167 102 -8 -16 -18 -66 -101 -132 -160 -179 -190 -196 -198 -187 -187 -200 -220 -241 -251 -261 -266 -264 -260 -230 -227 -225 -224 -225 -225 -226 -225 -229 -237 -245 -246 -249 -255 -260 -268 -275 -281 -287 -293 -302 -313 -325 -337 -354 -369 -380 -393 -407 -413 -412 -417 -429 -455 -497 -549 -596 -639 -726 -868 -994 -1100 -1096 -1097 -1094 -1109 -1132 -1162 -1176 -1180 -1177 -1176 -1170 -1159 -1152 -1148 -1144 -1153 -1161
320 299 262 226 174 122 72 -1 -15 -27 -59 -88 -114 -133 -152 -173 -187 -190 -182 -178 -190 -209 -228 -246 -252 -244 -234 -226 -221 -217 -216 -216 -218 -218 -219 -224 -225 -224 -228 -236 -247 -254 -256 -261 -263 -263 -288 -289 -295 -303 -311 -325 -337 -352 -366 -373 -385 -400 -411 -417 -424 -438 -459 -481 -501 -557 -664 -845 -1012 -1077 -1077 -1069 -1069 -1090 -1122 -1151 -1173 -1180 -1179 -1177 -1172 -1163 -1153 -1146 -1149 -1155 -1165
289 270 245 218 186 130 65 -9 -16 -16 -47 -70 -89 -106 -125 -146 -163 -172 -173 -169 -179 -194 -210 -225 -232 -226 -219 -213 -208 -205 -206 -208 -210 -212 -218 -217 -221 -225 -229 -235 -240 -248 -252 -254 -258 -259 -261 -266 -270 -280 -294 -306 -308 -313 -329 -347 -353 -368 -370 -375 -378 -386 -389 -395 -432 -517 -653 -818 -979 -1052 -1051 -1048 -1049 -1074 -1110 -1148 -1176 -1181 -1183 -1182 -1176 -1165 -1151 -1151 -1154 -1158 -1167
237 223 211 198 172 135 76 -12 -11 -16 -28 -46 -63 -78 -95 -109 -126 -142 -155 -159 -166 -176 -189 -197 -205 -204 -200 -196 -191 -192 -195 -201 -207 -208 -212 -215 -217 -225 -231 -236 -241 -245 -247 -247 -247 -248 -251 -256 -261 -269 -275 -279 -277 -282 -287 -293 -302 -311 -321 -329 -331 -338 -352 -378 -417 -505 -634 -748 -907 -1025 -1044 -1045 -1042 -1062 -1098 -1144 -1180 -1186 -1189 -1184 -1172 -1166 -1160 -1158 -1159 -1162 -1170
192 152 138 152 135 81 61 -7 -6 -10 -16 -25 -35 -49 -61 -72 -89 -107 -128 -140 -149 -156 -167 -173 -178 -179 -179 -177 -174 -179 -186 -193 -198 -206 -213 -218 -220 -227 -235 -238 -241 -242 -246 -246 -246 -248 -252 -255 -257 -263 -267 -268 -269 -271 -275 -281 -290 -298 -308 -315 -319 -324 -337 -359 -401 -463 -540 -659 -792 -912 -1026 -1037 -1032 -1042 -1080 -1135 -1178 -1189 -1190 -1179 -1165 -1154 -1152 -1157 -1163 -1168 -1173
182 176 161 123 93 101 103 50 -2 -6 -9 -15 -18 -25 -34 -49 -67 -85 -103 -116 -124 -134 -150 -157 -160 -162 -163 -163 -162 -171 -175 -182 -192 -204 -210 -215 -220 -228 -237 -238 -242 -244 -246 -251 -252 -252 -251 -252 -254 -257 -259 -260 -260 -261 -263 -269 -276 -288 -293 -297 -299 -314 -329 -351 -370 -404 -482 -560 -662 -846 -968 -1026 -1019 -1019 -1059 -1126 -1172 -1188 -1190 -1187 -1175 -1160 -1148 -1148 -1157 -1167 -1175
243 224 188 131 99 85 71 41 25 -2 -3 -7 -14 -18 -19 -32 -52 -69 -83 -94 -106 -122 -141 -148 -152 -154 -157 -158 -157 -159 -164 -174 -186 -196 -204 -210 -217 -228 -238 -238 -238 -237 -238 -241 -247 -250 -248 -248 -250 -252 -251 -253 -257 -260 -262 -264 -268 -270 -274 -280 -285 -288 -299 -315 -332 -353 -389 -452 -590 -760 -919 -1016 -1013 -1010 -1049 -1117 -1170 -1193 -1200 -1199 -1194 -1180 -1162 -1151 -1151 -1160 -1168
192 157 120 125 120 114 109 86 70 41 -2 -4 -7 -14 -17 -19 -35 -53 -66 -81 -101 -121 -138 -145 -150 -154 -156 -156 -156 -158 -160 -170 -180 -189 -197 -204 -210 -215 -222 -227 -229 -233 -239 -241 -244 -247 -245 -244 -244 -246 -248 -253 -257 -261 -263 -264 -266 -270 -274 -276 -278 -279 -280 -289 -295 -314 -367 -448 -549 -668 -806 -951 -1005 -1019 -1052 -1096 -1154 -1201 -1207 -1212 -1212 -1207 -1199 -1180 -1164 -1158 -1159
141 147 153 167 163 175 158 117 65 31 45 47 2 -6 -12 -17 -19 -38 -55 -74 -96 -118 -135 -147 -153 -153 -153 -153 -155 -158 -159 -164 -174 -182 -189 -194 -201 -208 -216 -224 -228 -231 -236 -239 -239 -241 -240 -239 -240 -242 -245 -250 -252 -250 -253 -261 -263 -263 -262 -264 -266 -262 -255 -255 -253 -282 -359 -414 -481 -568 -683 -797 -916 -978 -1032 -1057 -1115 -1180 -1205 -1212 -1211 -1211 -1211 -1195 -1169 -1152 -1142
214 218 183 187 213 192 145 114 77 59 77 84 71 8 -7 -13 -16 -27 -48 -70 -93 -114 -139 -153 -153 -149 -148 -149 -152 -157 -159 -161 -166 -174 -181 -190 -201 -210 -212 -216 -221 -227 -231 -235 -236 -236 -235 -233 -236 -238 -232 -232 -239 -246 -244 -242 -241 -240 -241 -239 -235 -229 -226 -226 -219 -220 -251 -298 -354 -439 -530 -624 -723 -781 -848 -865 -922 -1027 -1139 -1184 -1188 -1192 -1197 -1181 -1150 -1127 -1112
281 233 207 242 228 181 149 111 80 105 119 127 110 75 8 -11 -16 -17 -41 -66 -89 -114 -141 -153 -144 -142 -143 -145 -150 -155 -158 -162 -164 -172 -179 -185 -181 -194 -197 -204 -211 -217 -218 -221 -224 -225 -224 -218 -213 -208 -212 -219 -217 -218 -219 -225 -230 -234 -235 -229 -219 -203 -190 -181 -175 -169 -173 -186 -220 -299 -368 -410 -491 -595 -655 -646 -677 -766 -860 -941 -995 -1079 -1173 -1156 -1125 -1091 -1083
276 223 259 269 227 184 149 132 96 127 164 169 154 148 99 -5 -16 -16 -36 -58 -80 -106 -126 -143 -136 -136 -139 -143 -149 -153 -155 -159 -165 -163 -162 -160 -162 -175 -182 -189 -193 -197 -202 -205 -209 -205 -201 -196 -195 -199 -197 -197 -199 -201 -205 -207 -207 -179 -166 -147 -129 -151 -136 -133 -132 -131 -128 -136 -155 -223 -274 -284 -323 -379 -419 -438 -451 -520 -576 -665 -755 -883 -1082 -1137 -1099 -1036 -1051
285 262 289 273 227 187 162 131 126 166 170 142 114 98 61 -7 -13 -17 -19 -46 -68 -89 -111 -134 -137 -132 -136 -143 -148 -150 -152 -155 -160 -147 -145 -143 -142 -154 -161 -166 -172 -177 -183 -185 -185 -183 -186 -187 -185 -184 -185 -186 -188 -185 -169 -170 -164 -149 -133 -123 -118 -113 -121 -117 -113 -110 -107 -113 -115 -121 -119 -139 -156 -150 -190 -228 -293 -387 -473 -538 -599 -731 -889 -1015 -943 -736 -842
325 296 278 231 198 166 151 162 167 142 115 89 66 38 18 11 -7 -12 -17 -31 -54 -74 -101 -128 -145 -138 -137 -144 -146 -147 -148 -151 -150 -139 -135 -132 -128 -136 -140 -148 -156 -160 -163 -166 -169 -169 -171 -172 -173 -174 -172 -149 -145 -147 -144 -150 -151 -121 -109 -105 -105 -103 -114 -105 -107 -109 -107 -110 -108 -107 -105 -106 -110 -113 -122 -152 -221 -292 -338 -359 -503 -662 -786 -737 -587 -647 -627
297 269 231 204 200 191 172 146 127 87 56 52 50 31 56 79 9 -6 -11 -17 -41 -65 -93 -119 -145 -147 -142 -142 -142 -142 -144 -145 -141 -136 -132 -128 -125 -129 -124 -128 -135 -142 -146 -149 -152 -153 -156 -158 -132 -127 -124 -119 -118 -120 -118 -120 -119 -96 -91 -90 -91 -90 -88 -99 -99 -107 -107 -105 -105 -104 -108 -110 -113 -122 -129 -138 -155 -203 -221 -280 -408 -550 -553 -493 -444 -481 -462
239 214 211 193 172 150 126 92 95 102 80 98 82 76 132 179 110 21 -10 -11 -30 -57 -84 -107 -128 -141 -135 -131 -132 -136 -141 -140 -137 -134 -130 -127 -126 -126 -126 -128 -128 -131 -129 -138 -129 -125 -120 -109 -100 -96 -91 -84 -88 -92 -91 -86 -80 -74 -73 -75 -78 -80 -81 -86 -88 -92 -106 -105 -106 -108 -115 -119 -124 -128 -128 -132 -142 -159 -205 -298 -342 -318 -304 -284 -268 -288 -322
172 157 145 138 142 126 139 150 137 116 131 114 128 156 187 219 178 115 19 -14 -24 -47 -70 -91 -107 -120 -117 -109 -113 -130 -140 -139 -135 -131 -128 -127 -126 -126 -125 -118 -123 -122 -115 -113 -111 -106 -95 -84 -72 -65 -58 -54 -65 -66 -65 -59 -56 -57 -60 -63 -69 -75 -83 -96 -100 -104 -106 -106 -107 -111 -116 -119 -121 -125 -126 -131 -135 -138 -156 -174 -187 -139 -134 -118 -124 -153 -221
173 180 192 181 162 158 188 163 129 167 153 146 177 218 220 218 175 124 63 -10 -19 -34 -52 -71 -86 -98 -109 -100 -105 -130 -139 -136 -132 -128 -127 -127 -127 -126 -125 -121 -126 -119 -105 -95 -89 -86 -76 -63 -51 -38 -40 -32 -44 -42 -39 -37 -40 -45 -49 -52 -60 -70 -85 -101 -106 -105 -108 -107 -108 -113 -116 -118 -120 -121 -128 -130 -133 -130 -114 -111 -104 -98 -95 -96 -94 -98 -122
258 255 217 195 191 170 136 129 185 186 178 192 224 246 237 213 181 120 45 8 -14 -18 -38 -54 -72 -88 -110 -116 -120 -132 -132 -123 -121 -123 -126 -127 -126 -126 -125 -126 -126 -113 -90 -75 -69 -66 -63 -52 -33 -20 -11 -19 -26 -22 -18 -23 -30 -34 -38 -42 -52 -65 -81 -95 -100 -105 -107 -104 -106 -110 -113 -116 -119 -123 -129 -112 -111 -96 -82 -68 -54 -37 -35 -29 -60 -58 -64
291 256 246 256 196 138 155 176 196 184 206 231 274 285 255 224 176 108 46 14 -12 -15 -19 -44 -64 -82 -103 -122 -133 -134 -125 -113 -112 -119 -125 -127 -126 -125 -125 -126 -121 -107 -77 -59 -52 -47 -45 -41 -22 12 38 53 56 48 31 5 -20 -22 -26 -35 -45 -58 -73 -83 -92 -101 -102 -103 -100 -103 -105 -108 -113 -120 -125 -102 -101 -81 -62 -46 -30 -12 -9 -5 -14 -42 -10
299 304 257 191 157 189 228 223 201 202 233 270 310 292 224 176 143 97 73 14 -8 -12 -17 -36 -54 -72 -89 -108 -127 -135 -126 -115 -114 -122 -129 -132 -131 -126 -121 -122 -113 -98 -71 -49 -37 -27 -25 -24 31 67 85 103 147 137 72 50 6 -9 -16 -30 -35 -46 -58 -68 -79 -84 -93 -97 -93 -95 -96 -98 -104 -112 -116 -91 -83 -66 -49 -33 -20 102 136 151 136 58 -16
330 301 223 184 225 292 301 237 211 230 244 263 284 258 191 133 108 83 65 32 -2 -6 -12 -18 -40 -57 -75 -94 -113 -130 -125 -119 -121 -131 -139 -143 -140 -126 -109 -109 -100 -83 -63 -41 -25 13 4 40 81 155 200 281 344 310 218 115 33 -1 -15 -22 -25 -34 -42 -52 -63 -72 -84 -83 -89 -87 -87 -91 -97 -103 -111 -83 -72 -58 -43 -29 56 170 245 225 154 72 28
324 251 199 236 290 330 295 252 270 261 199 171 187 177 136 99 79 54 34 42 87 -1 -8 -10 -26 -42 -61 -77 -96 -110 -112 -114 -120 -131 -138 -142 -137 -117 -94 -90 -85 -70 -54 -37 -20 55 83 111 185 240 295 356 362 310 224 120 62 14 -11 -12 -13 -22 -27 -35 -45 -58 -62 -72 -85 -80 -82 -89 -97 -104 -106 -85 -72 -58 -44 -31 33 118 212 242 191 107 64
