data/unprocessed_DEMs/125_125_12224.asc
ncols        125
nrows        125
xllcorner    23.254166666667
yllcorner    38.837500000000
cellsize     0.004166666667
NODATA_value -32767
[rows 78 to 116 of 125, columns 0 to 86 of 125]
-20 -13 12 47 69 30 50 54 35 56 78 93 109 111 109 93 56 18 -6 -10 -19 -32 -62 -93 -115 -121 -133 -144 -154 -164 -179 -193 -205 -229 -248 -270 -293 -315 -334 -348 -355 -360 -374 -391 -404 -411 -417 -423 -448 -485 -521 -537 -544 -554 -562 -567 -566 -562 -570 -601 -620 -635 -657 -692 -760 -851 -921 -940 -958 -974 -986 -996 -1006 -1013 -1022 -1028 -1033 -1037 -1041 -1044 -1045 -1044 -1045 -1044 -1044 -1046 -1046
-14 10 24 45 86 72 60 77 67 68 95 118 142 169 173 124 78 43 11 -8 -11 -33 -53 -76 -101 -119 -132 -144 -156 -173 -191 -203 -219 -240 -252 -265 -279 -295 -315 -332 -345 -361 -387 -405 -417 -429 -447 -463 -485 -506 -526 -538 -546 -553 -558 -561 -557 -553 -569 -602 -628 -649 -671 -695 -721 -781 -852 -904 -945 -976 -996 -1006 -1015 -1022 -1028 -1034 -1038 -1041 -1045 -1048 -1049 -1046 -1047 -1041 -1052 -1048 -1054
21 18 57 83 89 105 107 94 107 120 125 156 189 218 196 134 91 75 33 -5 -7 -18 -31 -45 -73 -94 -110 -137 -149 -168 -189 -211 -232 -247 -257 -263 -266 -269 -275 -289 -321 -347 -377 -392 -401 -423 -433 -456 -473 -496 -520 -530 -538 -543 -550 -560 -565 -569 -585 -612 -636 -662 -689 -718 -742 -769 -800 -845 -892 -945 -985 -1001 -1013 -1022 -1030 -1036 -1041 -1044 -1048 -1050 -1052 -1052 -1052 -1053 -1053 -1053 -1053
46 33 46 94 143 153 153 147 144 139 144 176 196 204 208 177 142 95 51 26 -10 -11 -16 -23 -43 -59 -72 -92 -114 -136 -178 -202 -223 -239 -248 -251 -245 -239 -235 -234 -237 -252 -281 -321 -371 -405 -418 -424 -431 -453 -490 -510 -529 -542 -554 -567 -579 -589 -604 -621 -644 -675 -704 -732 -759 -788 -825 -861 -902 -935 -968 -999 -1020 -1025 -1029 -1037 -1042 -1046 -1048 -1050 -1050 -1051 -1051 -1051 -1051 -1051 -1052
70 53 60 103 153 174 195 191 156 131 142 157 164 174 182 187 152 97 65 50 34 15 -21 -10 -18 -26 -35 -46 -59 -64 -95 -126 -141 -118 -197 -186 -187 -185 -173 -160 -183 -216 -242 -290 -333 -373 -399 -398 -389 -392 -421 -471 -518 -542 -556 -567 -573 -581 -599 -618 -636 -662 -697 -733 -768 -799 -832 -867 -903 -939 -970 -995 -1014 -1026 -1033 -1039 -1044 -1046 -1048 -1049 -1049 -1050 -1050 -1050 -1050 -1051 -1051
121 107 122 139 147 146 145 135 110 133 127 137 156 164 158 155 142 108 73 53 31 28 20 5 -8 15 -18 -20 -30 -26 -36 -53 -56 -35 -90 -87 -111 -132 -123 -131 -150 -184 -212 -259 -300 -329 -353 -365 -382 -390 -409 -451 -496 -526 -548 -555 -557 -563 -578 -600 -626 -658 -693 -731 -769 -805 -834 -862 -890 -921 -954 -984 -1001 -1016 -1025 -1036 -1042 -1046 -1048 -1049 -1049 -1049 -1050 -1050 -1050 -1051 -1051
172 171 183 178 159 112 86 88 116 156 152 152 181 205 187 169 152 103 75 50 36 48 25 11 29 71 97 100 85 43 -19 -14 -22 -19 -13 -18 -63 -105 -116 -133 -153 -178 -199 -237 -261 -272 -294 -325 -362 -387 -404 -428 -459 -500 -526 -535 -547 -561 -577 -595 -609 -625 -652 -688 -733 -780 -813 -845 -871 -896 -923 -954 -985 -1007 -1019 -1024 -1031 -1040 -1046 -1047 -1047 -1048 -1049 -1049 -1049 -1049 -1049
125 160 175 170 127 87 85 96 118 158 177 171 204 223 219 216 179 148 149 145 116 60 27 22 62 147 176 158 113 51 -8 -10 -32 -42 -49 -66 -78 -107 -122 -161 -179 -181 -196 -220 -241 -260 -276 -304 -345 -360 -384 -413 -445 -475 -512 -539 -561 -575 -587 -605 -624 -641 -648 -674 -710 -741 -769 -799 -831 -857 -883 -914 -945 -973 -1003 -1018 -1025 -1030 -1037 -1044 -1046 -1046 -1047 -1047 -1047 -1048 -1048
68 68 74 81 75 91 125 146 138 178 214 192 206 264 313 320 265 226 255 271 253 173 75 96 90 133 153 135 99 48 -18 -13 -43 -69 -81 -76 -84 -99 -145 -167 -186 -204 -209 -220 -235 -253 -269 -282 -303 -331 -365 -393 -417 -441 -496 -537 -568 -595 -618 -640 -657 -663 -676 -703 -733 -759 -784 -808 -834 -866 -892 -919 -947 -971 -993 -1014 -1022 -1026 -1032 -1039 -1043 -1044 -1045 -1045 -1046 -1046 -1047
137 145 111 96 78 88 124 166 186 177 197 230 223 261 335 358 310 274 273 236 225 203 120 151 116 99 117 115 85 -7 -49 -19 -51 -84 -101 -103 -108 -112 -154 -171 -189 -204 -210 -220 -231 -236 -250 -265 -282 -305 -335 -362 -389 -419 -449 -496 -541 -569 -592 -618 -636 -639 -642 -677 -722 -764 -798 -824 -845 -870 -896 -923 -949 -974 -993 -1010 -1020 -1025 -1030 -1036 -1041 -1042 -1044 -1044 -1044 -1044 -1045
175 213 167 160 138 92 95 123 157 174 212 239 271 265 278 319 312 253 223 227 189 146 98 118 119 104 100 85 65 -9 -27 -27 -56 -86 -103 -108 -120 -128 -163 -175 -187 -197 -202 -212 -216 -224 -237 -253 -267 -277 -298 -317 -351 -397 -430 -458 -488 -527 -568 -585 -590 -611 -639 -670 -709 -752 -791 -832 -855 -874 -897 -921 -944 -967 -986 -1002 -1016 -1024 -1030 -1034 -1037 -1040 -1041 -1042 -1042 -1042 -1043
176 238 215 209 151 119 125 112 105 131 175 215 264 294 293 283 271 239 185 174 189 145 99 117 113 106 74 29 12 -15 -19 -27 -56 -77 -96 -105 -120 -137 -156 -172 -179 -188 -194 -198 -202 -207 -214 -220 -228 -235 -246 -263 -293 -339 -393 -439 -482 -508 -529 -562 -592 -615 -642 -672 -705 -736 -776 -818 -858 -884 -904 -921 -940 -961 -980 -999 -1014 -1024 -1031 -1039 -1043 -1042 -1043 -1045 -1045 -1044 -1045
178 240 252 233 201 189 182 155 130 116 151 181 221 254 271 238 211 214 189 142 127 117 106 86 54 44 22 10 17 -9 -12 -30 -53 -68 -84 -97 -115 -134 -148 -162 -173 -179 -181 -180 -183 -189 -193 -194 -198 -207 -217 -228 -246 -264 -298 -361 -461 -493 -528 -568 -601 -633 -663 -692 -720 -749 -783 -817 -851 -881 -905 -924 -943 -962 -980 -994 -1008 -1018 -1027 -1035 -1039 -1042 -1042 -1043 -1044 -1043 -1044
160 213 271 270 281 273 237 176 171 135 125 144 177 221 268 242 195 159 152 146 137 121 97 51 35 31 45 34 11 -7 -8 -30 -44 -58 -68 -80 -96 -113 -126 -150 -158 -161 -161 -161 -162 -166 -177 -184 -185 -187 -187 -186 -190 -205 -238 -295 -370 -454 -523 -574 -607 -637 -667 -696 -726 -755 -786 -818 -849 -875 -899 -918 -936 -953 -971 -984 -993 -1003 -1017 -1029 -1036 -1040 -1040 -1041 -1042 -1042 -1043
213 202 235 273 306 327 272 243 210 180 157 158 179 231 289 278 223 204 198 155 115 86 66 75 61 47 82 75 25 -7 -10 -18 -31 -43 -51 -60 -76 -89 -99 -105 -106 -110 -135 -139 -142 -141 -150 -160 -164 -168 -170 -175 -182 -195 -210 -244 -320 -408 -494 -562 -600 -633 -667 -693 -721 -749 -775 -802 -829 -858 -883 -902 -919 -937 -952 -970 -986 -1002 -1016 -1025 -1031 -1036 -1038 -1039 -1040 -1041 -1041
273 263 248 272 306 344 344 332 274 219 201 199 174 208 273 303 283 278 244 218 170 107 112 118 76 71 74 49 18 6 2 -9 -19 -26 -32 -40 -53 -63 -73 -77 -78 -80 -85 -90 -95 -124 -128 -136 -139 -143 -149 -157 -183 -193 -205 -236 -300 -374 -449 -509 -565 -624 -667 -699 -729 -758 -783 -807 -831 -856 -878 -896 -913 -932 -950 -967 -984 -999 -1013 -1025 -1032 -1035 -1036 -1037 -1038 -1040 -1040
272 256 234 242 256 296 336 369 357 314 289 236 211 221 286 349 388 348 321 263 173 129 139 114 102 87 81 55 31 34 15 9 -10 -11 -14 -19 -29 -38 -46 -49 -50 -51 -54 -58 -64 -66 -59 -52 -58 -102 -108 -123 -135 -172 -203 -248 -305 -362 -426 -497 -556 -605 -654 -693 -729 -756 -780 -806 -829 -853 -877 -898 -921 -941 -959 -975 -988 -1002 -1013 -1022 -1026 -1031 -1034 -1034 -1032 -1031 -1030
193 192 206 220 234 240 281 324 345 360 354 301 267 257 287 369 445 437 367 273 185 203 188 182 158 125 91 81 77 69 41 44 46 -6 -14 -16 -19 -24 -23 -23 -24 -34 -25 -29 -35 -33 -23 -15 -31 -58 -79 -104 -113 -143 -212 -272 -322 -380 -436 -496 -544 -589 -635 -681 -721 -757 -783 -808 -835 -861 -885 -903 -923 -943 -960 -976 -991 -1003 -1012 -1017 -1021 -1025 -1027 -1028 -1025 -1019 -1017
201 233 259 295 314 301 289 273 269 314 374 359 343 321 330 380 440 414 320 241 251 280 273 302 312 246 204 199 166 138 128 120 94 49 48 71 69 41 -12 -10 1 26 -8 -14 -18 -14 -7 -3 -15 -23 -60 -101 -111 -148 -223 -281 -339 -397 -451 -499 -544 -588 -632 -670 -712 -756 -787 -818 -845 -868 -890 -909 -927 -948 -964 -979 -991 -1001 -1008 -1013 -1017 -1020 -1022 -1019 -1011 -1003 -1000
252 287 310 350 389 387 383 339 291 286 333 345 374 384 372 414 448 445 372 310 353 346 366 393 383 297 312 350 276 218 166 107 78 59 103 134 106 47 32 52 48 38 17 -14 -16 -14 -5 -20 -8 -37 -80 -110 -135 -175 -223 -295 -348 -408 -461 -504 -539 -576 -611 -650 -692 -738 -776 -812 -845 -870 -894 -912 -931 -946 -963 -979 -991 -998 -1006 -1010 -1013 -1015 -1016 -1013 -1006 -995 -986
308 329 368 425 453 469 443 421 382 330 308 350 381 387 397 429 479 451 410 364 397 436 450 461 434 361 354 368 263 176 146 135 114 99 155 153 96 63 74 55 45 42 8 -16 -4 -25 -50 -56 -83 -77 -111 -132 -168 -195 -230 -292 -345 -396 -440 -485 -528 -568 -608 -647 -687 -736 -775 -811 -845 -875 -898 -917 -934 -948 -963 -976 -984 -992 -997 -1001 -1006 -1007 -1006 -1002 -992 -978 -962
279 286 316 375 434 477 487 490 470 395 355 384 430 465 451 432 483 521 511 449 424 488 501 484 444 401 378 302 229 218 209 227 155 118 192 197 150 125 78 54 37 43 30 -13 -18 -36 -60 -83 -106 -126 -133 -156 -185 -211 -252 -303 -353 -398 -444 -488 -530 -576 -625 -661 -694 -732 -767 -799 -831 -865 -893 -919 -935 -950 -964 -974 -981 -986 -990 -994 -995 -995 -993 -985 -974 -959 -938
261 261 286 321 374 422 477 499 466 391 378 411 451 499 524 501 498 548 558 499 489 528 521 486 435 383 340 321 319 302 295 275 179 163 234 218 159 110 83 54 28 22 24 -12 -19 -43 -69 -95 -111 -117 -143 -172 -201 -231 -272 -317 -363 -404 -446 -498 -549 -580 -621 -661 -695 -733 -765 -792 -824 -854 -886 -915 -936 -953 -963 -971 -977 -980 -982 -983 -982 -978 -970 -963 -952 -934 -906
323 303 307 355 376 397 432 481 471 388 388 423 463 536 606 610 592 592 587 545 570 577 541 490 463 438 401 391 383 346 311 255 176 231 252 185 145 102 71 47 45 34 17 -14 -23 -49 -76 -101 -103 -121 -147 -183 -214 -242 -278 -324 -366 -411 -453 -495 -538 -583 -622 -655 -696 -736 -770 -798 -825 -854 -884 -910 -933 -950 -959 -965 -970 -972 -971 -968 -957 -946 -934 -926 -917 -899 -867
380 352 347 370 408 460 473 494 485 417 412 463 513 566 631 671 653 638 623 607 622 593 539 499 465 465 432 400 374 326 267 218 230 260 233 220 154 90 58 67 38 24 -2 -15 -13 -58 -83 -109 -110 -134 -157 -187 -218 -246 -279 -315 -353 -399 -444 -488 -534 -582 -624 -661 -693 -737 -778 -810 -833 -862 -889 -912 -930 -942 -950 -956 -958 -958 -953 -942 -927 -912 -894 -879 -863 -839 -802
432 394 399 424 452 512 552 549 495 430 442 496 557 602 599 599 567 542 540 566 575 559 520 469 427 436 408 387 362 331 297 298 301 291 287 255 187 108 88 96 58 32 -8 -19 -40 -65 -90 -115 -135 -139 -161 -186 -219 -251 -282 -319 -359 -403 -457 -498 -539 -581 -622 -660 -698 -734 -778 -811 -835 -865 -890 -908 -923 -933 -941 -943 -942 -935 -921 -906 -890 -873 -849 -818 -784 -736 -679
482 458 467 496 512 547 602 580 502 458 495 556 597 565 521 518 489 458 453 444 454 458 448 424 386 393 378 391 399 367 354 313 274 235 243 252 201 133 107 106 51 -2 -11 -25 -46 -69 -93 -116 -138 -141 -162 -185 -217 -251 -286 -324 -366 -408 -451 -507 -548 -587 -626 -664 -707 -752 -781 -807 -837 -863 -885 -902 -914 -923 -926 -922 -914 -900 -884 -869 -853 -828 -794 -741 -686 -643 -602
465 535 551 570 586 588 607 571 502 487 542 597 586 525 463 452 462 446 421 401 398 390 392 400 390 357 352 376 404 355 314 271 230 204 185 181 176 129 143 125 64 -7 -12 -12 -50 -71 -93 -116 -141 -161 -165 -188 -218 -253 -289 -326 -367 -412 -459 -505 -548 -587 -627 -664 -704 -742 -777 -805 -828 -850 -870 -890 -904 -909 -903 -885 -872 -861 -843 -822 -805 -776 -738 -686 -634 -592 -570
406 478 566 594 617 641 617 576 522 550 599 601 545 479 469 528 559 520 467 450 432 431 448 438 413 384 348 360 387 349 290 243 226 265 271 220 166 129 160 134 60 -6 -13 -13 -48 -69 -91 -115 -140 -164 -169 -193 -224 -257 -292 -327 -367 -410 -453 -499 -548 -587 -624 -662 -701 -734 -768 -797 -812 -831 -852 -871 -879 -875 -855 -835 -822 -812 -798 -773 -753 -729 -694 -644 -592 -566 -546
440 485 536 577 630 670 653 598 562 605 626 606 531 478 537 589 582 556 536 505 476 483 475 445 410 380 345 350 387 363 310 256 272 306 305 254 206 156 179 124 57 19 -12 -11 -44 -66 -87 -111 -135 -161 -182 -191 -223 -261 -298 -337 -369 -409 -453 -497 -542 -585 -622 -657 -693 -726 -753 -778 -796 -813 -834 -846 -848 -835 -811 -789 -777 -766 -754 -727 -701 -672 -644 -607 -565 -546 -537
514 540 534 595 641 645 641 600 582 627 625 611 549 500 579 596 587 571 562 571 539 525 486 443 431 405 343 355 371 343 326 319 331 334 309 260 206 172 187 116 54 23 -8 -11 -39 -59 -80 -103 -128 -154 -182 -189 -219 -258 -300 -344 -380 -413 -453 -495 -535 -577 -616 -649 -683 -712 -738 -761 -781 -799 -814 -817 -813 -798 -775 -752 -737 -720 -712 -688 -658 -629 -598 -573 -554 -536 -535
535 520 540 561 597 645 657 607 608 646 626 564 531 517 584 595 597 569 563 572 527 501 488 437 398 385 330 355 379 379 371 339 329 328 290 257 203 203 191 129 70 26 -5 -14 -30 -50 -72 -89 -119 -145 -176 -202 -214 -252 -296 -335 -381 -416 -452 -492 -531 -566 -598 -629 -659 -688 -715 -740 -761 -781 -786 -782 -773 -759 -742 -721 -702 -681 -668 -657 -632 -602 -570 -547 -530 -521 -522
510 495 557 610 644 665 667 627 645 674 616 558 536 534 587 615 615 574 549 568 549 485 442 439 398 367 340 329 371 371 360 337 316 306 265 221 207 234 196 121 63 44 36 -12 -14 -39 -61 -70 -102 -131 -163 -200 -210 -246 -291 -332 -372 -417 -450 -483 -512 -541 -573 -607 -639 -670 -696 -722 -743 -750 -746 -741 -732 -718 -705 -688 -669 -649 -628 -612 -594 -571 -535 -513 -510 -512 -516
460 507 569 633 671 671 656 643 671 691 649 621 580 561 591 638 656 615 570 558 580 517 445 406 410 361 342 309 351 374 372 340 316 327 311 278 267 252 187 124 102 97 51 -13 -17 -26 -43 -55 -82 -111 -150 -192 -219 -239 -285 -323 -357 -399 -435 -460 -491 -525 -557 -590 -624 -652 -676 -700 -715 -712 -705 -699 -693 -681 -669 -653 -632 -617 -602 -571 -536 -511 -502 -501 -506 -514 -525
481 500 566 643 708 719 687 648 644 669 678 658 626 620 653 682 683 636 588 556 600 556 475 396 354 333 311 294 327 349 382 360 324 375 386 359 341 277 215 190 177 143 97 59 3 -17 -25 -35 -58 -90 -135 -178 -206 -226 -262 -305 -346 -380 -424 -455 -478 -512 -544 -576 -609 -639 -660 -675 -679 -672 -665 -662 -656 -644 -632 -616 -598 -576 -554 -524 -499 -494 -497 -505 -517 -532 -542
564 537 572 631 691 744 712 685 640 643 657 652 626 626 639 665 687 660 582 535 591 640 586 503 436 398 346 299 290 344 385 348 311 335 366 345 353 324 297 274 208 152 111 82 51 -15 -17 -20 -38 -73 -124 -164 -192 -218 -238 -278 -321 -359 -397 -441 -478 -506 -535 -569 -599 -625 -633 -641 -641 -637 -631 -625 -618 -607 -587 -569 -549 -534 -515 -496 -489 -496 -509 -519 -528 -536 -543
642 619 611 637 680 735 720 682 647 622 635 636 623 630 643 666 703 681 600 552 522 532 563 604 583 541 475 397 322 310 378 381 312 269 303 290 303 260 196 204 155 100 63 33 26 15 -13 -15 -35 -66 -115 -150 -181 -217 -225 -254 -290 -333 -376 -433 -484 -521 -544 -560 -577 -593 -602 -603 -604 -602 -597 -590 -582 -569 -553 -536 -519 -507 -493 -487 -491 -500 -508 -517 -527 -536 -543
709 712 711 707 734 735 699 668 649 618 613 633 680 684 687 711 744 720 620 565 517 461 492 526 529 499 442 404 386 305 359 376 315 262 278 270 254 217 159 111 80 38 8 5 5 -11 -11 -11 -43 -71 -109 -139 -177 -216 -247 -256 -284 -320 -369 -434 -482 -490 -511 -530 -545 -558 -561 -566 -566 -564 -560 -551 -540 -528 -518 -508 -499 -489 -484 -487 -495 -505 -514 -524 -535 -545 -552
710 788 795 789 757 670 638 622 611 612 676 728 772 774 752 761 768 805 742 627 543 454 412 455 479 523 527 501 446 309 310 390 354 286 243 245 249 233 182 125 72 51 12 6 5 -7 -10 -21 -50 -74 -101 -131 -171 -203 -231 -269 -291 -324 -348 -386 -423 -449 -468 -486 -503 -520 -532 -535 -530 -521 -514 -509 -506 -500 -494 -489 -486 -485 -486 -495 -505 -513 -521 -530 -540 -548 -554
