data/unprocessed_DEMs/150_150_15525.asc
ncols        150
nrows        150
xllcorner    12.312500000000
yllcorner    56.145833333333
cellsize     0.004166666667
NODATA_value -32767
[rows 0 to 45 of 150, columns 0 to 95 of 150]
-32 -32 -31 -31 -30 -30 -30 -30 -29 -28 -27 -27 -26 -26 -26 -24 -22 -23 -24 -24 -24 -24 -23 -23 -23 -23 -22 -22 -22 -22 -21 -21 -21 -21 -21 -20 -20 -20 -20 -19 -19 -19 -19 -19 -18 -18 -18 -18 -18 -18 -18 -17 -17 -17 -17 -17 -16 -16 -16 -16 -16 -16 -15 -15 -15 -14 -14 -13 -12 -11 -10 -9 -6 -3 2 10 19 31 34 28 29 40 57 72 66 45 31 23 18 18 19 20 23 24 25 28
-32 -32 -32 -31 -31 -30 -30 -30 -29 -29 -28 -28 -27 -26 -26 -25 -25 -25 -25 -24 -24 -24 -24 -23 -23 -23 -23 -23 -22 -22 -21 -21 -21 -21 -21 -20 -20 -20 -20 -20 -19 -19 -19 -19 -18 -18 -18 -18 -18 -18 -18 -18 -18 -17 -17 -17 -17 -17 -16 -16 -16 -16 -16 -15 -15 -15 -14 -13 -12 -11 -10 -9 -8 -7 -4 0 5 15 23 26 27 37 49 57 51 31 18 17 18 19 21 23 28 28 25 24
-33 -32 -32 -31 -31 -30 -30 -29 -29 -28 -28 -28 -27 -27 -26 -26 -25 -25 -25 -25 -24 -24 -24 -24 -24 -23 -23 -23 -22 -22 -22 -21 -21 -21 -21 -21 -21 -20 -20 -20 -20 -19 -19 -19 -19 -18 -18 -19 -19 -18 -18 -18 -18 -18 -17 -17 -17 -17 -16 -16 -16 -16 -16 -15 -15 -15 -14 -13 -13 -12 -11 -10 -9 -8 -6 -3 2 10 22 30 34 43 44 38 29 20 16 17 17 19 20 21 22 21 21 21
-33 -32 -32 -32 -31 -31 -30 -29 -29 -28 -28 -28 -27 -27 -27 -26 -26 -25 -25 -25 -25 -24 -24 -24 -24 -23 -23 -23 -22 -22 -22 -21 -21 -21 -21 -21 -20 -20 -20 -20 -20 -20 -19 -19 -19 -19 -18 -19 -19 -18 -18 -18 -18 -18 -18 -17 -17 -17 -17 -16 -16 -16 -16 -15 -15 -14 -14 -13 -13 -12 -11 -10 -9 -8 -6 -2 4 14 29 41 45 42 30 21 18 17 16 16 17 18 19 18 18 19 20 21
-33 -32 -32 -32 -31 -31 -30 -29 -29 -28 -28 -27 -27 -27 -27 -27 -26 -26 -25 -25 -25 -25 -24 -24 -24 -24 -23 -23 -23 -22 -22 -22 -21 -21 -21 -21 -20 -20 -20 -20 -20 -20 -20 -19 -19 -19 -19 -19 -19 -19 -19 -18 -18 -18 -18 -18 -18 -17 -17 -17 -16 -16 -16 -15 -15 -14 -14 -13 -13 -12 -11 -10 -8 -5 -2 1 8 17 23 32 37 33 24 20 19 17 16 15 15 15 16 16 17 19 21 21
-33 -33 -32 -32 -31 -31 -31 -30 -29 -29 -28 -27 -26 -26 -27 -26 -26 -26 -26 -25 -25 -25 -24 -24 -24 -24 -24 -23 -23 -22 -22 -22 -22 -21 -21 -21 -21 -20 -20 -20 -20 -20 -20 -20 -20 -19 -19 -19 -19 -19 -19 -19 -19 -18 -18 -18 -18 -17 -17 -17 -16 -16 -16 -15 -15 -15 -14 -13 -13 -12 -11 -9 -6 -4 -1 4 12 18 19 22 26 24 21 19 18 17 16 15 14 14 15 16 16 17 20 23
-33 -33 -32 -32 -32 -31 -31 -30 -30 -29 -28 -27 -27 -26 -26 -26 -26 -26 -26 -25 -25 -25 -25 -24 -24 -24 -24 -23 -23 -23 -23 -22 -22 -22 -22 -21 -21 -21 -20 -20 -20 -20 -20 -20 -20 -20 -19 -19 -19 -19 -19 -19 -19 -19 -18 -18 -18 -18 -18 -17 -17 -17 -16 -16 -16 -15 -15 -14 -13 -12 -11 -9 -6 -3 -1 3 6 10 14 16 17 19 20 19 19 18 18 16 15 14 15 16 16 16 17 19
-33 -33 -32 -32 -32 -31 -31 -30 -30 -29 -29 -28 -27 -27 -26 -26 -26 -26 -26 -26 -25 -25 -25 -24 -24 -24 -24 -23 -23 -23 -23 -22 -22 -22 -22 -21 -21 -21 -21 -20 -20 -19 -20 -20 -20 -20 -20 -20 -19 -19 -19 -19 -19 -19 -19 -19 -18 -18 -18 -18 -17 -17 -16 -16 -16 -15 -15 -14 -13 -12 -11 -9 -5 -3 -2 -1 0 4 9 11 13 16 18 20 21 25 31 26 17 14 14 15 16 16 16 18
-33 -33 -33 -32 -32 -31 -31 -31 -30 -30 -29 -28 -28 -27 -27 -26 -26 -26 -26 -25 -25 -25 -25 -25 -24 -24 -24 -24 -24 -23 -23 -22 -22 -22 -22 -22 -21 -21 -21 -21 -20 -20 -20 -20 -20 -20 -20 -20 -20 -19 -19 -19 -19 -19 -19 -19 -18 -18 -18 -18 -17 -17 -17 -16 -16 -16 -15 -14 -13 -13 -11 -8 -6 -5 -4 -2 -2 -1 1 5 11 16 20 24 26 32 31 23 18 15 13 14 15 17 19 22
-34 -33 -33 -32 -32 -32 -31 -31 -30 -30 -29 -29 -28 -28 -27 -27 -26 -26 -26 -26 -25 -25 -25 -25 -25 -24 -24 -24 -24 -24 -23 -23 -22 -22 -22 -22 -22 -21 -21 -21 -21 -20 -20 -20 -20 -20 -20 -20 -20 -20 -20 -20 -19 -19 -19 -19 -19 -19 -18 -18 -18 -17 -17 -16 -16 -16 -15 -15 -14 -13 -11 -9 -7 -4 -3 -3 -4 -4 -2 3 16 29 34 32 29 29 25 20 18 15 14 13 14 15 18 20
-34 -33 -33 -32 -32 -32 -31 -31 -30 -30 -30 -29 -29 -28 -28 -27 -27 -26 -26 -26 -25 -25 -25 -25 -25 -25 -24 -24 -24 -24 -23 -23 -23 -22 -22 -22 -22 -22 -21 -21 -21 -21 -20 -20 -20 -20 -20 -20 -20 -20 -20 -20 -20 -19 -19 -19 -19 -19 -19 -18 -18 -17 -17 -17 -17 -16 -16 -15 -14 -13 -11 -9 -7 -5 -6 -7 -6 -4 -2 10 33 41 34 21 15 15 15 14 14 15 15 13 13 13 14 16
-34 -33 -33 -33 -32 -32 -32 -31 -31 -30 -30 -29 -29 -29 -28 -28 -27 -27 -26 -26 -26 -26 -25 -25 -25 -25 -24 -24 -24 -23 -22 -22 -23 -23 -22 -22 -22 -22 -21 -21 -21 -21 -21 -20 -20 -20 -20 -20 -20 -20 -20 -20 -20 -20 -19 -19 -19 -19 -19 -19 -18 -18 -18 -18 -17 -17 -16 -15 -14 -13 -12 -10 -9 -11 -11 -9 -7 -4 0 14 22 16 9 3 4 8 11 14 17 16 16 15 14 13 13 14
-34 -34 -33 -33 -32 -32 -32 -31 -31 -31 -30 -30 -29 -29 -28 -28 -27 -27 -27 -26 -26 -26 -26 -26 -25 -25 -24 -24 -24 -23 -22 -23 -23 -22 -22 -22 -22 -22 -21 -21 -21 -21 -21 -21 -20 -20 -20 -20 -20 -20 -20 -20 -20 -20 -19 -19 -19 -19 -19 -19 -19 -18 -18 -18 -18 -17 -16 -15 -14 -14 -14 -14 -14 -13 -12 -11 -10 -7 -5 -3 -3 -4 -4 -2 0 3 7 13 17 17 16 16 14 13 13 16
-34 -34 -33 -33 -33 -32 -32 -31 -31 -31 -30 -30 -29 -29 -29 -28 -28 -27 -27 -27 -26 -26 -26 -26 -25 -25 -24 -24 -24 -23 -23 -23 -23 -22 -22 -22 -22 -22 -21 -21 -21 -21 -21 -21 -21 -20 -20 -20 -20 -20 -20 -20 -20 -20 -19 -19 -19 -19 -19 -19 -19 -19 -19 -18 -18 -18 -16 -16 -16 -16 -16 -16 -15 -15 -14 -13 -12 -11 -10 -10 -9 -8 -7 -5 -3 -2 1 5 9 13 16 16 15 15 18 22
-34 -34 -33 -33 -33 -32 -32 -31 -31 -31 -30 -30 -29 -29 -29 -28 -28 -27 -27 -27 -27 -26 -26 -26 -25 -25 -25 -24 -24 -24 -23 -23 -23 -23 -23 -22 -22 -22 -22 -21 -21 -21 -21 -21 -21 -21 -21 -20 -20 -20 -20 -20 -20 -20 -19 -19 -19 -19 -19 -19 -19 -19 -19 -19 -18 -18 -18 -17 -17 -17 -17 -16 -16 -15 -15 -14 -13 -13 -13 -12 -11 -10 -9 -8 -7 -5 -4 -2 1 6 12 16 19 22 23 20
-34 -34 -33 -33 -33 -32 -32 -32 -31 -31 -31 -30 -30 -29 -29 -28 -28 -28 -27 -27 -27 -27 -26 -26 -26 -25 -25 -24 -24 -24 -24 -23 -23 -23 -23 -23 -22 -22 -22 -22 -21 -21 -21 -21 -21 -21 -21 -21 -20 -20 -20 -20 -20 -20 -20 -20 -20 -20 -19 -19 -19 -19 -19 -19 -19 -18 -18 -18 -18 -17 -17 -17 -16 -16 -15 -15 -15 -14 -14 -13 -12 -11 -10 -9 -8 -7 -5 -4 -1 2 8 15 19 22 22 20
-34 -34 -34 -33 -33 -33 -32 -32 -31 -31 -31 -31 -30 -29 -29 -29 -28 -28 -28 -27 -27 -27 -26 -26 -26 -26 -25 -25 -24 -24 -24 -23 -23 -23 -23 -23 -22 -22 -22 -22 -21 -21 -21 -21 -21 -21 -21 -21 -21 -20 -20 -20 -20 -20 -20 -20 -20 -20 -20 -20 -19 -19 -19 -19 -19 -19 -18 -18 -18 -18 -17 -17 -17 -16 -16 -15 -15 -15 -14 -14 -13 -12 -11 -10 -9 -8 -6 -4 -2 1 6 12 16 19 20 19
-35 -34 -34 -33 -33 -33 -32 -32 -32 -31 -31 -31 -30 -30 -29 -29 -29 -28 -28 -27 -27 -27 -26 -26 -26 -26 -25 -25 -25 -24 -24 -24 -23 -23 -23 -23 -22 -22 -22 -22 -22 -21 -21 -21 -21 -21 -21 -21 -21 -20 -20 -20 -20 -20 -20 -20 -20 -20 -20 -20 -20 -20 -19 -19 -19 -19 -18 -18 -18 -18 -18 -17 -17 -17 -16 -15 -15 -15 -15 -14 -13 -13 -12 -11 -10 -8 -6 -4 -2 2 7 12 15 16 17 17
-35 -34 -34 -34 -33 -33 -32 -32 -32 -31 -31 -31 -30 -30 -30 -29 -29 -28 -28 -28 -27 -27 -26 -26 -26 -26 -26 -25 -25 -24 -24 -24 -23 -23 -23 -23 -23 -22 -22 -22 -22 -22 -21 -21 -21 -21 -21 -21 -21 -21 -20 -20 -20 -20 -20 -20 -20 -20 -20 -20 -20 -20 -19 -19 -19 -19 -19 -19 -18 -18 -18 -17 -17 -17 -17 -16 -16 -15 -15 -14 -13 -13 -12 -11 -10 -8 -5 -3 1 5 10 14 16 18 20 21
-35 -34 -34 -34 -33 -33 -33 -32 -32 -31 -31 -31 -30 -30 -30 -29 -29 -28 -28 -28 -27 -27 -27 -26 -26 -26 -26 -25 -25 -25 -24 -24 -24 -23 -23 -23 -23 -23 -22 -22 -22 -22 -22 -22 -21 -21 -21 -21 -21 -21 -21 -20 -20 -20 -20 -20 -20 -20 -20 -20 -20 -20 -20 -20 -19 -19 -19 -19 -19 -19 -18 -18 -18 -17 -17 -16 -16 -16 -15 -15 -14 -13 -12 -11 -9 -6 -4 -1 2 6 10 14 17 20 25 28
-35 -35 -34 -34 -33 -33 -33 -32 -32 -31 -31 -31 -30 -30 -30 -29 -29 -28 -28 -28 -27 -27 -27 -26 -26 -26 -26 -26 -25 -25 -24 -24 -24 -24 -23 -23 -23 -23 -23 -22 -22 -22 -22 -21 -21 -21 -21 -21 -21 -21 -21 -21 -20 -20 -20 -20 -20 -20 -20 -20 -20 -20 -20 -20 -20 -19 -19 -19 -19 -19 -19 -18 -18 -18 -17 -17 -17 -16 -16 -15 -14 -14 -13 -12 -10 -8 -4 -1 2 6 11 14 15 16 19 21
-35 -35 -34 -34 -34 -33 -33 -32 -32 -31 -31 -31 -31 -30 -30 -29 -29 -28 -28 -28 -28 -27 -27 -26 -26 -26 -26 -26 -26 -25 -25 -24 -24 -24 -23 -23 -23 -23 -23 -23 -22 -22 -22 -21 -21 -21 -21 -21 -21 -21 -21 -21 -21 -20 -20 -20 -20 -20 -20 -20 -20 -20 -20 -20 -20 -20 -19 -19 -19 -19 -19 -19 -18 -18 -18 -17 -17 -17 -16 -16 -15 -15 -14 -12 -11 -7 -4 -3 -1 2 4 5 3 1 3 5
-35 -35 -34 -34 -34 -33 -33 -33 -32 -31 -31 -31 -31 -30 -30 -29 -29 -28 -28 -28 -28 -27 -27 -27 -26 -26 -26 -26 -25 -25 -25 -24 -24 -24 -24 -23 -23 -23 -23 -23 -22 -22 -22 -22 -21 -21 -21 -21 -21 -21 -21 -21 -21 -21 -21 -21 -21 -20 -20 -20 -20 -20 -20 -20 -20 -20 -19 -19 -19 -20 -19 -19 -19 -18 -18 -18 -17 -17 -17 -16 -16 -15 -14 -13 -11 -8 -6 -6 -6 -5 -5 -5 -5 -5 -4 -3
-35 -35 -35 -34 -34 -33 -33 -33 -32 -32 -31 -31 -31 -31 -30 -30 -29 -29 -28 -28 -28 -27 -27 -27 -26 -26 -26 -26 -25 -25 -25 -25 -24 -24 -24 -23 -23 -23 -23 -22 -22 -22 -22 -22 -22 -22 -22 -22 -21 -21 -21 -21 -21 -21 -21 -21 -21 -21 -21 -20 -20 -20 -20 -20 -20 -20 -20 -19 -19 -20 -20 -19 -19 -18 -18 -18 -18 -17 -17 -17 -16 -16 -15 -15 -13 -12 -11 -11 -11 -10 -9 -9 -8 -7 -6 -5
-35 -35 -35 -34 -34 -34 -33 -33 -32 -32 -31 -31 -31 -31 -30 -30 -29 -29 -29 -28 -28 -27 -27 -27 -26 -26 -26 -26 -26 -25 -25 -25 -24 -24 -24 -24 -23 -23 -23 -23 -23 -22 -22 -22 -22 -22 -22 -22 -22 -22 -21 -21 -21 -21 -21 -21 -21 -21 -21 -21 -20 -20 -20 -20 -20 -19 -19 -20 -20 -20 -20 -19 -19 -19 -19 -18 -18 -18 -17 -17 -16 -16 -16 -16 -15 -13 -13 -13 -12 -12 -11 -10 -10 -9 -8 -7
-36 -35 -35 -34 -34 -34 -33 -33 -33 -32 -32 -31 -31 -31 -31 -30 -30 -29 -29 -28 -28 -28 -27 -27 -27 -27 -27 -26 -26 -26 -25 -25 -25 -24 -24 -24 -24 -24 -23 -23 -23 -23 -22 -22 -22 -22 -22 -22 -22 -22 -22 -21 -21 -22 -21 -21 -21 -21 -21 -21 -21 -20 -20 -20 -20 -20 -20 -20 -20 -20 -20 -20 -20 -19 -19 -19 -19 -18 -18 -17 -17 -17 -17 -16 -16 -15 -15 -14 -14 -13 -12 -11 -11 -10 -9 -9
-36 -35 -35 -35 -34 -34 -34 -33 -33 -32 -32 -31 -31 -31 -31 -30 -30 -30 -29 -29 -28 -28 -28 -27 -27 -27 -27 -27 -27 -26 -26 -26 -25 -25 -25 -25 -24 -24 -24 -24 -24 -23 -23 -22 -22 -22 -22 -22 -22 -22 -22 -22 -22 -22 -22 -21 -21 -21 -21 -21 -21 -21 -21 -21 -20 -20 -20 -20 -20 -21 -21 -20 -20 -19 -19 -19 -19 -19 -18 -18 -17 -17 -17 -17 -17 -16 -15 -15 -14 -13 -13 -12 -11 -11 -10 -9
-36 -36 -35 -35 -34 -34 -34 -33 -33 -32 -32 -31 -31 -31 -30 -30 -30 -30 -29 -29 -29 -28 -28 -28 -27 -27 -27 -27 -27 -27 -26 -26 -26 -25 -25 -25 -25 -25 -25 -25 -24 -23 -23 -22 -22 -22 -22 -22 -22 -22 -21 -21 -22 -22 -22 -21 -21 -21 -21 -21 -21 -21 -21 -21 -21 -21 -21 -20 -20 -21 -21 -20 -20 -20 -19 -19 -19 -19 -19 -18 -18 -18 -18 -17 -17 -17 -16 -15 -15 -14 -13 -12 -12 -11 -10 -9
-36 -36 -35 -35 -35 -34 -34 -34 -33 -33 -32 -31 -31 -31 -31 -30 -30 -30 -29 -29 -28 -28 -28 -28 -28 -28 -28 -28 -27 -27 -27 -26 -26 -26 -26 -25 -25 -25 -25 -25 -24 -23 -23 -22 -22 -22 -22 -22 -22 -21 -21 -21 -21 -22 -22 -22 -21 -21 -21 -21 -21 -21 -21 -21 -21 -21 -21 -21 -21 -21 -21 -20 -20 -20 -20 -20 -19 -19 -19 -19 -18 -18 -18 -17 -17 -17 -17 -16 -15 -15 -14 -13 -12 -11 -10 -8
-36 -36 -35 -35 -35 -34 -34 -34 -33 -33 -32 -32 -32 -31 -31 -30 -30 -30 -29 -29 -29 -28 -28 -28 -29 -28 -28 -28 -27 -27 -27 -26 -26 -26 -26 -26 -26 -26 -25 -25 -24 -23 -23 -22 -21 -21 -21 -21 -20 -20 -19 -20 -21 -22 -22 -22 -22 -21 -21 -21 -21 -21 -21 -21 -21 -21 -21 -21 -21 -21 -21 -21 -21 -20 -19 -20 -20 -19 -19 -19 -19 -18 -18 -18 -17 -17 -17 -16 -16 -15 -15 -14 -13 -12 -8 -2
-36 -36 -36 -35 -35 -35 -34 -34 -34 -33 -32 -32 -32 -31 -31 -30 -30 -30 -29 -29 -29 -29 -29 -29 -29 -29 -28 -28 -27 -27 -27 -26 -26 -26 -26 -26 -26 -26 -25 -25 -24 -23 -22 -22 -21 -20 -20 -19 -19 -18 -18 -18 -20 -22 -22 -22 -22 -22 -22 -22 -21 -21 -21 -21 -21 -21 -21 -21 -21 -21 -21 -21 -21 -20 -19 -20 -20 -20 -19 -19 -19 -18 -18 -18 -18 -17 -17 -17 -17 -16 -15 -14 -13 -12 -11 -7
-37 -36 -36 -36 -35 -35 -34 -34 -34 -33 -32 -32 -32 -31 -31 -31 -30 -30 -30 -29 -29 -29 -29 -29 -29 -28 -28 -28 -27 -27 -27 -26 -26 -26 -26 -26 -26 -25 -25 -25 -24 -23 -22 -21 -20 -20 -19 -19 -18 -17 -16 -18 -20 -21 -22 -22 -22 -22 -22 -22 -21 -21 -21 -21 -21 -21 -21 -21 -21 -21 -21 -21 -21 -20 -20 -20 -20 -20 -19 -19 -19 -19 -18 -18 -18 -18 -17 -17 -17 -17 -16 -16 -13 -10 -11 -13
-37 -36 -36 -36 -35 -35 -35 -34 -34 -33 -33 -32 -32 -31 -31 -31 -30 -30 -30 -29 -29 -29 -29 -29 -29 -28 -28 -28 -27 -27 -27 -26 -26 -26 -26 -26 -26 -25 -25 -25 -24 -23 -23 -22 -21 -20 -19 -19 -19 -18 -17 -18 -20 -22 -22 -22 -22 -22 -22 -22 -21 -21 -21 -21 -21 -21 -21 -21 -21 -21 -21 -21 -21 -20 -20 -20 -20 -20 -19 -19 -19 -19 -18 -18 -18 -18 -17 -17 -17 -17 -17 -17 -16 -14 -13 -14
-37 -37 -36 -36 -36 -35 -35 -34 -34 -34 -33 -33 -32 -32 -31 -31 -30 -30 -30 -30 -29 -29 -29 -29 -29 -28 -28 -28 -27 -27 -27 -26 -26 -26 -26 -26 -26 -25 -25 -25 -24 -24 -23 -23 -22 -21 -21 -20 -20 -20 -20 -20 -22 -22 -22 -22 -22 -21 -21 -21 -21 -21 -21 -21 -21 -21 -20 -20 -20 -20 -20 -20 -20 -20 -20 -20 -19 -19 -19 -19 -19 -18 -18 -18 -18 -18 -17 -17 -17 -17 -17 -17 -17 -17 -16 -16
-37 -37 -36 -36 -36 -35 -35 -35 -34 -34 -33 -33 -32 -32 -31 -31 -31 -30 -30 -30 -29 -29 -29 -29 -29 -28 -28 -28 -27 -27 -27 -26 -26 -26 -26 -26 -26 -25 -25 -25 -25 -24 -24 -24 -24 -23 -22 -22 -22 -22 -22 -22 -23 -23 -23 -22 -22 -21 -21 -21 -21 -21 -21 -21 -21 -21 -21 -20 -20 -20 -20 -20 -20 -20 -20 -20 -19 -19 -19 -19 -19 -18 -18 -18 -18 -18 -18 -18 -18 -18 -18 -18 -17 -17 -17 -17
-37 -37 -37 -36 -36 -36 -35 -35 -35 -34 -34 -33 -33 -32 -32 -31 -31 -30 -30 -30 -30 -29 -29 -29 -29 -28 -28 -28 -28 -27 -27 -26 -26 -26 -26 -26 -26 -25 -25 -25 -25 -25 -24 -25 -25 -24 -24 -23 -23 -23 -23 -23 -23 -23 -23 -22 -22 -22 -22 -21 -21 -21 -21 -21 -21 -21 -21 -21 -20 -20 -20 -20 -20 -20 -20 -20 -20 -20 -19 -19 -19 -19 -19 -19 -19 -19 -19 -18 -18 -18 -18 -18 -18 -18 -17 -17
-37 -37 -37 -37 -36 -36 -36 -35 -35 -34 -34 -33 -33 -32 -32 -31 -31 -30 -30 -30 -30 -30 -29 -29 -29 -29 -29 -28 -28 -27 -27 -27 -26 -26 -26 -26 -26 -26 -25 -25 -25 -25 -24 -24 -25 -24 -24 -24 -24 -24 -23 -23 -23 -23 -23 -22 -22 -22 -22 -22 -21 -21 -21 -21 -21 -21 -21 -21 -21 -21 -20 -20 -20 -20 -20 -20 -20 -20 -20 -20 -20 -20 -20 -20 -19 -19 -19 -19 -19 -19 -18 -18 -18 -18 -18 -17
-38 -37 -37 -37 -36 -36 -36 -35 -35 -35 -34 -33 -33 -32 -32 -31 -31 -30 -30 -30 -30 -30 -30 -30 -29 -29 -29 -29 -28 -28 -27 -27 -26 -26 -26 -26 -26 -26 -26 -26 -25 -25 -24 -24 -24 -25 -25 -25 -24 -24 -23 -22 -23 -23 -23 -22 -22 -22 -22 -22 -21 -21 -21 -21 -21 -21 -21 -21 -21 -21 -20 -20 -20 -20 -20 -20 -20 -21 -20 -20 -20 -20 -20 -20 -20 -20 -20 -19 -19 -19 -19 -19 -18 -18 -18 -18
-38 -38 -37 -37 -37 -36 -36 -36 -35 -35 -34 -34 -33 -32 -32 -31 -31 -30 -30 -30 -30 -30 -30 -30 -30 -30 -30 -29 -28 -28 -27 -27 -27 -26 -26 -26 -26 -26 -26 -26 -26 -25 -25 -25 -25 -25 -25 -24 -24 -23 -22 -22 -22 -23 -23 -22 -22 -22 -22 -21 -21 -21 -21 -21 -21 -21 -21 -21 -21 -21 -20 -20 -20 -21 -21 -21 -21 -21 -21 -21 -20 -20 -20 -20 -20 -20 -20 -19 -19 -19 -19 -19 -18 -18 -18 -18
-38 -38 -37 -37 -37 -37 -36 -36 -36 -36 -35 -34 -33 -33 -32 -31 -31 -30 -30 -30 -30 -30 -30 -30 -30 -30 -30 -29 -29 -28 -27 -27 -27 -26 -26 -26 -26 -26 -26 -26 -26 -26 -25 -25 -25 -25 -24 -24 -23 -22 -21 -21 -22 -22 -22 -22 -22 -22 -21 -21 -21 -21 -21 -21 -21 -21 -21 -21 -20 -20 -21 -21 -21 -21 -21 -21 -21 -21 -21 -21 -21 -21 -20 -20 -20 -20 -19 -19 -19 -19 -19 -19 -19 -19 -18 -18
-38 -38 -38 -37 -37 -37 -36 -36 -37 -36 -35 -34 -33 -33 -32 -32 -31 -31 -30 -30 -30 -30 -30 -30 -30 -30 -29 -29 -29 -28 -28 -27 -27 -27 -26 -26 -26 -26 -26 -26 -26 -26 -26 -25 -25 -25 -24 -24 -23 -23 -22 -22 -22 -22 -22 -22 -22 -22 -21 -21 -21 -21 -21 -21 -21 -21 -21 -21 -21 -21 -21 -21 -21 -21 -21 -21 -21 -21 -21 -21 -21 -21 -20 -20 -20 -20 -20 -20 -20 -19 -19 -19 -19 -19 -18 -18
-38 -38 -38 -37 -37 -37 -37 -36 -36 -36 -35 -34 -34 -33 -33 -32 -32 -31 -31 -30 -30 -30 -30 -30 -30 -29 -29 -29 -29 -28 -28 -27 -27 -27 -26 -26 -26 -26 -26 -26 -26 -26 -26 -25 -25 -25 -25 -24 -24 -23 -23 -22 -22 -22 -23 -22 -22 -22 -21 -21 -21 -21 -21 -21 -21 -21 -21 -21 -21 -21 -21 -21 -21 -21 -21 -21 -21 -21 -21 -21 -21 -20 -20 -20 -20 -20 -20 -20 -19 -19 -19 -19 -19 -19 -19 -19
-38 -38 -38 -38 -37 -37 -37 -36 -36 -36 -35 -35 -34 -34 -33 -32 -32 -31 -31 -31 -30 -30 -30 -30 -30 -29 -29 -29 -29 -28 -28 -27 -27 -27 -26 -26 -26 -26 -26 -26 -26 -26 -26 -25 -25 -25 -25 -25 -24 -24 -23 -23 -23 -23 -23 -23 -22 -22 -21 -21 -21 -21 -21 -21 -21 -21 -21 -21 -21 -21 -21 -21 -22 -21 -21 -21 -21 -21 -21 -21 -21 -20 -20 -20 -20 -20 -20 -20 -20 -20 -20 -19 -19 -19 -19 -19
-38 -38 -38 -38 -38 -37 -37 -37 -36 -36 -36 -35 -35 -34 -33 -33 -32 -32 -31 -31 -31 -30 -30 -30 -29 -29 -29 -29 -29 -28 -28 -27 -27 -27 -26 -26 -26 -26 -26 -26 -26 -26 -26 -25 -25 -25 -25 -25 -25 -25 -24 -24 -24 -24 -23 -23 -22 -22 -22 -21 -21 -21 -21 -21 -21 -21 -21 -21 -20 -20 -20 -21 -21 -21 -21 -21 -21 -21 -21 -21 -21 -21 -20 -20 -20 -20 -20 -20 -20 -20 -20 -20 -19 -19 -19 -19
-38 -38 -38 -38 -37 -37 -37 -37 -37 -36 -36 -35 -35 -34 -34 -33 -32 -32 -31 -31 -31 -30 -30 -30 -30 -29 -30 -29 -29 -28 -28 -27 -27 -27 -27 -26 -26 -26 -26 -26 -26 -26 -26 -25 -25 -25 -25 -25 -25 -25 -25 -25 -24 -24 -24 -23 -22 -22 -22 -22 -21 -21 -21 -21 -21 -21 -21 -21 -20 -20 -20 -20 -20 -21 -21 -21 -21 -21 -21 -21 -21 -21 -21 -21 -20 -20 -20 -20 -20 -20 -19 -19 -19 -19 -19 -19
-37 -37 -37 -37 -37 -37 -37 -37 -37 -36 -36 -36 -35 -35 -34 -33 -33 -32 -32 -31 -31 -30 -30 -30 -29 -29 -30 -29 -29 -28 -28 -28 -27 -27 -27 -26 -26 -26 -26 -26 -26 -26 -26 -25 -25 -25 -25 -26 -26 -26 -25 -25 -25 -25 -24 -23 -22 -22 -22 -21 -21 -21 -21 -21 -21 -21 -21 -21 -20 -20 -20 -20 -20 -20 -21 -21 -21 -21 -21 -21 -21 -21 -21 -21 -20 -20 -20 -20 -20 -19 -19 -19 -19 -19 -19 -19
