data/unprocessed_DEMs/150_150_15525.asc
ncols        150
nrows        150
xllcorner    12.312500000000
yllcorner    56.145833333333
cellsize     0.004166666667
NODATA_value -32767
[rows 46 to 91 of 150, columns 0 to 95 of 150]
-37 -37 -37 -37 -37 -37 -37 -37 -37 -37 -36 -36 -35 -35 -34 -34 -33 -32 -32 -31 -31 -30 -30 -30 -29 -29 -29 -29 -29 -28 -28 -28 -27 -27 -27 -26 -26 -26 -26 -26 -26 -26 -25 -25 -25 -25 -25 -25 -26 -25 -25 -25 -25 -25 -24 -23 -22 -22 -22 -21 -21 -21 -21 -21 -21 -21 -21 -21 -21 -21 -21 -21 -20 -20 -20 -20 -21 -21 -21 -21 -21 -21 -21 -21 -21 -21 -20 -20 -20 -20 -19 -19 -20 -19 -19 -19
-36 -36 -36 -37 -37 -37 -37 -37 -37 -37 -36 -36 -36 -35 -34 -34 -33 -32 -32 -31 -31 -30 -30 -29 -29 -29 -28 -28 -28 -28 -28 -28 -28 -27 -27 -26 -26 -26 -26 -26 -25 -25 -25 -25 -25 -25 -25 -25 -25 -25 -25 -25 -25 -24 -24 -23 -23 -22 -22 -22 -22 -22 -21 -21 -21 -21 -21 -21 -21 -21 -21 -21 -21 -21 -21 -21 -21 -21 -21 -21 -21 -21 -21 -21 -21 -21 -20 -20 -20 -20 -20 -20 -20 -19 -19 -19
-35 -35 -36 -36 -36 -36 -36 -36 -36 -36 -36 -36 -36 -35 -35 -34 -33 -33 -32 -31 -31 -30 -30 -29 -29 -29 -28 -28 -28 -28 -28 -28 -28 -27 -27 -26 -26 -26 -26 -25 -25 -25 -25 -25 -25 -25 -25 -25 -25 -25 -25 -25 -25 -24 -24 -23 -23 -23 -22 -22 -22 -22 -22 -22 -22 -21 -21 -21 -21 -21 -21 -21 -21 -21 -21 -21 -21 -21 -21 -21 -21 -21 -21 -21 -21 -21 -21 -21 -20 -20 -20 -20 -20 -20 -20 -19
-34 -35 -35 -35 -36 -36 -36 -36 -36 -36 -36 -36 -35 -35 -35 -34 -33 -33 -32 -31 -31 -30 -30 -29 -29 -29 -28 -28 -28 -28 -28 -28 -28 -27 -27 -26 -26 -26 -25 -25 -25 -25 -25 -25 -24 -24 -25 -25 -25 -25 -25 -25 -24 -24 -24 -24 -23 -23 -22 -22 -22 -22 -22 -22 -22 -22 -21 -21 -21 -21 -21 -21 -21 -21 -21 -21 -21 -21 -21 -21 -21 -20 -20 -20 -20 -21 -21 -21 -20 -20 -20 -20 -20 -20 -20 -19
-33 -33 -34 -35 -35 -34 -34 -35 -35 -36 -36 -35 -35 -35 -35 -34 -33 -32 -32 -31 -30 -30 -29 -29 -29 -29 -28 -28 -28 -28 -28 -28 -27 -27 -26 -26 -26 -26 -25 -25 -25 -25 -25 -24 -24 -24 -24 -24 -24 -24 -24 -24 -24 -24 -24 -24 -23 -23 -23 -22 -22 -22 -22 -22 -22 -22 -22 -22 -22 -22 -22 -21 -21 -21 -21 -21 -21 -21 -21 -21 -21 -21 -21 -21 -20 -20 -21 -21 -21 -20 -20 -20 -20 -20 -20 -19
-33 -32 -33 -34 -34 -34 -34 -34 -34 -35 -35 -35 -35 -35 -35 -34 -33 -32 -31 -31 -30 -30 -29 -29 -29 -29 -29 -28 -28 -28 -28 -27 -27 -27 -26 -26 -26 -26 -25 -25 -25 -25 -25 -24 -24 -24 -24 -24 -24 -24 -24 -25 -24 -24 -24 -23 -23 -23 -23 -23 -23 -22 -22 -22 -22 -22 -22 -22 -22 -22 -22 -22 -22 -22 -21 -21 -21 -21 -21 -21 -21 -21 -21 -21 -20 -20 -20 -21 -21 -20 -20 -20 -20 -20 -20 -20
-32 -32 -32 -33 -33 -33 -33 -34 -33 -33 -33 -34 -35 -35 -34 -34 -33 -32 -31 -30 -30 -29 -29 -29 -29 -29 -29 -29 -29 -28 -28 -27 -27 -27 -26 -26 -26 -26 -25 -25 -25 -25 -25 -25 -24 -24 -25 -25 -24 -24 -25 -25 -25 -24 -23 -23 -23 -23 -23 -23 -23 -22 -22 -22 -22 -22 -22 -22 -22 -22 -21 -21 -22 -22 -22 -21 -21 -21 -21 -21 -21 -21 -21 -21 -21 -20 -21 -21 -21 -21 -20 -20 -20 -20 -20 -20
-31 -32 -32 -32 -33 -33 -33 -34 -33 -32 -32 -32 -33 -34 -34 -34 -33 -32 -31 -30 -29 -29 -29 -29 -29 -29 -29 -29 -29 -28 -28 -27 -27 -27 -26 -26 -26 -26 -25 -25 -25 -25 -25 -25 -25 -25 -25 -25 -25 -25 -25 -25 -25 -24 -23 -23 -23 -23 -23 -23 -23 -22 -22 -22 -22 -22 -22 -22 -22 -22 -22 -21 -21 -22 -22 -22 -21 -21 -21 -21 -21 -21 -21 -21 -21 -21 -21 -21 -21 -21 -20 -20 -20 -20 -20 -20
-31 -32 -32 -33 -33 -33 -33 -34 -33 -33 -31 -31 -32 -33 -34 -34 -33 -31 -30 -29 -29 -29 -29 -29 -29 -29 -29 -29 -29 -29 -28 -28 -27 -27 -27 -26 -26 -26 -25 -25 -25 -25 -25 -25 -25 -25 -25 -25 -25 -25 -25 -25 -25 -24 -23 -23 -23 -23 -23 -23 -23 -23 -22 -22 -22 -22 -22 -22 -22 -22 -22 -21 -21 -21 -22 -22 -22 -21 -21 -21 -21 -21 -21 -21 -21 -21 -21 -21 -21 -21 -20 -20 -20 -20 -20 -20
-31 -32 -32 -33 -33 -33 -34 -34 -34 -33 -31 -30 -30 -31 -33 -33 -33 -31 -29 -28 -28 -28 -28 -29 -29 -29 -29 -30 -30 -29 -28 -28 -28 -27 -27 -27 -26 -26 -26 -26 -25 -25 -26 -26 -26 -26 -26 -26 -26 -26 -26 -25 -25 -24 -24 -23 -23 -23 -23 -23 -23 -23 -22 -22 -22 -22 -22 -22 -22 -22 -21 -21 -21 -21 -21 -21 -21 -21 -21 -21 -21 -21 -21 -21 -21 -21 -21 -21 -21 -21 -21 -20 -20 -20 -20 -20
-31 -32 -32 -33 -33 -33 -34 -34 -34 -33 -32 -30 -29 -29 -31 -32 -32 -31 -29 -28 -28 -28 -28 -29 -29 -29 -29 -30 -30 -29 -29 -28 -28 -28 -28 -27 -27 -26 -26 -26 -26 -26 -26 -26 -26 -27 -27 -27 -27 -26 -26 -25 -25 -25 -24 -24 -23 -23 -23 -23 -23 -22 -22 -22 -22 -22 -22 -22 -22 -22 -22 -21 -21 -21 -21 -21 -21 -21 -21 -21 -21 -21 -21 -21 -21 -21 -20 -21 -21 -21 -21 -20 -20 -20 -20 -20
-31 -31 -32 -32 -33 -33 -33 -34 -33 -33 -32 -30 -29 -29 -29 -30 -31 -30 -29 -28 -28 -28 -28 -29 -29 -29 -29 -29 -29 -29 -29 -28 -28 -28 -28 -28 -27 -26 -26 -26 -26 -26 -26 -27 -27 -27 -27 -27 -27 -27 -26 -26 -25 -25 -24 -24 -24 -23 -23 -23 -23 -22 -22 -22 -22 -22 -22 -22 -22 -22 -22 -21 -21 -21 -21 -21 -21 -21 -21 -21 -21 -21 -21 -21 -21 -20 -20 -20 -21 -21 -21 -20 -20 -20 -20 -20
-31 -31 -32 -32 -32 -33 -33 -33 -33 -32 -31 -30 -29 -29 -28 -29 -29 -29 -29 -28 -28 -28 -28 -29 -29 -29 -29 -29 -29 -29 -29 -28 -28 -29 -29 -28 -27 -26 -26 -26 -26 -26 -27 -27 -27 -27 -28 -28 -28 -27 -26 -26 -25 -25 -24 -24 -24 -23 -23 -23 -23 -23 -22 -22 -22 -22 -22 -22 -22 -22 -22 -22 -21 -21 -21 -21 -21 -21 -21 -21 -21 -21 -21 -21 -20 -20 -20 -20 -21 -21 -21 -21 -20 -20 -20 -20
-31 -31 -31 -31 -31 -32 -33 -33 -33 -32 -31 -30 -29 -29 -28 -28 -29 -29 -28 -28 -28 -28 -28 -29 -29 -29 -29 -29 -29 -29 -28 -28 -28 -28 -29 -28 -26 -25 -25 -25 -26 -26 -27 -27 -28 -28 -28 -28 -27 -27 -26 -26 -25 -25 -24 -24 -24 -23 -23 -23 -23 -22 -22 -22 -22 -22 -22 -22 -22 -22 -22 -22 -21 -21 -21 -21 -21 -21 -21 -21 -21 -21 -21 -21 -20 -20 -20 -20 -21 -21 -21 -20 -20 -20 -20 -20
-30 -31 -31 -31 -31 -32 -33 -33 -32 -31 -30 -29 -29 -29 -29 -28 -28 -28 -28 -28 -28 -28 -28 -29 -29 -29 -29 -29 -29 -29 -28 -27 -27 -27 -27 -27 -26 -25 -25 -25 -26 -26 -27 -27 -28 -28 -28 -27 -27 -27 -26 -26 -25 -25 -24 -24 -24 -23 -23 -23 -23 -23 -22 -22 -22 -22 -22 -22 -22 -22 -22 -22 -21 -21 -21 -21 -21 -21 -21 -21 -21 -21 -21 -21 -20 -20 -20 -20 -21 -21 -21 -20 -20 -20 -20 -20
-30 -30 -30 -30 -31 -32 -33 -32 -32 -31 -30 -29 -29 -30 -30 -29 -28 -28 -28 -28 -28 -28 -29 -29 -29 -30 -30 -30 -29 -29 -28 -27 -27 -27 -27 -26 -25 -25 -25 -25 -26 -26 -27 -27 -27 -27 -27 -27 -27 -27 -26 -26 -26 -25 -24 -24 -24 -23 -23 -23 -23 -23 -23 -22 -22 -22 -22 -22 -22 -22 -22 -22 -22 -21 -21 -21 -21 -21 -21 -21 -21 -21 -21 -21 -20 -20 -20 -20 -21 -21 -21 -20 -20 -20 -20 -20
-29 -30 -29 -29 -30 -32 -32 -32 -32 -31 -29 -29 -30 -31 -31 -29 -28 -27 -28 -28 -28 -28 -29 -29 -30 -30 -30 -30 -30 -29 -29 -28 -27 -27 -27 -26 -26 -25 -25 -26 -26 -26 -27 -27 -27 -27 -27 -26 -26 -26 -26 -26 -25 -25 -25 -24 -24 -23 -23 -23 -23 -22 -22 -22 -22 -22 -22 -22 -22 -22 -22 -22 -22 -22 -21 -21 -21 -21 -21 -21 -21 -21 -21 -21 -20 -20 -20 -20 -21 -21 -21 -20 -20 -20 -20 -20
-28 -29 -29 -29 -30 -31 -32 -32 -32 -31 -29 -29 -30 -31 -32 -30 -28 -27 -27 -27 -28 -28 -29 -29 -30 -31 -31 -31 -30 -30 -30 -29 -28 -27 -27 -27 -26 -26 -26 -26 -26 -26 -26 -26 -26 -26 -26 -26 -26 -26 -26 -26 -25 -25 -25 -24 -24 -23 -22 -22 -22 -22 -22 -22 -22 -22 -22 -22 -22 -22 -22 -22 -21 -21 -21 -21 -21 -21 -21 -21 -21 -20 -20 -21 -21 -21 -20 -20 -21 -21 -21 -20 -20 -20 -19 -19
-28 -29 -29 -30 -30 -31 -32 -32 -31 -31 -29 -29 -30 -32 -33 -31 -28 -26 -26 -27 -27 -28 -29 -30 -30 -31 -31 -31 -31 -30 -30 -29 -29 -28 -27 -27 -27 -26 -26 -26 -26 -26 -26 -26 -26 -26 -25 -25 -25 -26 -26 -26 -25 -25 -25 -24 -24 -23 -22 -22 -22 -22 -22 -22 -22 -22 -22 -22 -22 -22 -22 -21 -21 -21 -21 -21 -21 -21 -21 -21 -21 -20 -20 -21 -20 -20 -20 -20 -21 -21 -20 -20 -20 -19 -19 -19
-28 -29 -29 -30 -30 -31 -31 -31 -31 -31 -29 -29 -30 -32 -33 -31 -28 -26 -26 -26 -27 -28 -29 -30 -31 -31 -31 -31 -31 -30 -30 -30 -29 -29 -28 -28 -27 -27 -27 -26 -26 -26 -26 -26 -26 -25 -25 -25 -25 -26 -26 -26 -26 -25 -25 -24 -24 -23 -22 -22 -22 -22 -22 -22 -22 -22 -22 -22 -21 -22 -22 -21 -21 -21 -21 -21 -21 -21 -21 -21 -21 -21 -20 -20 -20 -20 -20 -20 -20 -20 -20 -20 -20 -19 -19 -19
-28 -29 -29 -29 -30 -31 -31 -31 -31 -30 -29 -29 -30 -32 -33 -32 -29 -27 -26 -26 -27 -28 -29 -30 -30 -31 -31 -31 -30 -30 -30 -30 -30 -30 -29 -28 -28 -27 -27 -26 -26 -26 -26 -26 -25 -25 -25 -25 -25 -25 -26 -26 -26 -25 -25 -24 -23 -23 -22 -22 -22 -22 -22 -22 -22 -22 -22 -21 -21 -22 -22 -22 -21 -21 -21 -21 -21 -21 -21 -21 -21 -21 -21 -20 -20 -20 -20 -20 -20 -20 -20 -20 -20 -19 -19 -19
-28 -28 -28 -28 -29 -30 -31 -31 -30 -30 -29 -29 -30 -32 -33 -32 -30 -27 -26 -26 -27 -28 -29 -30 -30 -30 -30 -30 -30 -30 -30 -31 -31 -30 -29 -29 -28 -27 -27 -26 -26 -26 -25 -25 -25 -25 -25 -25 -25 -25 -26 -26 -25 -25 -25 -24 -23 -23 -22 -22 -22 -22 -22 -22 -21 -21 -21 -21 -21 -21 -21 -21 -21 -21 -21 -21 -21 -21 -21 -21 -21 -21 -21 -20 -20 -20 -20 -20 -20 -20 -20 -20 -20 -20 -19 -19
-29 -28 -28 -28 -28 -30 -31 -31 -30 -30 -30 -29 -30 -31 -32 -32 -31 -28 -27 -27 -28 -28 -29 -30 -30 -30 -30 -30 -29 -30 -30 -31 -31 -30 -30 -29 -28 -27 -26 -26 -26 -25 -25 -25 -25 -25 -25 -25 -25 -25 -25 -25 -25 -25 -24 -24 -23 -23 -23 -22 -22 -22 -21 -21 -21 -21 -21 -21 -21 -21 -21 -21 -21 -21 -21 -21 -21 -21 -21 -21 -21 -20 -20 -20 -20 -20 -20 -20 -20 -20 -20 -20 -20 -20 -19 -19
-29 -29 -29 -29 -29 -30 -31 -32 -31 -31 -31 -30 -30 -31 -32 -32 -32 -29 -27 -27 -28 -29 -29 -29 -30 -30 -30 -29 -29 -29 -30 -31 -31 -30 -29 -28 -28 -27 -26 -26 -25 -25 -25 -25 -24 -25 -25 -25 -25 -25 -25 -25 -24 -24 -24 -24 -23 -23 -23 -22 -22 -22 -22 -21 -21 -21 -21 -21 -21 -20 -21 -20 -21 -21 -21 -20 -20 -20 -20 -20 -20 -20 -20 -20 -20 -20 -20 -20 -20 -19 -19 -19 -19 -19 -19 -18
-30 -29 -30 -30 -30 -30 -31 -32 -31 -31 -31 -30 -30 -30 -31 -32 -31 -30 -27 -28 -28 -29 -29 -29 -30 -30 -30 -30 -29 -29 -30 -30 -30 -29 -29 -28 -27 -26 -26 -26 -25 -25 -25 -24 -24 -25 -25 -26 -26 -26 -26 -25 -24 -23 -23 -24 -23 -23 -23 -23 -23 -23 -22 -22 -22 -21 -21 -21 -21 -21 -20 -20 -21 -21 -20 -20 -20 -20 -20 -20 -20 -20 -19 -20 -19 -19 -19 -19 -19 -19 -19 -19 -19 -18 -18 -17
-30 -29 -30 -30 -31 -31 -31 -31 -31 -31 -31 -31 -30 -30 -31 -31 -31 -30 -28 -28 -28 -29 -29 -29 -30 -30 -30 -30 -29 -29 -29 -29 -29 -29 -28 -27 -27 -26 -26 -25 -25 -25 -24 -24 -24 -25 -26 -27 -27 -26 -26 -26 -25 -24 -24 -24 -23 -23 -23 -22 -22 -22 -22 -22 -22 -21 -22 -22 -21 -21 -21 -21 -21 -21 -20 -20 -20 -20 -20 -20 -20 -20 -19 -19 -19 -19 -19 -19 -18 -18 -18 -17 -17 -14 -11 -5
-30 -30 -30 -30 -30 -31 -31 -31 -31 -30 -31 -31 -30 -30 -30 -31 -31 -30 -28 -27 -28 -28 -29 -29 -29 -30 -30 -29 -29 -29 -29 -29 -28 -28 -28 -27 -27 -26 -26 -25 -25 -25 -24 -24 -24 -24 -25 -26 -26 -26 -26 -26 -25 -25 -25 -24 -23 -23 -22 -20 -20 -20 -20 -21 -20 -20 -21 -21 -21 -21 -21 -21 -20 -20 -20 -20 -20 -20 -20 -20 -20 -19 -19 -19 -19 -19 -18 -18 -17 -17 -16 -14 -9 -1 17 37
-29 -29 -30 -30 -30 -31 -31 -31 -31 -30 -30 -31 -30 -30 -30 -31 -31 -30 -28 -27 -27 -28 -28 -29 -29 -29 -29 -29 -29 -29 -28 -28 -28 -27 -27 -27 -26 -26 -26 -26 -25 -25 -25 -24 -23 -23 -22 -24 -26 -26 -26 -26 -25 -26 -25 -21 -17 -18 -15 -15 -17 -17 -18 -19 -20 -20 -21 -21 -21 -21 -20 -20 -20 -20 -20 -20 -19 -18 -17 -16 -17 -18 -18 -18 -18 -18 -17 -16 -16 -14 -10 -4 5 18 35 56
-29 -29 -30 -30 -31 -31 -31 -31 -30 -30 -30 -30 -30 -30 -31 -31 -30 -30 -28 -27 -27 -27 -28 -28 -29 -29 -29 -29 -29 -29 -28 -28 -27 -27 -26 -26 -26 -26 -26 -26 -25 -25 -25 -24 -23 -22 -21 -23 -26 -26 -26 -26 -25 -24 -19 -12 -9 -9 -7 -10 -14 -12 -14 -17 -20 -20 -20 -20 -20 -20 -20 -20 -20 -20 -20 -20 -19 -17 -14 -11 -10 -11 -13 -15 -15 -15 -14 -12 -9 -5 1 12 22 30 46 62
-30 -29 -30 -31 -31 -31 -31 -31 -30 -30 -30 -30 -30 -30 -30 -30 -30 -29 -28 -27 -26 -27 -27 -28 -28 -29 -29 -29 -29 -28 -28 -27 -27 -26 -26 -26 -26 -26 -26 -26 -25 -25 -25 -24 -24 -23 -23 -25 -26 -26 -26 -25 -25 -21 -13 -7 -5 -2 -1 -5 -10 -11 -12 -16 -18 -18 -19 -20 -19 -19 -19 -19 -19 -19 -19 -19 -18 -16 -12 -7 -6 -7 -5 -4 -5 -6 -5 -3 2 8 14 22 28 38 56 71
-30 -30 -30 -31 -31 -31 -31 -30 -29 -29 -30 -30 -30 -30 -30 -30 -30 -29 -28 -27 -26 -26 -27 -27 -28 -28 -29 -29 -29 -28 -28 -27 -27 -26 -26 -26 -26 -26 -26 -26 -26 -25 -25 -25 -24 -24 -25 -26 -26 -26 -26 -25 -24 -17 -7 -1 2 3 5 3 -4 -10 -12 -15 -16 -16 -18 -19 -19 -19 -19 -19 -19 -19 -18 -16 -15 -13 -8 -3 -2 -1 2 5 6 5 5 9 17 21 24 27 32 41 60 76
-30 -30 -30 -31 -31 -31 -30 -29 -29 -29 -30 -30 -30 -30 -30 -30 -30 -29 -29 -28 -27 -26 -27 -27 -28 -28 -29 -29 -29 -28 -28 -27 -27 -26 -26 -26 -26 -26 -26 -26 -26 -25 -25 -25 -25 -25 -25 -26 -26 -26 -26 -25 -22 -15 -5 2 6 8 11 9 0 -5 -9 -10 -13 -16 -18 -18 -18 -18 -18 -18 -19 -18 -16 -13 -11 -10 -7 -2 1 5 8 9 11 14 16 20 24 25 27 30 37 48 61 75
-30 -30 -30 -31 -31 -31 -30 -29 -29 -29 -29 -30 -30 -29 -29 -30 -30 -29 -29 -28 -27 -26 -27 -27 -27 -28 -28 -29 -29 -28 -28 -27 -27 -26 -26 -26 -26 -26 -26 -26 -26 -26 -25 -25 -25 -25 -25 -26 -26 -26 -25 -25 -23 -17 -9 -5 -2 2 9 10 5 2 3 3 -4 -12 -16 -18 -18 -17 -17 -18 -18 -16 -14 -12 -10 -8 -4 0 6 10 14 16 18 21 25 31 31 31 34 37 42 50 60 68
-30 -30 -30 -31 -31 -31 -30 -29 -29 -29 -29 -30 -30 -29 -29 -29 -29 -29 -29 -29 -28 -27 -27 -27 -27 -28 -28 -29 -29 -28 -28 -27 -27 -26 -26 -26 -26 -26 -26 -26 -26 -26 -25 -25 -25 -25 -26 -26 -26 -26 -25 -25 -23 -17 -10 -9 -7 -3 3 9 13 14 17 17 6 -5 -11 -15 -17 -17 -17 -16 -16 -14 -12 -9 -7 -3 2 5 10 16 21 25 29 31 36 43 42 39 39 41 46 51 58 64
-30 -30 -30 -30 -31 -31 -30 -30 -29 -29 -29 -29 -30 -29 -29 -29 -29 -29 -29 -29 -28 -28 -27 -27 -27 -28 -28 -29 -29 -28 -28 -27 -27 -26 -26 -25 -25 -26 -26 -26 -26 -26 -25 -25 -25 -25 -25 -26 -26 -25 -26 -25 -24 -20 -13 -8 -6 -6 -3 3 8 10 13 10 1 -5 -9 -13 -16 -16 -16 -16 -15 -12 -8 -4 -2 3 9 12 19 27 30 35 40 45 48 55 57 52 48 51 57 61 66 72
-30 -30 -30 -30 -31 -31 -30 -30 -30 -29 -29 -29 -29 -29 -29 -29 -28 -29 -29 -29 -28 -28 -27 -27 -27 -27 -28 -28 -28 -28 -27 -27 -26 -26 -25 -25 -25 -26 -26 -26 -26 -26 -25 -25 -25 -25 -25 -25 -25 -25 -25 -25 -24 -23 -19 -12 -7 -4 -3 0 3 2 1 -2 -6 -8 -9 -13 -14 -15 -15 -14 -13 -10 -6 -3 0 8 16 17 19 26 32 41 45 49 55 61 64 63 60 63 70 69 69 70
-31 -30 -30 -29 -30 -30 -30 -30 -30 -30 -29 -29 -29 -29 -29 -29 -28 -28 -28 -28 -28 -28 -28 -27 -27 -27 -27 -27 -27 -27 -27 -26 -26 -26 -25 -25 -25 -26 -26 -26 -26 -25 -25 -25 -25 -25 -25 -25 -25 -25 -25 -25 -25 -24 -22 -14 -9 -5 -5 -7 -8 -8 -7 -5 -6 -5 -4 -9 -13 -14 -13 -13 -11 -6 -2 1 5 11 16 15 18 23 32 39 45 55 63 65 66 68 68 67 74 82 82 76
-31 -30 -30 -29 -29 -30 -30 -30 -30 -30 -30 -29 -29 -29 -29 -29 -28 -28 -28 -28 -28 -28 -28 -28 -27 -27 -27 -27 -27 -26 -26 -26 -26 -25 -25 -25 -25 -25 -26 -26 -25 -25 -25 -25 -25 -25 -25 -25 -25 -25 -25 -25 -25 -25 -24 -22 -19 -16 -13 -12 -16 -16 -13 -8 -7 -7 -6 -10 -13 -14 -14 -11 -8 -3 3 7 10 12 14 18 25 30 30 35 46 60 65 67 69 71 69 68 71 81 86 86
-31 -30 -30 -30 -29 -29 -30 -30 -30 -30 -30 -29 -29 -29 -29 -29 -29 -28 -28 -28 -28 -28 -28 -28 -27 -27 -26 -26 -26 -26 -26 -25 -25 -25 -25 -25 -25 -25 -25 -25 -25 -25 -25 -25 -25 -25 -26 -26 -26 -26 -26 -26 -26 -26 -26 -25 -24 -24 -21 -20 -21 -19 -17 -14 -15 -16 -16 -16 -14 -14 -13 -11 -9 -4 1 7 12 14 17 22 28 30 29 34 44 55 59 63 64 67 68 68 69 77 82 83
-31 -30 -30 -30 -30 -29 -29 -29 -30 -30 -29 -29 -29 -29 -29 -29 -29 -28 -28 -28 -28 -28 -28 -28 -27 -27 -26 -25 -25 -25 -25 -25 -25 -25 -25 -25 -25 -25 -25 -25 -25 -25 -25 -25 -25 -25 -25 -26 -26 -26 -25 -25 -25 -25 -26 -25 -25 -24 -24 -24 -22 -21 -20 -20 -21 -20 -20 -19 -17 -15 -14 -12 -9 -5 0 7 16 22 26 29 31 31 30 35 44 50 53 55 56 58 60 60 62 69 75 78
-30 -30 -30 -30 -30 -30 -29 -29 -30 -30 -29 -29 -29 -29 -29 -29 -29 -28 -28 -28 -28 -28 -28 -28 -27 -27 -26 -25 -25 -25 -25 -25 -25 -25 -25 -25 -25 -25 -25 -25 -25 -25 -25 -25 -25 -25 -25 -25 -25 -25 -25 -25 -24 -25 -25 -24 -24 -24 -24 -24 -24 -23 -23 -23 -22 -21 -21 -21 -19 -17 -14 -11 -9 -5 1 8 16 24 30 31 31 30 31 36 46 49 47 47 51 53 53 54 59 65 71 74
-30 -30 -30 -30 -30 -30 -30 -30 -29 -29 -29 -29 -29 -29 -29 -29 -29 -28 -28 -28 -28 -28 -28 -28 -27 -27 -26 -25 -25 -25 -24 -24 -24 -25 -25 -25 -25 -25 -25 -25 -25 -25 -25 -25 -25 -25 -25 -25 -25 -25 -24 -24 -24 -24 -24 -24 -24 -24 -24 -24 -24 -23 -23 -23 -22 -22 -21 -21 -20 -18 -15 -11 -8 -4 1 7 17 25 28 28 26 27 28 31 35 38 41 43 46 53 57 57 58 60 61 62
-30 -30 -30 -30 -30 -30 -30 -30 -29 -29 -29 -29 -29 -29 -29 -29 -29 -28 -28 -28 -28 -28 -28 -28 -27 -27 -26 -26 -25 -25 -24 -24 -24 -25 -25 -25 -25 -25 -25 -25 -25 -25 -25 -25 -25 -25 -25 -25 -25 -24 -24 -24 -24 -24 -24 -24 -24 -24 -24 -24 -24 -23 -23 -23 -22 -22 -22 -21 -21 -20 -16 -11 -10 -6 1 10 19 23 22 21 21 22 23 25 26 29 34 38 41 44 47 49 50 50 49 47
-30 -30 -30 -30 -30 -30 -30 -30 -29 -29 -29 -29 -29 -29 -29 -29 -28 -28 -28 -28 -28 -28 -28 -27 -27 -27 -27 -26 -25 -25 -25 -25 -25 -25 -25 -25 -26 -25 -25 -25 -25 -25 -24 -25 -25 -25 -25 -25 -25 -24 -24 -24 -24 -24 -23 -23 -23 -24 -24 -23 -23 -23 -23 -23 -23 -23 -22 -21 -21 -20 -18 -15 -14 -10 -2 10 18 19 18 18 19 19 21 22 24 28 30 32 33 32 34 39 39 37 38 38
-31 -30 -30 -30 -30 -30 -30 -30 -29 -29 -29 -29 -29 -29 -29 -28 -28 -28 -28 -28 -28 -28 -28 -27 -27 -27 -27 -26 -26 -25 -25 -25 -25 -25 -25 -26 -26 -26 -25 -25 -25 -25 -24 -25 -25 -25 -25 -25 -25 -25 -24 -24 -24 -24 -24 -23 -23 -23 -24 -24 -24 -24 -23 -23 -23 -23 -22 -22 -21 -21 -20 -19 -17 -14 -9 -1 5 8 11 13 13 15 18 19 21 23 23 22 23 23 24 27 29 31 34 37
-31 -31 -30 -30 -30 -30 -30 -30 -29 -29 -29 -29 -29 -29 -29 -28 -28 -28 -28 -28 -28 -28 -28 -27 -27 -27 -27 -26 -26 -26 -25 -25 -25 -25 -25 -26 -26 -25 -25 -25 -25 -25 -25 -25 -25 -25 -25 -25 -25 -25 -24 -24 -24 -24 -24 -24 -23 -23 -24 -24 -24 -24 -23 -23 -23 -23 -23 -22 -22 -21 -21 -21 -19 -16 -13 -10 -6 -1 3 5 4 5 9 12 14 14 14 14 17 19 23 29 30 32 36 41
