data/unprocessed_DEMs/150_150_15525.asc
ncols        150
nrows        150
xllcorner    12.312500000000
yllcorner    56.145833333333
cellsize     0.004166666667
NODATA_value -32767
[rows 92 to 137 of 150, columns 0 to 95 of 150]
-31 -30 -30 -30 -30 -30 -30 -30 -29 -29 -29 -29 -29 -29 -29 -28 -28 -28 -28 -28 -28 -28 -28 -27 -27 -27 -27 -27 -26 -26 -26 -26 -25 -25 -25 -25 -25 -25 -25 -25 -25 -25 -25 -25 -25 -25 -25 -25 -24 -24 -24 -24 -24 -24 -24 -24 -23 -23 -23 -24 -24 -24 -23 -23 -23 -23 -23 -23 -22 -22 -22 -22 -21 -19 -17 -15 -12 -8 -7 -5 -4 -3 0 4 5 5 7 8 10 12 16 19 19 24 32 36
-31 -30 -30 -30 -30 -30 -30 -30 -29 -29 -29 -29 -29 -29 -29 -28 -28 -28 -28 -28 -28 -28 -27 -27 -27 -27 -27 -27 -26 -26 -26 -26 -26 -25 -25 -25 -25 -25 -25 -25 -25 -25 -25 -25 -25 -25 -25 -25 -25 -25 -24 -24 -24 -24 -24 -24 -24 -23 -23 -23 -23 -23 -23 -23 -22 -22 -22 -22 -22 -22 -22 -22 -21 -21 -19 -16 -14 -12 -11 -11 -10 -8 -6 -4 -3 -2 -1 0 1 2 6 10 13 19 23 25
-31 -30 -30 -30 -30 -30 -30 -30 -29 -29 -29 -29 -29 -29 -29 -28 -28 -28 -28 -28 -28 -28 -27 -27 -27 -27 -27 -27 -26 -26 -26 -26 -26 -26 -25 -25 -25 -25 -25 -25 -25 -25 -25 -25 -25 -25 -25 -25 -25 -25 -24 -24 -24 -24 -24 -24 -23 -23 -23 -23 -23 -23 -23 -23 -22 -22 -22 -22 -22 -22 -21 -21 -21 -21 -20 -17 -15 -15 -15 -14 -13 -12 -11 -10 -9 -9 -8 -7 -5 -3 0 5 13 17 18 21
-31 -30 -30 -30 -30 -30 -30 -30 -29 -29 -29 -29 -29 -29 -29 -28 -28 -28 -28 -28 -28 -28 -27 -27 -27 -27 -27 -27 -26 -26 -26 -26 -26 -25 -25 -25 -25 -25 -25 -25 -25 -25 -25 -25 -25 -25 -25 -25 -25 -24 -24 -24 -24 -24 -24 -24 -24 -24 -23 -23 -23 -23 -23 -23 -22 -22 -22 -22 -22 -22 -21 -21 -21 -21 -20 -19 -18 -18 -17 -15 -13 -13 -14 -14 -13 -12 -12 -12 -10 -7 -5 -2 2 6 9 15
-31 -30 -30 -30 -30 -30 -30 -29 -29 -29 -29 -29 -29 -29 -29 -28 -28 -28 -28 -28 -28 -28 -27 -27 -27 -27 -27 -27 -26 -26 -26 -25 -25 -25 -25 -25 -24 -24 -24 -25 -25 -25 -25 -25 -25 -24 -24 -24 -24 -24 -24 -24 -24 -24 -24 -24 -24 -24 -24 -24 -23 -23 -23 -23 -22 -22 -22 -22 -22 -22 -22 -21 -21 -21 -21 -20 -20 -20 -19 -17 -15 -15 -16 -16 -16 -15 -15 -14 -12 -10 -8 -6 -4 0 5 11
-30 -30 -30 -30 -30 -30 -30 -29 -29 -29 -29 -29 -29 -29 -29 -28 -28 -28 -28 -28 -28 -28 -27 -27 -27 -27 -27 -27 -26 -26 -25 -25 -25 -25 -24 -24 -24 -24 -24 -24 -25 -25 -25 -25 -25 -25 -25 -24 -24 -24 -24 -24 -24 -24 -24 -24 -24 -24 -24 -23 -23 -23 -23 -23 -22 -22 -22 -22 -22 -22 -21 -21 -21 -21 -21 -21 -21 -20 -20 -19 -19 -18 -18 -18 -17 -17 -17 -16 -14 -11 -8 -7 -5 -4 -1 1
-30 -30 -30 -30 -30 -30 -29 -29 -29 -29 -29 -29 -29 -29 -28 -28 -28 -28 -28 -28 -28 -28 -27 -27 -27 -27 -27 -27 -26 -25 -25 -24 -24 -24 -24 -24 -23 -23 -23 -23 -24 -25 -25 -25 -25 -25 -25 -25 -25 -25 -24 -24 -24 -24 -24 -24 -23 -24 -23 -23 -23 -23 -23 -23 -23 -23 -22 -22 -22 -21 -21 -21 -21 -21 -21 -21 -20 -20 -20 -20 -19 -19 -19 -18 -18 -18 -18 -17 -15 -12 -10 -9 -8 -8 -8 -7
-30 -30 -30 -30 -30 -30 -29 -29 -29 -29 -29 -29 -29 -28 -28 -28 -28 -28 -28 -28 -28 -28 -27 -27 -27 -27 -27 -27 -26 -25 -24 -24 -24 -24 -24 -24 -23 -22 -22 -22 -23 -25 -25 -25 -25 -25 -25 -25 -25 -25 -24 -24 -24 -24 -24 -24 -23 -23 -23 -23 -23 -23 -23 -23 -23 -23 -22 -22 -22 -22 -22 -22 -21 -21 -21 -20 -20 -20 -20 -20 -19 -19 -19 -18 -18 -18 -18 -17 -16 -14 -14 -13 -13 -12 -11 -11
-30 -30 -30 -30 -30 -30 -29 -29 -29 -29 -29 -29 -29 -28 -28 -28 -28 -28 -28 -28 -28 -27 -27 -27 -27 -27 -27 -27 -26 -25 -23 -23 -24 -24 -24 -24 -23 -22 -21 -20 -22 -24 -25 -25 -25 -25 -25 -25 -25 -25 -24 -24 -24 -24 -24 -24 -24 -24 -23 -23 -23 -23 -23 -23 -22 -22 -22 -22 -22 -22 -22 -22 -21 -21 -21 -21 -20 -20 -20 -20 -20 -19 -19 -18 -18 -18 -18 -17 -17 -16 -15 -14 -14 -14 -13 -13
-30 -30 -30 -30 -30 -29 -29 -29 -29 -29 -29 -29 -29 -28 -28 -28 -28 -28 -28 -28 -28 -27 -27 -27 -27 -27 -27 -27 -27 -25 -24 -24 -24 -24 -24 -24 -24 -23 -21 -19 -21 -24 -25 -25 -25 -25 -25 -25 -25 -25 -25 -24 -24 -24 -24 -24 -24 -24 -23 -23 -23 -23 -23 -23 -22 -22 -22 -22 -22 -22 -22 -22 -22 -21 -21 -21 -21 -20 -20 -20 -20 -20 -19 -19 -18 -18 -18 -17 -16 -16 -14 -11 -12 -14 -13 -11
-30 -30 -30 -30 -29 -29 -29 -29 -29 -29 -29 -29 -29 -28 -28 -28 -28 -28 -28 -28 -28 -27 -27 -27 -27 -27 -27 -27 -27 -26 -25 -25 -25 -25 -25 -25 -25 -24 -23 -23 -24 -25 -25 -25 -25 -25 -24 -24 -25 -25 -25 -24 -24 -24 -24 -24 -24 -24 -24 -23 -23 -23 -23 -23 -23 -22 -22 -22 -22 -21 -22 -22 -21 -21 -21 -21 -21 -20 -20 -20 -20 -20 -19 -19 -18 -17 -16 -16 -16 -15 -14 -13 -13 -13 -11 -10
-30 -30 -30 -29 -29 -29 -29 -29 -29 -29 -29 -28 -28 -28 -28 -28 -28 -28 -28 -28 -28 -27 -27 -27 -27 -27 -27 -27 -27 -27 -26 -26 -25 -25 -26 -26 -26 -25 -25 -25 -25 -25 -25 -25 -25 -25 -25 -24 -24 -24 -24 -24 -24 -24 -24 -24 -24 -24 -24 -23 -23 -23 -23 -23 -23 -22 -22 -22 -22 -21 -21 -21 -21 -21 -21 -20 -20 -20 -20 -20 -20 -20 -20 -20 -19 -18 -18 -17 -15 -14 -13 -14 -14 -13 -12 -11
-30 -30 -30 -29 -29 -29 -29 -29 -29 -29 -28 -28 -28 -28 -28 -28 -28 -28 -28 -28 -28 -27 -27 -27 -27 -27 -27 -27 -27 -27 -26 -26 -26 -26 -26 -26 -26 -25 -25 -25 -25 -25 -24 -24 -25 -25 -25 -25 -24 -24 -24 -24 -24 -24 -24 -23 -24 -24 -24 -23 -23 -23 -23 -23 -23 -23 -22 -22 -22 -22 -22 -21 -21 -21 -20 -20 -20 -20 -20 -20 -20 -20 -20 -20 -19 -19 -19 -18 -17 -17 -16 -15 -15 -12 -9 -10
-30 -30 -29 -29 -29 -29 -29 -29 -29 -28 -28 -28 -28 -28 -28 -28 -28 -28 -28 -28 -27 -27 -27 -27 -27 -27 -27 -27 -27 -27 -27 -26 -26 -26 -26 -26 -25 -25 -25 -25 -25 -25 -24 -24 -24 -24 -24 -24 -24 -24 -24 -24 -24 -24 -24 -23 -23 -23 -23 -23 -23 -23 -23 -23 -23 -23 -23 -22 -22 -22 -22 -22 -21 -21 -21 -21 -20 -20 -20 -20 -20 -19 -19 -19 -19 -19 -19 -18 -18 -18 -18 -17 -16 -14 -12 -11
-29 -29 -29 -29 -29 -29 -29 -29 -28 -28 -28 -28 -28 -28 -28 -28 -28 -28 -28 -27 -27 -27 -27 -27 -27 -27 -27 -27 -27 -27 -27 -26 -26 -25 -25 -25 -25 -25 -24 -24 -24 -24 -24 -24 -24 -24 -24 -24 -24 -24 -24 -24 -24 -24 -24 -23 -23 -23 -23 -23 -23 -23 -23 -23 -23 -23 -23 -22 -22 -22 -22 -22 -21 -21 -21 -21 -21 -20 -20 -20 -20 -19 -19 -19 -18 -18 -18 -18 -18 -18 -17 -17 -17 -16 -15 -14
-29 -29 -29 -29 -29 -29 -29 -28 -28 -28 -28 -28 -28 -28 -28 -28 -28 -27 -27 -27 -27 -27 -27 -27 -27 -27 -27 -27 -27 -27 -27 -26 -26 -25 -25 -26 -26 -26 -25 -25 -24 -24 -24 -24 -24 -24 -24 -24 -24 -24 -23 -23 -23 -23 -23 -23 -23 -23 -23 -23 -23 -23 -22 -22 -22 -22 -22 -22 -22 -22 -22 -21 -21 -21 -21 -21 -21 -20 -20 -20 -19 -19 -19 -19 -18 -18 -18 -18 -18 -18 -17 -17 -17 -17 -16 -15
-29 -29 -29 -29 -29 -29 -28 -28 -28 -28 -28 -28 -28 -28 -28 -27 -27 -27 -27 -27 -27 -27 -27 -27 -27 -27 -28 -28 -28 -28 -27 -27 -26 -26 -26 -26 -26 -26 -25 -25 -25 -25 -25 -24 -24 -24 -24 -23 -23 -23 -23 -23 -23 -23 -23 -23 -23 -23 -23 -23 -23 -23 -22 -22 -22 -22 -22 -22 -21 -21 -21 -21 -21 -21 -21 -21 -20 -20 -20 -20 -19 -19 -19 -19 -19 -18 -18 -17 -17 -17 -17 -17 -16 -16 -16 -15
-29 -29 -29 -29 -29 -28 -28 -28 -28 -28 -28 -28 -28 -27 -27 -27 -27 -27 -27 -27 -27 -27 -27 -27 -27 -28 -28 -28 -28 -28 -28 -28 -27 -27 -27 -26 -26 -25 -25 -25 -25 -25 -25 -25 -24 -24 -24 -24 -24 -23 -23 -23 -23 -23 -23 -23 -23 -23 -23 -22 -22 -22 -22 -22 -22 -22 -22 -22 -21 -21 -21 -21 -21 -21 -21 -20 -20 -20 -20 -20 -20 -19 -19 -19 -19 -18 -18 -17 -17 -17 -17 -17 -16 -16 -16 -15
-29 -29 -29 -28 -28 -28 -28 -28 -28 -28 -28 -28 -27 -27 -27 -27 -27 -27 -27 -27 -27 -27 -27 -27 -27 -28 -28 -28 -28 -28 -29 -29 -29 -28 -27 -26 -25 -25 -24 -24 -25 -25 -25 -25 -25 -25 -24 -24 -24 -24 -24 -23 -23 -23 -22 -22 -22 -22 -22 -22 -22 -22 -22 -22 -22 -22 -22 -22 -21 -21 -21 -21 -21 -21 -20 -20 -20 -20 -20 -20 -20 -19 -19 -19 -19 -18 -18 -18 -17 -17 -17 -17 -16 -16 -16 -16
-29 -29 -28 -28 -28 -28 -28 -28 -28 -28 -28 -27 -27 -27 -27 -27 -27 -27 -27 -27 -27 -27 -27 -27 -27 -27 -28 -28 -28 -29 -29 -28 -25 -23 -23 -22 -20 -21 -21 -21 -22 -23 -24 -24 -25 -25 -24 -24 -24 -24 -24 -24 -23 -23 -23 -23 -22 -22 -22 -22 -22 -22 -22 -22 -22 -22 -21 -21 -21 -21 -21 -21 -21 -21 -20 -20 -20 -20 -20 -19 -19 -19 -19 -19 -19 -18 -18 -18 -18 -17 -17 -16 -16 -16 -16 -16
-28 -28 -28 -28 -28 -28 -28 -28 -28 -27 -27 -27 -27 -27 -27 -27 -27 -27 -27 -27 -27 -27 -27 -27 -27 -27 -27 -28 -28 -29 -29 -23 -12 -2 11 26 23 7 -6 -8 -12 -15 -16 -19 -21 -23 -24 -24 -24 -24 -24 -24 -24 -24 -23 -23 -23 -23 -23 -22 -22 -22 -22 -21 -21 -21 -21 -21 -21 -21 -20 -20 -20 -20 -20 -20 -20 -20 -20 -19 -19 -19 -19 -19 -18 -18 -18 -18 -17 -17 -17 -17 -16 -16 -16 -16
-28 -28 -28 -28 -28 -28 -28 -27 -27 -27 -27 -27 -27 -27 -27 -27 -26 -26 -26 -26 -26 -26 -26 -26 -26 -27 -27 -27 -27 -28 -28 -27 -17 -6 21 56 67 54 45 43 35 24 26 35 22 -2 -11 -12 -18 -21 -22 -23 -24 -24 -23 -23 -23 -23 -23 -23 -22 -22 -22 -21 -21 -21 -21 -21 -21 -21 -21 -20 -20 -20 -20 -20 -19 -19 -19 -19 -19 -19 -19 -18 -18 -18 -18 -17 -17 -17 -17 -17 -16 -16 -16 -16
-28 -28 -28 -28 -28 -28 -27 -27 -27 -27 -27 -27 -27 -27 -27 -26 -26 -26 -26 -26 -26 -26 -26 -26 -26 -26 -26 -26 -26 -26 -27 -27 -25 -22 -12 12 30 47 50 66 80 74 87 101 101 87 76 73 49 19 2 -6 -18 -22 -23 -23 -23 -23 -23 -23 -23 -22 -22 -22 -22 -21 -21 -21 -21 -21 -21 -20 -20 -20 -20 -20 -19 -19 -19 -19 -19 -19 -18 -18 -18 -18 -18 -17 -17 -17 -16 -16 -16 -16 -16 -16
-28 -28 -28 -28 -27 -27 -27 -27 -27 -27 -27 -27 -27 -26 -26 -26 -26 -26 -26 -26 -26 -26 -26 -26 -26 -26 -26 -26 -26 -25 -25 -25 -25 -25 -24 -22 -15 -6 -2 11 17 18 42 73 90 96 105 120 127 112 98 84 38 9 -3 -15 -20 -22 -22 -22 -22 -22 -22 -22 -22 -22 -21 -21 -21 -21 -20 -20 -20 -20 -19 -19 -19 -19 -19 -19 -19 -18 -18 -18 -18 -18 -17 -17 -17 -17 -16 -16 -16 -16 -15 -15
-28 -28 -27 -27 -27 -27 -27 -27 -27 -27 -27 -26 -26 -26 -26 -26 -26 -26 -26 -26 -26 -25 -25 -25 -25 -25 -25 -25 -25 -25 -25 -25 -24 -24 -24 -24 -23 -22 -20 -17 -14 -8 5 30 51 67 75 82 97 106 118 130 118 106 89 62 38 10 -13 -19 -20 -21 -22 -22 -21 -21 -21 -21 -21 -21 -20 -20 -20 -20 -19 -19 -19 -19 -18 -18 -18 -18 -18 -18 -18 -17 -17 -17 -17 -17 -16 -16 -16 -16 -15 -15
-27 -27 -27 -27 -27 -27 -27 -27 -27 -26 -26 -26 -26 -26 -26 -26 -26 -26 -26 -25 -25 -25 -25 -25 -25 -25 -25 -25 -24 -24 -24 -24 -24 -24 -23 -23 -23 -23 -22 -21 -18 -14 -8 0 13 31 38 47 66 75 76 83 98 106 120 133 118 71 29 4 -6 -13 -18 -21 -20 -20 -20 -20 -20 -20 -20 -20 -20 -19 -19 -19 -19 -19 -18 -18 -18 -18 -18 -17 -17 -17 -17 -17 -17 -16 -16 -16 -16 -15 -15 -15
-27 -27 -27 -27 -27 -27 -27 -27 -26 -26 -26 -26 -26 -26 -26 -26 -26 -25 -25 -25 -25 -25 -25 -25 -25 -24 -24 -24 -24 -24 -24 -24 -24 -23 -23 -23 -23 -23 -22 -21 -19 -17 -14 -8 -1 8 15 21 34 52 61 62 68 75 85 96 96 84 65 44 25 13 3 -9 -13 -13 -15 -17 -18 -18 -19 -19 -19 -19 -19 -19 -19 -18 -18 -18 -18 -17 -17 -17 -17 -17 -17 -17 -16 -16 -16 -16 -15 -15 -15 -15
-27 -27 -27 -27 -27 -27 -26 -26 -26 -26 -26 -26 -26 -26 -26 -25 -25 -25 -25 -25 -25 -25 -25 -24 -24 -24 -24 -24 -24 -24 -24 -23 -23 -23 -23 -23 -23 -23 -22 -22 -20 -18 -16 -12 -7 0 7 11 14 20 26 32 39 45 48 55 61 65 64 59 54 48 38 26 12 4 3 -2 -10 -13 -16 -17 -18 -18 -18 -18 -18 -18 -18 -18 -17 -17 -17 -17 -17 -17 -16 -16 -16 -16 -15 -15 -15 -15 -15 -14
-27 -27 -27 -27 -26 -26 -26 -26 -26 -26 -26 -26 -26 -26 -25 -25 -25 -25 -25 -25 -25 -25 -24 -24 -24 -24 -24 -24 -24 -24 -23 -23 -23 -23 -23 -23 -23 -22 -22 -22 -20 -18 -16 -14 -11 -4 1 7 11 13 19 28 33 36 41 46 50 55 56 54 55 56 55 49 38 33 33 23 9 -1 -8 -11 -14 -16 -16 -15 -16 -16 -17 -17 -17 -16 -17 -17 -17 -16 -16 -16 -16 -15 -15 -15 -15 -14 -14 -14
-27 -27 -26 -26 -26 -26 -26 -26 -26 -26 -26 -26 -25 -25 -25 -25 -25 -25 -25 -25 -24 -24 -24 -24 -24 -23 -24 -24 -24 -23 -23 -23 -23 -23 -23 -23 -23 -22 -22 -22 -20 -19 -18 -16 -13 -9 -4 1 7 10 14 23 32 35 37 41 45 47 47 48 48 47 46 45 44 44 45 44 35 22 13 8 3 -2 -5 -8 -12 -13 -14 -15 -15 -15 -15 -16 -16 -16 -16 -16 -16 -15 -15 -15 -15 -14 -14 -14
-26 -26 -26 -26 -26 -26 -26 -26 -26 -26 -26 -25 -25 -25 -25 -25 -25 -25 -25 -25 -24 -24 -24 -24 -24 -24 -24 -24 -24 -23 -23 -23 -23 -23 -23 -23 -23 -23 -22 -21 -20 -19 -18 -16 -15 -12 -10 -7 -1 4 11 22 32 35 37 41 44 42 39 41 44 46 46 40 38 40 43 44 42 41 39 38 36 35 28 16 8 0 -7 -9 -9 -11 -12 -13 -14 -15 -15 -15 -15 -15 -15 -15 -14 -14 -14 -14
-26 -26 -26 -26 -26 -26 -26 -26 -26 -26 -25 -25 -25 -25 -25 -25 -25 -25 -25 -24 -24 -24 -24 -24 -24 -24 -24 -24 -24 -23 -23 -23 -23 -23 -23 -23 -23 -23 -22 -21 -19 -18 -17 -16 -15 -12 -10 -8 -5 -1 6 14 24 36 40 41 42 39 34 32 37 43 39 30 26 27 30 32 35 37 39 41 42 41 36 31 26 23 16 15 15 11 2 -5 -10 -13 -14 -14 -14 -13 -14 -14 -14 -14 -14 -13
-26 -26 -26 -26 -26 -26 -26 -26 -25 -25 -25 -25 -25 -25 -25 -25 -25 -24 -24 -24 -24 -24 -24 -24 -24 -24 -24 -24 -23 -23 -23 -23 -23 -23 -23 -23 -23 -23 -22 -21 -19 -17 -17 -17 -15 -13 -9 -9 -7 -3 2 9 19 27 32 33 29 26 24 23 28 32 30 25 21 21 22 23 26 27 29 29 31 32 31 31 29 25 25 29 29 24 18 9 -1 -8 -10 -10 -10 -10 -11 -12 -12 -12 -12 -11
-26 -26 -26 -26 -26 -26 -25 -25 -25 -25 -25 -25 -25 -25 -25 -25 -24 -24 -24 -24 -24 -24 -24 -24 -24 -24 -24 -24 -24 -23 -23 -23 -23 -24 -23 -23 -23 -23 -22 -21 -18 -17 -16 -16 -15 -13 -11 -9 -6 -4 -2 3 10 14 17 18 17 17 18 19 20 20 20 19 18 18 18 18 19 20 20 20 21 21 20 21 21 19 20 24 27 27 24 17 9 3 -4 -6 -7 -7 -8 -9 -8 -9 -9 -9
-26 -26 -26 -26 -26 -25 -25 -25 -25 -25 -25 -25 -25 -25 -25 -25 -24 -24 -24 -24 -24 -24 -24 -24 -24 -24 -24 -24 -24 -23 -23 -23 -24 -24 -24 -24 -23 -23 -22 -21 -19 -17 -16 -15 -15 -14 -12 -10 -8 -6 -4 -2 1 7 12 13 13 13 14 15 16 15 15 15 15 15 15 16 15 16 16 17 18 19 18 17 16 16 16 17 21 22 19 16 14 9 0 -3 -5 -6 -6 -5 -5 -6 -6 -6
-26 -26 -25 -25 -25 -25 -25 -25 -25 -25 -25 -25 -25 -25 -25 -24 -24 -24 -24 -24 -24 -24 -24 -24 -24 -24 -24 -24 -24 -24 -23 -23 -24 -24 -24 -24 -24 -23 -22 -20 -19 -18 -17 -15 -14 -13 -11 -9 -7 -6 -5 -4 -2 2 9 12 12 12 11 12 12 13 13 13 13 13 13 13 14 14 14 14 15 16 16 15 15 14 14 14 15 15 14 13 12 10 3 -2 -3 -4 -4 -3 -4 -5 -5 -5
-25 -25 -25 -25 -25 -25 -25 -25 -25 -25 -25 -25 -25 -25 -24 -24 -24 -24 -24 -24 -24 -24 -24 -24 -24 -24 -24 -24 -24 -24 -23 -24 -24 -24 -24 -24 -24 -23 -21 -19 -18 -17 -16 -15 -13 -12 -10 -9 -6 -5 -5 -4 -2 0 6 11 12 11 11 12 12 12 12 12 12 12 12 12 12 12 12 12 12 11 11 12 12 11 12 13 13 13 13 13 11 10 7 5 1 -1 -1 -1 -2 -4 -4 -4
-25 -25 -25 -25 -25 -25 -25 -25 -25 -25 -25 -25 -25 -24 -24 -24 -24 -24 -24 -24 -24 -24 -24 -24 -24 -24 -24 -24 -24 -24 -23 -23 -23 -23 -24 -24 -24 -23 -22 -21 -20 -18 -17 -15 -14 -12 -9 -7 -5 -3 -3 -3 -1 1 4 10 11 10 10 11 12 11 11 12 12 11 11 11 11 11 11 10 10 9 9 9 9 9 10 11 10 10 11 11 11 10 10 10 8 5 2 0 -1 -2 -3 -4
-25 -25 -25 -25 -25 -25 -25 -25 -25 -25 -25 -25 -24 -24 -24 -24 -24 -24 -24 -24 -24 -24 -24 -24 -24 -24 -24 -24 -24 -24 -24 -23 -23 -23 -24 -23 -23 -23 -23 -22 -22 -21 -19 -18 -17 -14 -11 -8 -6 -5 -4 -4 -3 -2 4 10 11 11 10 11 11 11 10 10 11 11 11 11 10 9 9 9 9 9 9 10 10 9 9 10 10 10 10 9 10 9 8 7 5 4 3 0 -1 -1 -2 -3
-25 -25 -25 -25 -25 -25 -25 -25 -25 -25 -25 -24 -24 -24 -24 -24 -24 -24 -24 -24 -24 -24 -24 -24 -24 -24 -24 -24 -24 -24 -24 -23 -23 -23 -23 -23 -23 -23 -23 -22 -22 -21 -21 -20 -18 -16 -14 -11 -9 -6 -5 -5 -5 -3 1 8 10 11 13 14 12 11 10 10 10 10 10 10 9 8 8 8 7 8 8 9 9 9 10 10 10 9 7 5 5 6 8 6 3 2 2 1 0 -1 0 1
-25 -25 -25 -25 -25 -25 -25 -25 -25 -25 -25 -24 -24 -24 -24 -24 -24 -24 -24 -24 -24 -24 -24 -24 -24 -24 -24 -24 -24 -24 -24 -23 -23 -23 -23 -23 -23 -23 -23 -22 -22 -22 -21 -21 -19 -17 -15 -12 -10 -8 -7 -6 -6 -5 -2 5 8 11 14 14 12 11 10 10 10 10 9 9 9 10 9 8 7 7 7 8 7 8 8 9 9 8 5 3 3 5 7 6 4 3 3 2 1 2 3 6
-25 -25 -25 -25 -25 -25 -25 -25 -25 -24 -24 -24 -24 -24 -24 -24 -24 -24 -24 -24 -24 -24 -24 -24 -24 -24 -24 -24 -24 -24 -24 -23 -23 -23 -23 -23 -23 -23 -23 -22 -22 -22 -22 -21 -20 -19 -16 -12 -10 -8 -6 -6 -6 -5 -2 3 7 10 11 12 12 11 11 11 10 10 10 9 10 10 9 9 8 7 7 7 7 8 9 9 9 6 3 3 2 2 2 2 3 3 4 5 4 7 10 10
-24 -25 -25 -25 -25 -25 -25 -25 -24 -24 -24 -24 -24 -25 -24 -24 -24 -24 -24 -24 -24 -24 -24 -24 -24 -24 -24 -24 -24 -24 -24 -24 -23 -23 -23 -23 -23 -23 -23 -22 -22 -22 -22 -21 -21 -20 -16 -11 -8 -8 -7 -6 -5 -3 1 7 9 10 11 12 12 10 10 11 11 9 8 9 9 8 8 8 8 8 7 6 6 7 9 8 5 3 3 2 2 2 2 3 4 4 5 5 6 9 8 8
-24 -24 -24 -24 -24 -24 -24 -24 -24 -24 -24 -24 -24 -24 -24 -24 -24 -24 -24 -24 -24 -24 -24 -24 -24 -24 -24 -24 -24 -24 -24 -24 -24 -23 -23 -23 -23 -23 -23 -22 -22 -22 -22 -21 -21 -20 -16 -11 -8 -9 -8 -6 -5 -3 2 7 10 10 9 10 11 9 7 6 6 5 7 9 9 6 5 5 5 5 6 5 3 3 4 3 2 2 2 2 3 2 2 3 4 4 3 4 4 5 6 6
-24 -24 -24 -24 -24 -24 -24 -24 -24 -24 -24 -24 -24 -24 -24 -24 -24 -24 -24 -24 -24 -24 -24 -24 -24 -24 -24 -24 -24 -24 -24 -24 -24 -24 -23 -23 -23 -23 -23 -23 -22 -22 -22 -21 -21 -19 -17 -12 -8 -8 -8 -6 -4 -4 -1 3 4 4 6 6 6 6 5 5 5 5 6 7 7 6 7 5 4 5 6 5 4 3 2 1 1 2 2 2 3 3 3 5 5 5 4 4 4 5 6 6
-24 -24 -24 -24 -24 -24 -24 -24 -24 -24 -24 -24 -24 -24 -24 -24 -24 -24 -24 -24 -24 -24 -24 -24 -24 -24 -24 -24 -24 -24 -24 -24 -24 -24 -24 -23 -23 -23 -23 -23 -23 -22 -22 -22 -21 -20 -18 -15 -12 -10 -9 -7 -6 -6 -3 -3 -3 0 6 7 6 6 5 5 5 6 5 3 3 6 7 6 5 4 4 4 3 2 1 1 2 2 2 3 3 4 5 8 7 5 5 5 5 6 6 6
