data/unprocessed_DEMs/25_25_542.asc
ncols        25
nrows        25
xllcorner    15.191666666667
yllcorner    38.200000000000
cellsize     0.004166666667
NODATA_value -32767
 -773 -764 -756 -738 -724 -741 -726 -672 -675 -682 -718 -750 -750 -778 -780 -748 -708 -781 -811 -786 -794 -811 -800 -694 -626
 -667 -666 -656 -610 -620 -632 -656 -581 -581 -596 -608 -619 -619 -691 -675 -672 -663 -693 -743 -711 -735 -776 -788 -743 -654
 -563 -541 -519 -494 -491 -519 -548 -518 -484 -491 -529 -506 -542 -572 -569 -571 -595 -648 -659 -606 -657 -714 -777 -767 -668
 -481 -455 -434 -408 -383 -404 -450 -440 -406 -398 -406 -396 -491 -482 -498 -495 -547 -598 -578 -513 -571 -630 -754 -761 -677
 -463 -410 -365 -344 -324 -325 -348 -357 -309 -325 -314 -297 -364 -333 -379 -420 -476 -511 -519 -435 -504 -590 -680 -735 -694
 -382 -379 -368 -334 -314 -286 -235 -219 -224 -210 -205 -185 -182 -164 -266 -314 -376 -415 -428 -374 -451 -518 -634 -708 -710
 -349 -340 -338 -337 -319 -274 -225 -124 -86 -79 -77 -72 -65 -61 -173 -250 -306 -354 -361 -340 -424 -515 -584 -667 -702
 -309 -301 -301 -299 -289 -266 -198 -115 -43 -62 -49 -43 -38 -30 -99 -179 -273 -310 -320 -325 -404 -447 -521 -606 -674
 -333 -269 -259 -249 -230 -212 -176 -91 18 39 37 31 -5 -19 -52 -128 -221 -275 -289 -383 -469 -518 -601 -642 -646
 -364 -299 -249 -223 -204 -166 -121 -93 -58 -19 -13 41 7 -9 -42 -90 -178 -246 -305 -421 -536 -558 -580 -565 -552
 -445 -376 -285 -198 -175 -147 -113 -98 -69 -32 -16 54 50 -2 -16 -76 -138 -224 -328 -445 -527 -487 -473 -514 -511
 -455 -361 -249 -189 -154 -124 -116 -100 -84 -49 -18 77 79 60 -4 -52 -136 -235 -348 -422 -489 -460 -410 -424 -441
 -456 -366 -265 -197 -149 -125 -115 -107 -86 -65 -26 92 97 82 52 -52 -137 -217 -255 -321 -462 -464 -320 -313 -337
 -493 -386 -302 -215 -156 -129 -114 -105 -91 -75 -39 73 77 86 64 -81 -129 -219 -254 -274 -387 -443 -355 -249 -331
 -564 -453 -357 -276 -193 -156 -128 -106 -92 -74 -49 4 28 67 63 -86 -134 -200 -223 -309 -337 -399 -348 -280 -380
 -577 -511 -482 -375 -309 -270 -213 -125 -93 -74 -48 -18 38 60 43 -68 -127 -161 -198 -223 -295 -346 -350 -346 -425
 -659 -618 -574 -477 -452 -372 -287 -209 -108 -75 -49 11 37 48 -35 -58 -95 -128 -150 -167 -225 -314 -324 -346 -389
 -621 -640 -615 -544 -499 -439 -370 -262 -181 -84 -37 29 48 27 -37 -58 -86 -103 -125 -146 -217 -280 -302 -262 -325
 -516 -545 -603 -583 -478 -410 -317 -236 -165 -77 -25 19 22 10 -44 -67 -82 -89 -108 -145 -161 -249 -260 -229 -249
 -419 -474 -542 -572 -514 -397 -298 -188 -90 -54 13 15 10 -35 -54 -70 -77 -84 -93 -112 -174 -182 -162 -187 -183
 -343 -392 -512 -538 -512 -431 -342 -211 -105 -46 13 12 6 -38 -37 -56 -65 -74 -83 -105 -131 -110 -100 -138 -120
 -285 -395 -482 -500 -484 -444 -390 -295 -183 10 11 8 8 -45 -16 -39 -46 -52 -61 -66 -64 -64 -63 -81 -69
 -258 -343 -429 -466 -446 -408 -350 -264 -162 10 7 6 8 7 -23 -52 -48 -12 -16 -25 -41 -42 -41 -42 -42
 -233 -241 -363 -426 -403 -389 -307 -236 -122 8 8 8 9 9 9 7 7 9 9 9 7 8 7 6 5
 -208 -188 -353 -380 -363 -328 -262 -175 8 8 10 12 13 13 14 15 14 14 17 16 13 11 10 9 9
