data/unprocessed_DEMs/50_50_937.asc
ncols        50
nrows        50
xllcorner    26.629166666667
yllcorner    40.287500000000
cellsize     0.004166666667
NODATA_value -32767
 61 83 118 131 123 116 104 107 111 112 110 102 90 78 72 84 94 88 66 82 103 92 92 111 129 125 111 94 69 49 51 36 27 20 10 6 9 11 8 -1 -2 -3 -5 -6 -6 -2 -4 -6 -9 -12
 90 119 139 158 158 148 136 133 134 125 110 100 77 63 77 84 88 72 55 77 72 75 102 121 121 100 98 82 46 32 26 15 9 7 6 5 2 1 -1 -2 -5 -7 -4 -6 -7 -9 -10 -13 -14 -16
 100 128 165 179 167 143 122 113 111 106 87 77 56 56 63 73 81 67 43 48 59 85 106 100 108 86 76 66 30 12 7 5 6 5 -1 -2 -4 -2 -6 -5 -7 -8 -10 -11 -12 -14 -15 -17 -18 -18
 105 126 162 162 143 130 124 101 80 86 84 66 46 48 64 66 51 40 38 47 65 93 96 72 100 95 52 21 7 6 -3 -5 -8 -9 -9 -3 -7 -5 -8 -11 -12 -13 -14 -15 -16 -17 -18 -19 -19 -20
 130 139 148 138 115 100 111 110 82 55 51 43 36 51 55 42 28 36 58 71 87 108 96 54 63 17 4 -6 -8 -3 -3 -3 -5 -7 -9 -10 -10 -12 -14 -15 -16 -16 -16 -17 -18 -19 -19 -20 -20 -21
 105 112 102 96 90 73 86 110 97 70 68 44 28 34 25 24 37 48 57 78 109 106 80 51 13 -3 -7 -6 -8 -11 -13 -12 -13 -15 -18 -17 -16 -17 -17 -17 -18 -18 -18 -19 -20 -20 -20 -21 -21 -23
 63 66 62 75 72 56 73 106 110 93 60 36 22 19 20 29 46 66 77 93 119 108 78 11 -2 -1 -7 -14 -20 -25 -24 -21 -21 -23 -24 -22 -21 -20 -19 -19 -20 -20 -20 -21 -22 -22 -22 -23 -23 -24
 80 55 45 52 50 52 76 104 109 95 70 44 19 22 36 39 43 58 77 95 93 64 9 -1 -3 -7 -17 -27 -32 -35 -34 -31 -30 -31 -30 -28 -25 -24 -23 -22 -23 -24 -24 -25 -25 -24 -24 -25 -25 -26
 107 73 50 40 44 61 77 80 93 84 58 27 19 37 59 67 66 71 78 69 50 7 -2 -2 -6 -16 -28 -37 -39 -40 -39 -39 -38 -38 -37 -34 -31 -28 -27 -26 -26 -27 -28 -29 -29 -28 -28 -28 -28 -28
 116 80 67 44 42 58 59 77 87 68 31 14 23 49 47 30 22 18 22 5 1 -7 -9 -10 -17 -27 -37 -40 -40 -41 -41 -41 -42 -42 -41 -39 -35 -32 -29 -29 -29 -30 -31 -31 -32 -32 -32 -31 -31 -30
 122 98 72 39 35 39 44 61 60 55 24 12 22 23 4 2 -3 -2 -1 -2 -2 -3 -14 -21 -31 -36 -40 -40 -40 -41 -41 -42 -43 -44 -44 -43 -39 -35 -31 -30 -30 -32 -33 -33 -33 -34 -33 -33 -32 -32
 84 81 70 44 31 27 28 32 49 51 24 10 9 3 -2 -6 -7 -3 -10 -16 -18 -21 -27 -33 -39 -40 -40 -40 -40 -42 -42 -44 -46 -47 -47 -47 -45 -39 -34 -32 -33 -35 -34 -34 -34 -35 -35 -34 -34 -34
 101 72 67 65 53 45 31 23 30 43 29 11 9 2 -3 -9 -9 -9 -18 -27 -31 -33 -37 -39 -40 -40 -41 -41 -43 -45 -48 -51 -53 -53 -55 -57 -57 -49 -40 -38 -40 -42 -40 -39 -40 -41 -43 -41 -40 -41
 113 73 55 50 62 73 48 29 20 22 25 16 10 3 -1 -5 -7 -10 -22 -34 -37 -38 -39 -39 -41 -42 -45 -47 -49 -52 -56 -61 -61 -59 -61 -67 -72 -66 -54 -52 -56 -54 -52 -51 -52 -55 -58 -54 -53 -54
 96 80 83 54 45 70 73 51 24 16 15 13 11 10 4 -1 -4 -9 -22 -36 -39 -39 -40 -42 -45 -48 -52 -55 -58 -60 -62 -62 -57 -53 -54 -60 -67 -67 -61 -63 -67 -62 -56 -55 -57 -63 -66 -64 -64 -67
 98 95 82 62 43 39 57 58 47 27 16 14 14 13 9 7 -1 -5 -18 -34 -41 -42 -44 -47 -53 -56 -58 -60 -63 -59 -54 -48 -39 -36 -36 -39 -45 -47 -48 -52 -57 -53 -47 -46 -50 -55 -58 -59 -61 -61
 90 75 58 66 62 32 34 43 46 42 32 26 22 19 11 9 -1 -2 -14 -30 -44 -48 -51 -55 -60 -56 -49 -50 -54 -44 -34 -26 -20 -18 -20 -22 -26 -28 -28 -32 -36 -36 -35 -36 -40 -42 -43 -44 -46 -45
 55 43 33 36 41 30 19 27 39 37 31 26 27 28 24 3 -8 -4 -10 -30 -50 -57 -60 -62 -62 -50 -37 -35 -37 -25 -15 -11 -9 -10 -10 -12 -13 -15 -17 -18 -21 -23 -26 -30 -32 -31 -31 -32 -33 -34
 68 63 49 35 20 20 14 19 34 35 29 21 17 21 16 -13 -22 -4 -12 -34 -58 -64 -64 -63 -57 -46 -32 -25 -19 -11 -8 -7 -7 -7 -8 -8 -8 -9 -11 -12 -13 -16 -20 -24 -25 -25 -25 -25 -25 -26
 79 64 61 43 23 12 8 12 23 30 14 8 -2 -7 -2 -7 -15 -16 -27 -46 -65 -65 -61 -56 -47 -34 -22 -14 -10 -6 -6 -5 -5 -6 -6 -5 -5 -6 -7 -8 -10 -12 -16 -19 -21 -21 -20 -20 -20 -21
 64 47 50 42 19 9 7 8 10 20 29 -1 -1 -6 -12 -27 -38 -43 -51 -61 -66 -58 -51 -44 -33 -19 -11 -8 -6 -4 -3 -3 -3 -3 -3 -3 -3 -4 -5 -4 -6 -8 -12 -14 -16 -16 -15 -14 -14 -14
 54 42 34 36 23 14 11 8 7 9 -1 -1 -1 -2 -20 -41 -56 -59 -60 -60 -55 -45 -36 -30 -23 -13 -7 -5 -4 -2 -1 -1 -2 -2 -1 -2 -2 -6 -4 -2 -4 -6 -6 -8 -9 -10 -9 -8 -8 -7
 37 35 1 -2 -3 -2 -9 -6 -14 -15 -13 -6 -9 -16 -34 -56 -61 -53 -45 -41 -36 -29 -23 -19 -15 -9 -4 1 3 6 5 13 19 19 11 8 5 4 2 -3 -3 -5 -2 -5 -6 -7 -6 -5 -5 -3
 20 -1 -1 -4 -5 -9 -12 -17 -20 -18 -17 -19 -24 -36 -53 -64 -55 -40 -29 -23 -21 -17 -13 -10 -6 4 2 3 4 9 19 23 33 34 16 10 11 14 22 29 10 11 13 10 7 10 5 9 18 36
 11 -1 -6 -6 -10 -19 -26 -28 -31 -32 -35 -41 -49 -56 -63 -61 -48 -31 -19 -13 -8 -10 -8 -5 2 2 3 6 10 20 39 39 41 49 29 14 14 16 24 34 47 68 77 77 44 12 13 22 20 24
 5 -1 -9 -3 -15 -27 -33 -35 -36 -40 -47 -56 -64 -65 -61 -55 -42 -23 -15 -8 4 6 -2 -2 3 3 6 9 19 34 60 66 58 64 53 37 20 18 22 33 45 70 100 78 28 14 25 47 60 53
 1 -6 -9 -11 -21 -33 -35 -36 -39 -44 -51 -60 -65 -62 -56 -47 -33 2 4 -23 -5 1 3 5 5 7 11 17 37 42 60 85 77 95 114 84 35 21 28 47 59 65 77 50 20 24 38 62 92 90
 1 -5 -13 -23 -30 -34 -36 -39 -43 -50 -57 -61 -62 -56 -47 -36 -25 -13 5 -17 4 4 7 9 10 11 18 32 59 66 62 90 117 141 114 72 36 24 35 58 81 92 72 35 21 30 45 67 102 110
 2 -6 -17 -30 -35 -36 -39 -43 -49 -56 -60 -60 -56 -46 -35 -25 -17 -9 3 6 8 9 11 15 21 28 40 48 72 100 99 135 182 178 129 75 37 33 59 90 81 105 87 45 38 35 37 66 85 91
 2 -4 -14 -28 -35 -39 -43 -50 -56 -60 -59 -56 -48 -34 -22 -13 -11 2 3 6 10 13 21 33 35 44 65 90 100 127 163 201 219 190 132 87 42 41 75 113 119 134 110 74 76 66 51 51 63 67
 1 -1 -10 -24 -37 -43 -50 -56 -60 -59 -55 -50 -39 -23 -15 2 4 5 6 11 17 24 32 56 64 73 78 84 112 141 191 214 194 153 104 70 40 40 65 94 130 136 137 123 103 77 57 54 74 95
 -3 -8 -9 -25 -41 -49 -56 -60 -59 -55 -49 -44 -33 3 4 4 5 9 22 43 52 48 55 67 98 128 133 132 174 203 208 206 193 171 127 81 41 44 68 89 95 98 121 114 105 93 65 58 79 86
 -8 -16 -16 -33 -48 -56 -61 -60 -55 -49 -44 -38 -27 2 4 6 8 17 34 60 79 85 109 122 141 177 186 178 195 227 233 224 218 207 139 73 44 56 66 83 91 105 118 136 125 94 86 79 86 111
 -1 -12 -28 -46 -57 -61 -62 -57 -49 -43 -36 -29 -19 -8 5 8 15 26 43 66 101 128 140 148 164 173 156 148 167 207 219 208 183 147 107 66 47 69 94 102 107 135 147 141 115 108 126 101 101 145
 -8 -25 -44 -60 -64 -62 -58 -52 -42 -34 -25 -16 -13 7 10 18 37 56 67 80 103 118 131 121 125 123 107 102 139 182 219 227 206 175 127 77 52 72 93 121 131 173 205 179 133 137 147 105 114 165
 -24 -40 -58 -68 -66 -56 -49 -42 -32 -23 -13 3 5 12 26 46 61 65 76 95 113 122 108 90 90 77 75 95 129 166 204 227 220 175 127 85 56 71 98 108 130 164 215 219 173 175 168 137 130 162
 -39 -55 -66 -68 -59 -44 -36 -27 -18 -10 4 6 9 17 31 37 48 70 84 104 112 88 68 58 55 57 73 100 143 189 204 201 192 152 117 94 64 63 77 94 102 117 149 158 164 183 173 159 139 142
 -56 -66 -66 -58 -46 -32 -24 -14 2 5 7 9 11 13 16 22 35 46 53 65 63 54 45 46 57 75 93 125 168 207 195 177 165 172 160 122 82 84 87 78 78 86 95 126 151 177 200 197 189 181
 -69 -66 -57 -45 -33 -20 -11 3 6 11 11 16 31 38 31 21 22 24 28 33 35 38 40 53 75 99 113 124 158 182 209 192 186 194 177 120 99 142 176 141 114 110 124 128 117 135 139 143 162 209
 -67 -57 -44 -32 -19 4 7 8 18 35 28 27 48 74 81 59 47 39 55 50 45 36 37 45 53 67 81 94 117 151 190 205 214 204 150 102 134 176 211 228 194 187 182 171 145 151 191 181 153 173
 -55 -44 -31 -19 4 8 14 22 33 48 45 47 58 68 83 99 85 59 89 101 71 44 42 57 70 66 75 95 118 141 163 197 195 164 122 114 131 142 175 227 260 259 252 215 180 215 229 196 215 219
 -41 -28 -15 9 13 22 26 29 46 73 78 73 100 103 95 125 118 85 110 125 91 72 51 61 90 102 107 119 140 170 181 163 158 135 132 173 193 178 181 219 290 317 283 222 208 243 238 271 271 250
 -29 5 6 9 17 31 43 50 54 68 84 94 128 147 146 152 156 129 127 120 89 71 57 62 78 112 140 163 177 181 166 151 150 145 173 237 281 279 244 251 319 305 252 243 302 305 267 313 323 290
 -20 5 9 17 21 33 51 68 83 88 94 115 131 163 194 208 201 166 135 112 107 86 81 87 78 99 139 171 191 194 201 200 200 171 186 265 314 355 342 286 330 327 263 292 371 344 315 331 360 344
 4 9 22 41 44 43 54 75 92 111 114 124 146 173 211 244 239 194 154 153 128 114 116 104 109 130 148 184 207 214 232 241 218 173 186 236 302 353 361 351 366 331 309 293 344 362 419 407 415 438
 8 14 33 56 70 76 75 90 110 119 137 159 175 185 215 255 275 232 205 201 154 143 133 135 163 189 197 206 220 234 246 236 227 208 210 224 253 320 360 382 390 394 375 344 354 397 473 499 478 511
 13 22 33 51 78 106 112 119 131 141 164 184 205 224 240 272 297 283 276 241 203 185 165 166 190 225 232 228 228 234 242 257 267 268 261 288 295 291 315 351 373 394 406 397 406 432 474 521 543 570
 31 43 52 59 68 98 140 168 183 179 182 209 228 251 271 296 317 336 336 299 264 236 225 205 210 239 238 227 217 208 219 235 257 293 314 322 336 337 319 318 329 351 358 386 413 442 463 483 492 506
 59 77 91 105 105 103 138 178 202 222 219 234 253 271 290 310 324 344 355 341 302 282 270 249 247 238 221 215 212 200 225 251 277 302 335 344 336 335 283 266 285 299 314 324 334 355 376 390 404 441
 63 95 120 143 163 166 156 171 200 240 267 281 298 310 317 310 296 303 326 324 265 235 236 219 213 218 209 204 202 191 218 243 256 266 292 308 294 308 264 294 321 322 302 287 286 292 308 324 332 349
