processed_DEMs/150_150_17026.asc
ncols        150
nrows        150
xllcorner    1.162500000000
yllcorner    50.687500000000
cellsize     0.004166666667
NODATA_value -32767
[rows 42 to 83 of 150, columns 0 to 94 of 150]
149 149 143 136 130 134 146 148 143 132 120 132 121 85 62 63 71 78 108 122 116 127 132 127 120 120 118 101 87 83 67 39 21 22 23 41 61 95 121 107 74 86 111 98 78 67 52 40 20 14 4 -10 -14 -17 -22 -24 -25 -26 -26 -27 -27 -27 -26 -26 -25 -25 -25 -26 -26 -27 -27 -27 -26 -25 -26 -28 -28 -28 -27 -27 -27 -28 -28 -28 -29 -31 -33 -36 -44 -49 -51 -51 -50 -50 -50
150 149 137 141 150 146 143 142 135 117 94 93 82 71 72 90 111 118 134 130 133 136 134 132 129 122 105 73 63 56 46 42 44 26 13 24 40 76 93 68 56 71 68 36 14 8 -1 -6 -10 -12 -14 -17 -19 -22 -24 -25 -26 -26 -27 -27 -27 -27 -27 -26 -25 -25 -25 -26 -26 -27 -27 -27 -27 -27 -27 -28 -28 -28 -27 -27 -28 -29 -28 -29 -29 -30 -33 -39 -47 -51 -51 -51 -50 -50 -50
153 151 141 144 143 133 112 109 108 102 86 79 83 99 115 130 133 132 127 122 121 124 115 111 103 89 75 80 90 81 68 47 35 27 20 13 10 43 69 40 15 12 7 -2 -7 -9 -11 -13 -15 -17 -19 -21 -23 -24 -25 -25 -26 -26 -26 -27 -26 -26 -26 -26 -25 -25 -25 -26 -27 -27 -28 -28 -28 -28 -28 -28 -28 -29 -29 -28 -29 -30 -30 -30 -31 -35 -41 -47 -51 -51 -50 -50 -50 -50 -50
153 153 149 143 128 129 132 130 104 88 115 119 129 136 135 131 130 133 126 126 124 116 106 93 84 76 83 90 95 84 52 40 48 52 54 41 12 13 8 0 -1 -4 -5 -7 -11 -12 -14 -17 -19 -21 -22 -23 -24 -25 -25 -26 -26 -26 -26 -26 -25 -25 -25 -25 -25 -26 -26 -27 -27 -27 -28 -28 -28 -29 -29 -29 -30 -30 -30 -31 -32 -34 -35 -36 -40 -45 -49 -52 -52 -51 -51 -50 -50 -50 -50
156 159 151 144 137 131 122 110 91 106 139 141 142 140 137 136 137 136 133 131 120 97 91 87 86 102 101 85 76 63 58 94 107 89 32 9 2 0 -2 -5 -7 -9 -9 -9 -13 -15 -17 -19 -20 -22 -23 -24 -25 -26 -26 -26 -26 -26 -26 -25 -25 -25 -25 -25 -26 -26 -27 -27 -27 -27 -28 -28 -29 -29 -30 -30 -31 -32 -33 -34 -36 -38 -41 -44 -47 -50 -52 -51 -51 -52 -51 -51 -50 -50 -50
156 161 153 142 138 135 116 94 97 116 126 142 147 144 143 140 138 134 125 116 116 124 125 119 108 98 86 78 72 74 92 103 85 63 21 2 -1 -1 -5 -9 -8 -9 -10 -13 -15 -17 -19 -20 -21 -22 -24 -25 -26 -27 -27 -26 -26 -26 -25 -25 -25 -25 -26 -26 -26 -27 -27 -28 -28 -28 -28 -29 -30 -30 -31 -32 -33 -34 -36 -38 -41 -44 -46 -48 -50 -52 -52 -52 -52 -51 -51 -51 -50 -50 -50
146 142 128 112 109 114 115 108 110 112 135 151 152 148 144 141 135 125 131 136 130 116 102 111 120 120 118 103 69 54 53 45 15 2 -6 -10 -11 -7 -8 -10 -11 -13 -14 -16 -17 -19 -20 -21 -22 -23 -24 -25 -26 -27 -27 -26 -25 -25 -25 -25 -25 -26 -26 -27 -27 -28 -28 -28 -28 -28 -29 -30 -30 -31 -32 -34 -36 -38 -41 -43 -45 -47 -49 -50 -51 -52 -53 -53 -52 -51 -51 -50 -49 -49 -50
126 118 107 107 125 146 151 144 130 133 149 153 148 144 141 139 139 139 135 129 122 114 115 129 125 104 79 41 31 7 -5 -8 -14 -17 -18 -19 -19 -17 -15 -15 -15 -15 -16 -17 -18 -20 -22 -23 -25 -26 -25 -25 -25 -27 -27 -26 -26 -26 -26 -25 -26 -26 -26 -27 -27 -28 -28 -28 -29 -29 -29 -30 -32 -33 -35 -37 -39 -42 -44 -45 -47 -49 -51 -51 -52 -52 -52 -52 -52 -51 -50 -49 -49 -50 -50
108 104 101 125 143 160 156 141 146 164 162 154 148 134 112 101 97 91 94 104 92 89 79 58 38 22 4 -7 -13 -17 -20 -21 -22 -24 -24 -22 -21 -20 -19 -18 -18 -18 -18 -19 -20 -21 -23 -25 -27 -28 -27 -26 -27 -28 -27 -27 -27 -27 -26 -26 -26 -27 -27 -28 -28 -28 -29 -29 -29 -29 -30 -31 -33 -35 -38 -41 -43 -45 -46 -47 -49 -51 -51 -51 -51 -52 -52 -51 -51 -51 -50 -49 -49 -49 -48
71 53 56 91 112 119 140 153 158 158 113 81 65 32 14 8 8 5 6 13 3 -3 -6 -10 -13 -15 -19 -22 -23 -24 -25 -26 -26 -25 -25 -25 -25 -24 -23 -22 -21 -22 -22 -23 -24 -25 -26 -29 -30 -29 -29 -29 -28 -26 -25 -25 -27 -28 -28 -28 -27 -28 -28 -28 -28 -28 -29 -29 -29 -30 -32 -33 -35 -39 -42 -44 -45 -46 -47 -49 -51 -51 -51 -51 -52 -51 -51 -50 -50 -50 -49 -49 -49 -48 -48
47 43 38 42 50 62 74 94 103 80 29 5 1 -2 -3 -5 -7 -8 -10 -12 -14 -16 -19 -21 -22 -24 -25 -25 -24 -24 -25 -25 -24 -23 -24 -25 -25 -25 -24 -24 -25 -26 -26 -27 -27 -27 -27 -28 -28 -28 -28 -27 -26 -25 -25 -25 -25 -26 -27 -28 -28 -29 -29 -29 -29 -29 -29 -29 -30 -31 -33 -36 -39 -42 -44 -45 -46 -47 -49 -51 -51 -51 -51 -52 -52 -51 -50 -50 -50 -49 -49 -49 -48 -48 -48
34 33 32 32 37 47 54 60 41 6 1 -1 -3 -5 -7 -9 -12 -15 -17 -19 -21 -21 -20 -20 -20 -21 -24 -26 -27 -27 -25 -23 -22 -22 -23 -24 -22 -23 -24 -27 -28 -29 -30 -30 -29 -27 -27 -26 -26 -26 -26 -26 -26 -26 -26 -26 -25 -26 -26 -27 -28 -30 -30 -29 -29 -29 -29 -29 -31 -33 -35 -39 -42 -44 -45 -46 -47 -49 -51 -51 -51 -51 -52 -52 -52 -50 -49 -49 -49 -50 -49 -49 -48 -48 -48
38 38 33 26 23 30 31 31 17 1 0 -2 -5 -8 -12 -16 -20 -21 -21 -20 -19 -17 -16 -16 -16 -18 -21 -23 -24 -24 -23 -23 -24 -23 -22 -21 -22 -24 -26 -26 -27 -28 -29 -30 -29 -27 -26 -26 -25 -25 -25 -25 -25 -26 -26 -27 -27 -28 -29 -29 -28 -30 -30 -29 -29 -29 -30 -31 -32 -35 -38 -42 -44 -45 -46 -47 -49 -50 -51 -51 -51 -52 -52 -52 -51 -50 -49 -49 -50 -50 -49 -49 -48 -48 -49
43 44 38 29 21 15 8 4 0 -2 -5 -8 -12 -14 -15 -17 -19 -20 -19 -19 -19 -19 -19 -19 -20 -22 -22 -22 -22 -21 -22 -23 -23 -22 -22 -23 -25 -27 -28 -28 -29 -28 -27 -26 -26 -27 -27 -26 -25 -25 -25 -25 -25 -26 -26 -27 -28 -30 -30 -29 -28 -28 -29 -30 -30 -30 -31 -32 -33 -36 -40 -43 -44 -45 -46 -48 -50 -51 -52 -52 -52 -51 -50 -50 -50 -50 -50 -50 -51 -50 -48 -48 -48 -49 -50
49 43 43 34 17 3 -1 -4 -8 -13 -17 -21 -23 -22 -19 -18 -18 -19 -20 -21 -22 -22 -22 -23 -23 -22 -22 -21 -21 -22 -23 -22 -22 -22 -24 -25 -27 -30 -31 -31 -31 -29 -27 -26 -26 -26 -27 -27 -27 -26 -26 -26 -26 -26 -26 -27 -28 -29 -30 -31 -31 -29 -29 -30 -30 -30 -31 -32 -34 -38 -41 -43 -44 -46 -47 -49 -51 -51 -52 -52 -51 -49 -47 -48 -50 -50 -50 -50 -51 -49 -48 -48 -49 -51 -51
12 8 9 3 -4 -7 -11 -14 -18 -21 -24 -25 -25 -24 -22 -20 -19 -19 -19 -20 -21 -21 -20 -20 -20 -19 -19 -20 -21 -21 -22 -22 -22 -24 -25 -26 -28 -30 -29 -28 -27 -25 -24 -24 -25 -25 -25 -25 -26 -26 -26 -26 -27 -27 -27 -28 -29 -31 -31 -32 -32 -32 -30 -29 -29 -29 -30 -32 -34 -38 -42 -43 -45 -46 -47 -49 -50 -51 -51 -51 -48 -46 -47 -48 -50 -50 -50 -50 -50 -49 -49 -51 -52 -51 -49
-11 -12 -13 -16 -18 -20 -22 -21 -20 -20 -22 -24 -24 -24 -24 -23 -22 -20 -19 -20 -20 -20 -19 -19 -19 -19 -20 -20 -20 -21 -22 -22 -23 -23 -24 -26 -27 -28 -27 -25 -24 -24 -24 -24 -25 -25 -25 -25 -25 -26 -27 -27 -28 -29 -29 -30 -32 -32 -33 -32 -32 -32 -31 -29 -29 -29 -30 -31 -34 -40 -43 -44 -46 -47 -48 -50 -50 -51 -51 -49 -46 -47 -47 -49 -50 -50 -50 -50 -50 -50 -51 -52 -51 -50 -48
-17 -18 -18 -19 -19 -20 -20 -21 -21 -20 -20 -22 -24 -25 -25 -26 -25 -22 -21 -20 -20 -20 -20 -20 -20 -20 -20 -20 -21 -21 -21 -22 -23 -23 -24 -24 -24 -24 -24 -24 -24 -24 -24 -25 -25 -25 -25 -25 -26 -27 -28 -29 -29 -29 -30 -31 -32 -32 -31 -29 -29 -29 -29 -28 -28 -29 -30 -31 -34 -42 -45 -45 -46 -47 -48 -50 -50 -51 -51 -49 -48 -47 -48 -49 -50 -50 -50 -51 -51 -52 -52 -51 -50 -49 -48
-18 -19 -19 -19 -19 -19 -19 -19 -20 -20 -20 -20 -21 -23 -24 -25 -25 -23 -22 -21 -21 -20 -21 -21 -20 -20 -21 -21 -21 -21 -21 -22 -23 -23 -23 -23 -23 -23 -24 -24 -24 -25 -25 -25 -25 -25 -26 -26 -26 -27 -28 -29 -29 -29 -30 -31 -32 -31 -30 -28 -28 -29 -29 -29 -29 -30 -31 -31 -35 -44 -47 -46 -47 -48 -50 -51 -50 -51 -51 -50 -49 -48 -49 -50 -50 -50 -51 -51 -52 -52 -51 -50 -50 -49 -47
-19 -19 -20 -20 -20 -20 -20 -20 -20 -20 -20 -20 -20 -20 -21 -22 -21 -21 -22 -23 -24 -23 -22 -22 -22 -21 -21 -21 -21 -22 -22 -22 -23 -23 -23 -23 -23 -24 -24 -24 -25 -26 -26 -26 -26 -26 -26 -27 -27 -27 -27 -28 -29 -29 -29 -30 -31 -31 -30 -29 -29 -29 -29 -29 -30 -31 -31 -33 -40 -48 -49 -47 -47 -49 -50 -51 -51 -51 -51 -51 -50 -49 -51 -51 -51 -51 -52 -52 -52 -50 -49 -49 -48 -47 -45
-20 -20 -20 -20 -20 -20 -20 -20 -20 -20 -20 -20 -20 -20 -20 -21 -21 -22 -23 -24 -25 -25 -25 -23 -22 -22 -21 -22 -22 -22 -22 -23 -23 -23 -23 -23 -24 -24 -24 -25 -25 -26 -26 -27 -27 -27 -27 -27 -28 -27 -27 -28 -28 -29 -30 -31 -32 -31 -30 -30 -29 -28 -29 -30 -30 -31 -33 -38 -45 -49 -47 -47 -47 -49 -50 -50 -51 -51 -51 -51 -50 -50 -51 -51 -51 -52 -52 -53 -51 -50 -49 -48 -46 -45 -44
-20 -20 -20 -20 -20 -20 -20 -20 -21 -21 -21 -21 -21 -21 -21 -21 -21 -22 -23 -23 -23 -23 -24 -24 -23 -22 -22 -22 -22 -23 -23 -23 -23 -23 -23 -23 -24 -24 -25 -25 -26 -26 -27 -28 -29 -29 -28 -28 -27 -28 -29 -29 -29 -28 -29 -30 -30 -29 -30 -30 -29 -28 -29 -30 -30 -33 -37 -44 -49 -49 -47 -47 -48 -50 -50 -50 -51 -51 -51 -51 -51 -51 -51 -51 -51 -52 -53 -52 -50 -49 -48 -47 -44 -45 -45
-21 -21 -21 -21 -21 -21 -21 -21 -21 -21 -21 -21 -21 -21 -21 -21 -21 -22 -22 -22 -23 -23 -24 -25 -25 -24 -23 -23 -23 -24 -24 -23 -23 -23 -23 -24 -24 -25 -25 -26 -26 -26 -26 -27 -27 -28 -28 -28 -29 -29 -30 -30 -30 -28 -28 -29 -29 -29 -31 -30 -29 -29 -30 -31 -33 -38 -42 -47 -49 -49 -48 -48 -49 -51 -51 -50 -51 -51 -51 -51 -51 -51 -51 -51 -52 -52 -52 -51 -49 -48 -46 -44 -44 -45 -46
-21 -21 -21 -21 -21 -21 -21 -21 -21 -21 -21 -21 -21 -21 -21 -22 -22 -22 -22 -22 -22 -23 -23 -24 -25 -27 -27 -24 -24 -24 -24 -24 -24 -24 -24 -24 -25 -25 -25 -25 -26 -26 -26 -26 -26 -27 -27 -28 -28 -29 -29 -28 -27 -27 -27 -28 -28 -28 -28 -29 -29 -30 -31 -33 -37 -41 -44 -48 -49 -48 -48 -48 -51 -53 -52 -51 -51 -51 -51 -51 -51 -51 -51 -51 -52 -52 -51 -49 -47 -45 -43 -43 -44 -46 -47
-21 -21 -21 -21 -21 -21 -21 -21 -21 -21 -21 -21 -21 -21 -22 -22 -22 -22 -22 -23 -23 -23 -25 -26 -26 -27 -26 -24 -23 -24 -24 -24 -24 -24 -24 -24 -25 -26 -26 -26 -25 -26 -27 -27 -28 -29 -29 -29 -28 -28 -27 -27 -27 -27 -27 -27 -27 -27 -28 -28 -29 -31 -32 -35 -37 -40 -43 -47 -47 -46 -46 -48 -51 -53 -51 -52 -52 -52 -51 -51 -51 -51 -51 -51 -52 -51 -49 -46 -44 -42 -43 -43 -44 -46 -46
-22 -22 -22 -22 -22 -21 -21 -22 -22 -22 -22 -22 -22 -22 -22 -22 -22 -22 -23 -24 -26 -24 -23 -24 -25 -24 -23 -23 -24 -24 -24 -24 -25 -24 -24 -25 -26 -26 -26 -26 -27 -29 -29 -28 -29 -28 -28 -28 -27 -27 -27 -27 -27 -27 -27 -27 -27 -27 -28 -29 -30 -32 -34 -36 -38 -40 -42 -44 -45 -45 -46 -48 -52 -52 -51 -51 -52 -53 -52 -52 -51 -51 -51 -51 -51 -49 -45 -42 -42 -43 -43 -44 -45 -47 -45
-22 -22 -22 -22 -22 -22 -22 -22 -22 -22 -22 -22 -22 -22 -22 -22 -22 -22 -22 -23 -23 -23 -22 -22 -22 -22 -23 -23 -24 -25 -26 -25 -25 -25 -25 -26 -26 -27 -28 -29 -29 -30 -29 -28 -27 -26 -27 -27 -27 -27 -27 -27 -28 -27 -27 -27 -26 -27 -28 -30 -33 -35 -36 -38 -39 -40 -42 -44 -44 -45 -47 -48 -51 -51 -51 -52 -52 -53 -52 -53 -53 -51 -52 -51 -48 -45 -43 -43 -44 -44 -44 -45 -46 -46 -45
-22 -22 -22 -22 -22 -22 -22 -22 -22 -23 -22 -22 -22 -22 -22 -22 -22 -22 -22 -22 -23 -23 -23 -23 -22 -22 -23 -23 -24 -26 -27 -25 -26 -26 -26 -26 -27 -29 -30 -30 -29 -27 -27 -26 -26 -26 -26 -26 -27 -27 -27 -27 -27 -26 -26 -26 -26 -28 -31 -33 -35 -36 -37 -39 -40 -41 -42 -44 -45 -45 -46 -48 -50 -51 -51 -51 -52 -51 -52 -55 -54 -53 -52 -48 -45 -44 -46 -46 -46 -45 -45 -46 -46 -47 -46
-22 -22 -23 -23 -23 -23 -23 -23 -23 -23 -22 -22 -22 -22 -23 -23 -23 -23 -23 -23 -24 -24 -25 -25 -23 -23 -23 -23 -25 -27 -27 -26 -26 -26 -26 -26 -27 -29 -28 -28 -28 -27 -26 -26 -25 -25 -26 -26 -26 -26 -26 -26 -25 -24 -24 -24 -26 -29 -30 -31 -32 -32 -34 -37 -39 -39 -40 -43 -45 -46 -47 -49 -51 -52 -51 -51 -51 -51 -52 -54 -53 -53 -51 -48 -48 -48 -48 -48 -47 -48 -49 -50 -50 -49 -48
-23 -23 -24 -23 -23 -23 -23 -23 -23 -23 -23 -23 -23 -23 -23 -23 -23 -24 -24 -25 -25 -25 -26 -26 -24 -24 -24 -26 -27 -26 -26 -26 -26 -26 -26 -26 -27 -28 -29 -29 -27 -27 -26 -25 -25 -25 -26 -26 -26 -26 -26 -25 -23 -24 -23 -24 -27 -28 -29 -30 -30 -31 -34 -39 -36 -34 -36 -41 -46 -47 -47 -49 -52 -54 -52 -51 -51 -51 -52 -53 -54 -54 -54 -53 -54 -53 -53 -53 -54 -55 -55 -55 -52 -49 -46
-25 -25 -25 -24 -24 -23 -24 -23 -23 -23 -23 -23 -23 -23 -23 -23 -23 -24 -24 -25 -25 -25 -26 -25 -25 -25 -26 -27 -26 -25 -26 -26 -26 -27 -28 -28 -29 -30 -30 -28 -27 -27 -26 -25 -25 -26 -26 -26 -26 -26 -26 -23 -19 -22 -23 -26 -28 -29 -33 -36 -37 -37 -37 -36 -32 -31 -32 -39 -51 -54 -54 -51 -51 -52 -51 -51 -52 -52 -53 -56 -57 -59 -58 -58 -56 -56 -56 -56 -55 -55 -53 -50 -46 -43 -43
-24 -25 -25 -24 -24 -24 -24 -24 -24 -24 -24 -24 -24 -24 -24 -24 -24 -24 -24 -25 -25 -25 -25 -25 -26 -26 -26 -26 -26 -26 -27 -26 -26 -27 -27 -27 -28 -28 -27 -26 -25 -25 -25 -26 -26 -25 -26 -26 -26 -26 -24 -17 -18 -22 -25 -27 -29 -34 -38 -36 -35 -33 -31 -30 -30 -30 -31 -36 -47 -59 -54 -49 -50 -51 -51 -51 -53 -53 -53 -54 -52 -52 -53 -51 -52 -53 -53 -54 -52 -49 -45 -42 -41 -40 -40
-24 -24 -25 -25 -24 -24 -24 -24 -24 -24 -24 -24 -24 -24 -23 -24 -24 -25 -25 -25 -25 -25 -26 -26 -26 -26 -26 -26 -27 -27 -27 -27 -28 -27 -26 -25 -25 -24 -24 -24 -24 -25 -26 -27 -26 -26 -26 -26 -26 -24 -17 -14 -20 -25 -28 -30 -34 -39 -38 -34 -31 -30 -30 -30 -30 -30 -31 -39 -50 -56 -49 -47 -50 -52 -51 -51 -52 -55 -58 -57 -47 -43 -43 -45 -49 -51 -52 -52 -49 -44 -41 -40 -39 -39 -40
-24 -24 -24 -25 -25 -25 -25 -25 -24 -24 -24 -24 -24 -24 -23 -24 -24 -24 -25 -25 -26 -26 -26 -26 -26 -26 -26 -26 -27 -27 -28 -28 -27 -26 -25 -25 -24 -24 -24 -25 -26 -27 -27 -27 -27 -26 -26 -25 -21 -14 -12 -18 -25 -29 -31 -34 -38 -39 -37 -34 -33 -35 -36 -39 -40 -40 -42 -49 -52 -50 -47 -47 -51 -52 -52 -52 -55 -59 -60 -56 -48 -43 -44 -45 -45 -46 -45 -44 -42 -40 -40 -39 -40 -42 -43
-24 -24 -24 -24 -25 -25 -25 -25 -25 -24 -25 -25 -25 -25 -24 -24 -24 -24 -25 -25 -25 -26 -26 -26 -26 -26 -25 -26 -26 -26 -27 -26 -25 -25 -25 -25 -25 -25 -26 -27 -27 -27 -27 -27 -27 -26 -24 -19 -12 -10 -17 -25 -29 -32 -34 -37 -39 -37 -36 -33 -32 -33 -35 -38 -43 -44 -44 -46 -47 -46 -46 -48 -51 -52 -54 -55 -59 -62 -59 -51 -48 -48 -51 -51 -43 -39 -39 -38 -37 -38 -39 -39 -43 -50 -50
-24 -24 -23 -23 -24 -25 -25 -25 -25 -26 -26 -25 -25 -26 -25 -25 -25 -25 -25 -25 -25 -25 -25 -25 -25 -25 -24 -25 -26 -26 -26 -26 -25 -25 -25 -26 -26 -26 -27 -28 -27 -27 -28 -27 -26 -23 -15 -9 -10 -17 -25 -29 -32 -33 -35 -38 -38 -35 -34 -32 -31 -32 -36 -39 -41 -42 -43 -44 -46 -46 -47 -50 -52 -53 -56 -56 -59 -59 -57 -55 -53 -52 -53 -50 -44 -42 -39 -37 -37 -36 -37 -39 -42 -46 -46
-24 -24 -24 -24 -24 -24 -25 -26 -26 -27 -27 -27 -26 -26 -25 -25 -25 -25 -25 -25 -24 -24 -24 -25 -25 -25 -25 -25 -25 -26 -26 -26 -26 -27 -27 -27 -27 -27 -28 -28 -28 -28 -27 -26 -22 -14 -8 -10 -18 -25 -28 -31 -32 -33 -34 -37 -38 -36 -34 -32 -31 -33 -37 -40 -42 -43 -45 -46 -46 -46 -48 -51 -53 -56 -57 -56 -58 -61 -63 -62 -57 -52 -47 -46 -45 -44 -43 -43 -41 -40 -40 -41 -42 -41 -40
-27 -27 -27 -26 -25 -25 -26 -26 -27 -27 -26 -26 -26 -25 -25 -25 -25 -24 -24 -24 -24 -24 -24 -25 -25 -25 -25 -25 -26 -26 -26 -26 -28 -29 -29 -28 -28 -30 -29 -28 -28 -27 -25 -19 -11 -8 -11 -19 -26 -28 -29 -31 -32 -33 -34 -37 -38 -37 -35 -33 -32 -39 -42 -44 -45 -47 -49 -48 -46 -45 -49 -54 -56 -59 -57 -56 -62 -65 -62 -57 -53 -47 -43 -44 -44 -42 -43 -43 -41 -41 -42 -44 -46 -45 -44
-28 -28 -27 -27 -26 -25 -26 -27 -27 -27 -26 -25 -25 -25 -25 -25 -24 -24 -24 -24 -24 -24 -25 -25 -25 -25 -25 -25 -26 -26 -27 -28 -30 -30 -30 -30 -30 -29 -28 -29 -27 -23 -16 -10 -9 -14 -21 -26 -28 -28 -29 -30 -33 -35 -37 -38 -37 -36 -35 -34 -36 -43 -45 -47 -49 -49 -48 -47 -45 -47 -54 -56 -58 -60 -57 -57 -61 -59 -57 -53 -53 -47 -44 -43 -43 -42 -43 -44 -45 -48 -51 -51 -49 -48 -46
-26 -26 -26 -27 -28 -26 -27 -27 -26 -26 -26 -26 -25 -25 -26 -26 -25 -24 -24 -24 -24 -24 -25 -26 -26 -26 -25 -25 -26 -27 -30 -30 -30 -29 -29 -29 -29 -29 -29 -27 -20 -12 -8 -11 -17 -23 -26 -28 -28 -28 -29 -30 -33 -36 -36 -35 -34 -32 -34 -37 -42 -47 -49 -51 -48 -45 -45 -45 -46 -52 -55 -55 -59 -60 -58 -57 -56 -56 -56 -51 -49 -47 -47 -48 -47 -47 -49 -51 -53 -53 -51 -50 -48 -45 -45
-26 -26 -26 -27 -27 -27 -27 -27 -26 -26 -26 -27 -26 -26 -27 -26 -25 -24 -24 -25 -24 -25 -26 -26 -26 -26 -26 -27 -28 -29 -30 -29 -29 -29 -29 -29 -30 -30 -27 -19 -11 -9 -14 -19 -24 -27 -27 -28 -28 -29 -30 -32 -34 -35 -36 -36 -36 -33 -36 -42 -48 -50 -49 -47 -44 -44 -46 -47 -51 -54 -54 -57 -62 -63 -61 -60 -57 -55 -52 -49 -47 -48 -51 -51 -49 -48 -51 -53 -52 -49 -49 -48 -46 -45 -46
-27 -28 -27 -28 -29 -28 -28 -27 -26 -26 -26 -27 -28 -28 -28 -27 -24 -24 -25 -25 -24 -25 -25 -26 -27 -27 -28 -31 -31 -31 -30 -29 -28 -29 -29 -29 -29 -25 -18 -10 -11 -16 -22 -26 -27 -27 -28 -28 -29 -30 -33 -36 -38 -39 -37 -34 -35 -36 -42 -47 -49 -48 -46 -44 -44 -46 -49 -51 -53 -53 -55 -60 -66 -64 -63 -61 -54 -52 -53 -51 -50 -52 -54 -52 -49 -50 -51 -51 -49 -47 -47 -45 -44 -44 -44
