processed_DEMs/150_150_18948.asc
ncols        150
nrows        150
xllcorner    -16.583333333333
yllcorner    28.333333333333
cellsize     0.004166666667
NODATA_value -32767
[rows 108 to 143 of 150, columns 0 to 80 of 150]
-1179 -1168 -1145 -1113 -1100 -1072 -1041 -1001 -1023 -1093 -1119 -1154 -1191 -1207 -1202 -1221 -1244 -1282 -1276 -1243 -1243 -1223 -1172 -1098 -1119 -1215 -1216 -1168 -1007 -879 -807 -699 -562 -516 -468 17 77 138 202 150 246 296 341 380 429 475 493 503 520 451 448 449 405 375 379 440 470 525 645 725 690 624 610 652 608 567 568 579 622 633 643 694 636 542 408 292 249 310 425 495 382
-1162 -1156 -1147 -1118 -1081 -1047 -1009 -979 -976 -1038 -1066 -1079 -1104 -1129 -1120 -1137 -1186 -1241 -1234 -1206 -1178 -1191 -1138 -1058 -1107 -1168 -1149 -1113 -982 -815 -719 -626 -542 -496 -407 38 98 159 216 249 301 340 385 428 500 555 549 571 574 545 577 526 458 429 445 495 558 599 701 702 643 587 569 565 559 558 565 595 627 568 651 625 617 575 525 429 256 210 305 363 446
-1121 -1105 -1098 -1076 -1035 -989 -960 -940 -925 -962 -963 -989 -1031 -1040 -1033 -1058 -1135 -1191 -1177 -1160 -1141 -1149 -1109 -1019 -1078 -1106 -1079 -1032 -947 -797 -649 -561 -525 -444 -328 51 110 169 223 300 346 387 421 458 507 544 574 584 581 599 605 597 567 504 506 557 660 676 666 626 599 573 561 557 556 558 590 635 552 513 620 557 496 507 485 518 390 251 169 241 373
-1051 -1027 -1008 -989 -961 -930 -911 -897 -876 -886 -893 -916 -951 -961 -966 -1007 -1073 -1123 -1095 -1073 -1081 -1108 -1074 -1004 -1036 -1035 -1007 -952 -856 -710 -557 -509 -446 -341 2 57 120 179 234 339 383 421 451 485 520 546 570 581 594 606 612 617 621 600 580 626 691 644 609 599 585 573 563 556 556 569 602 639 577 464 513 516 424 431 434 453 430 409 234 135 220
-989 -928 -911 -911 -892 -874 -851 -833 -814 -800 -810 -838 -867 -887 -936 -979 -1023 -1044 -1022 -1002 -1030 -1067 -1035 -984 -988 -970 -921 -864 -762 -603 -532 -462 -343 -216 -117 65 137 198 338 377 412 442 474 509 546 592 593 586 602 615 623 626 632 631 625 630 633 620 606 595 582 575 566 559 559 583 570 520 541 458 465 466 403 388 475 421 348 367 338 196 112
-992 -891 -823 -829 -836 -830 -814 -787 -763 -738 -726 -757 -799 -834 -886 -938 -978 -980 -970 -950 -987 -1021 -994 -941 -922 -895 -836 -756 -647 -552 -507 -382 -234 1 42 111 180 338 390 418 446 476 499 525 554 584 594 600 616 631 644 649 647 640 635 635 632 624 612 601 588 579 569 557 550 542 507 466 483 424 396 404 351 382 475 488 403 317 265 224 100
-1006 -937 -817 -780 -789 -783 -769 -744 -725 -698 -669 -709 -741 -780 -838 -885 -920 -924 -910 -912 -951 -972 -959 -920 -867 -818 -739 -632 -554 -517 -415 13 38 63 113 285 342 385 428 462 481 507 535 561 586 605 624 638 648 665 666 668 665 656 647 646 645 634 626 619 609 597 579 555 531 512 491 440 433 409 340 380 349 304 358 429 404 302 202 160 85
-982 -957 -843 -751 -724 -689 -647 -630 -648 -645 -634 -666 -702 -739 -780 -819 -859 -873 -859 -886 -907 -918 -909 -876 -814 -714 -623 -541 -495 -416 -288 51 91 129 235 357 403 434 467 505 533 557 577 599 625 644 668 687 699 703 698 695 687 677 667 659 657 658 657 652 634 615 589 555 526 498 466 426 407 398 330 342 308 216 192 257 272 228 124 82 42
-941 -933 -860 -770 -673 -597 -547 -550 -570 -573 -587 -623 -660 -693 -730 -780 -816 -826 -821 -845 -848 -851 -848 -801 -738 -639 -512 -483 -406 -290 39 103 157 204 261 382 466 509 526 557 590 618 638 654 685 701 722 746 758 747 747 737 718 712 698 682 678 688 701 693 666 625 588 557 519 491 464 426 397 375 337 307 265 214 168 154 130 111 74 54 33
-889 -893 -876 -827 -736 -603 -482 -472 -498 -513 -538 -586 -630 -656 -682 -750 -777 -781 -772 -793 -778 -782 -774 -723 -650 -562 -490 -402 -291 29 98 166 214 284 330 404 511 571 604 631 649 683 702 726 748 763 774 784 822 817 804 780 759 750 732 710 700 713 721 706 671 630 592 555 517 489 463 431 392 366 343 317 268 206 153 116 95 78 58 43 24
-840 -849 -843 -824 -777 -638 -476 -414 -440 -471 -514 -538 -549 -570 -661 -720 -735 -714 -720 -737 -700 -706 -696 -659 -603 -538 -420 -289 46 101 167 234 311 366 427 490 563 630 672 714 729 739 760 795 825 824 824 829 890 888 851 829 796 784 764 742 716 702 698 695 656 619 581 539 517 496 465 433 388 358 336 305 253 190 150 117 91 70 43 26 12
-798 -806 -803 -788 -765 -698 -543 -429 -413 -442 -473 -480 -475 -524 -637 -672 -654 -627 -661 -679 -647 -647 -650 -631 -561 -451 6 52 107 170 236 305 381 443 511 579 637 692 737 778 807 823 832 848 873 884 875 890 944 934 909 880 852 833 817 772 719 694 675 659 637 608 574 532 505 486 456 421 380 351 329 274 235 181 141 110 88 66 41 20 7
-761 -759 -743 -743 -723 -699 -617 -476 -383 -394 -426 -421 -411 -479 -588 -597 -533 -508 -609 -636 -631 -615 -590 -536 -444 -323 32 92 161 240 329 401 452 503 572 639 690 735 786 821 861 895 911 918 925 937 931 951 994 968 952 930 889 869 881 797 718 682 658 630 603 587 565 511 488 467 442 408 372 346 308 264 226 184 137 99 74 48 25 10 7
-708 -711 -671 -678 -670 -652 -612 -515 -397 -349 -382 -371 -360 -433 -542 -550 -515 -525 -565 -554 -543 -503 -447 -375 -287 -189 44 102 232 331 405 462 515 563 617 677 736 779 828 869 898 930 962 985 980 995 1018 1018 1039 1025 982 938 892 857 821 767 718 678 650 624 590 568 529 484 453 422 405 376 346 324 293 257 221 177 131 85 55 28 25 21 -228
-655 -652 -564 -563 -598 -591 -574 -509 -395 -332 -343 -343 -349 -414 -516 -523 -492 -479 -471 -441 -401 -346 -280 -210 -141 -79 56 155 295 371 435 498 565 611 641 705 774 821 866 913 940 972 1004 1021 1029 1055 1104 1088 1085 1057 1005 956 922 862 809 763 723 684 650 616 584 552 507 461 430 396 364 332 305 292 273 239 195 147 105 63 32 -79 -110 -134 -233
-593 -577 -472 -438 -491 -522 -512 -466 -394 -336 -325 -325 -335 -388 -454 -444 -416 -390 -363 -320 -262 -196 2 6 6 23 99 264 335 405 472 545 616 646 681 747 821 874 909 956 992 1016 1040 1064 1087 1131 1170 1131 1120 1063 1000 954 917 883 852 780 722 681 645 607 570 526 478 437 412 378 345 309 291 297 265 212 164 106 57 28 -134 -89 -54 -9 -41
-499 -470 -401 -356 -408 -438 -447 -441 -396 -325 -286 -273 -279 -308 5 -320 -300 -279 -253 -211 -151 27 100 56 62 197 254 309 363 433 506 576 627 677 744 818 895 952 967 1005 1040 1052 1071 1100 1133 1159 1166 1149 1104 1040 977 934 894 871 868 783 692 648 615 589 554 502 451 410 377 345 313 280 279 281 234 202 134 63 29 -133 -213 -91 -51 -37 -97
-419 -396 -362 -349 -378 -410 -402 -368 -309 -245 -204 -189 -189 -196 -195 -186 -176 -169 -160 6 44 178 175 181 220 261 324 377 416 470 536 602 669 742 822 912 991 1021 1036 1060 1090 1103 1137 1161 1184 1207 1203 1163 1124 1066 992 927 879 847 816 745 680 647 628 603 541 494 451 406 356 308 276 243 223 210 182 150 76 26 -120 -116 -107 -11 -79 -123 -192
-388 -376 -344 -315 -309 -295 -253 -213 -173 -140 -115 -106 -103 -101 -94 -87 -84 -85 15 56 102 216 227 238 258 303 364 422 473 529 588 660 732 802 890 976 1033 1076 1103 1130 1152 1172 1207 1249 1273 1280 1251 1211 1184 1083 991 920 868 815 766 701 637 610 591 552 508 470 424 388 349 285 231 187 161 130 99 62 36 -97 -177 -99 -84 -51 -163 -239 -324
-338 -326 -287 -244 -206 -165 -114 -87 -75 -66 -55 -48 -43 -41 -39 -37 17 41 71 116 230 261 273 277 287 320 376 441 514 571 636 706 783 857 929 998 1061 1119 1164 1205 1231 1252 1296 1339 1333 1270 1187 1149 1127 1077 997 922 855 789 722 663 611 565 524 483 444 415 381 350 323 273 215 170 129 84 48 29 -32 -51 -68 -29 -122 -187 -272 -357 -452
-249 -237 -204 -161 -115 -79 -50 1 1 -34 -26 -16 -12 -12 1 24 54 88 129 212 295 330 334 331 349 384 439 488 541 607 677 757 836 898 971 1035 1100 1183 1252 1297 1329 1345 1410 1411 1344 1266 1188 1109 1055 1022 964 907 848 787 729 666 589 537 484 449 419 387 354 324 296 252 201 154 106 59 28 -14 -12 -17 -40 -124 -222 -308 -383 -465 -563
-156 2 5 7 9 11 11 16 19 17 26 18 20 22 29 59 96 137 225 321 370 415 416 426 435 496 555 603 622 656 725 795 900 984 1044 1111 1186 1290 1373 1399 1411 1412 1453 1433 1335 1234 1165 1103 1032 962 908 854 813 758 710 643 563 516 467 424 396 374 343 301 262 223 174 115 53 31 -1 -1 -2 -5 -69 -174 -281 -376 -453 -534 -634
21 33 37 38 38 36 34 27 48 51 77 94 91 90 88 112 131 173 307 377 433 496 524 545 563 595 671 724 742 743 844 884 943 1076 1157 1207 1273 1399 1474 1483 1464 1438 1428 1386 1326 1243 1154 1072 984 891 831 772 748 718 650 583 523 471 436 391 347 316 292 254 216 170 104 59 30 -33 -1 -2 -25 -46 -94 -202 -317 -997 -1018 -1087 -1208
41 58 65 67 67 32 42 60 92 89 98 119 124 129 141 158 180 224 357 458 523 579 630 670 721 723 782 846 869 855 936 1016 1029 1126 1254 1304 1365 1456 1571 1567 1503 1451 1455 1389 1334 1289 1191 1058 964 861 745 661 632 610 531 483 449 394 351 323 287 257 225 197 148 90 39 16 -112 -48 -1 -23 -52 -107 -169 -250 -1067 -1094 -1174 -1273 -1386
57 78 91 58 72 79 93 102 117 126 126 149 165 167 180 191 212 244 352 512 609 687 743 796 843 890 895 961 996 985 1027 1130 1214 1216 1327 1374 1413 1491 1606 1551 1438 1322 1329 1343 1333 1277 1161 1022 909 819 720 610 525 490 438 372 316 252 201 170 158 183 160 106 49 26 -150 -233 -146 -70 -21 -75 -93 -122 -192 -1125 -1182 -1263 -1335 -1394 -1443
80 106 116 117 127 131 141 142 161 168 159 174 199 212 226 240 251 276 351 522 654 782 886 949 990 1054 1028 1073 1110 1104 1154 1208 1289 1399 1464 1493 1502 1573 1614 1508 1343 1200 1113 1115 1176 1168 1090 992 871 767 679 596 527 439 380 312 246 177 124 76 46 78 51 28 -172 -142 -141 -143 -121 -89 -88 -47 -26 -92 -168 -1172 -1274 -1333 -1380 -1408 -1412
151 169 178 182 189 193 190 184 184 183 190 208 233 256 276 294 308 321 356 448 629 861 971 1073 1138 1173 1128 1183 1222 1238 1270 1354 1376 1477 1567 1617 1636 1685 1694 1543 1337 1152 999 914 895 926 910 888 813 715 610 568 518 444 372 299 225 163 88 27 -15 -35 -103 -221 -164 -121 -97 -51 -93 -96 -72 -37 -34 -96 -1112 -1205 -1283 -1321 -1359 -1366 -1355
188 206 215 223 238 270 237 221 215 219 230 250 273 298 326 352 365 380 407 459 620 916 1073 1139 1221 1272 1220 1276 1335 1386 1403 1471 1559 1625 1668 1680 1653 1629 1573 1615 1480 1316 1133 919 784 709 691 712 687 600 509 446 416 404 352 264 181 112 70 14 -76 -44 -41 -15 -60 -75 -97 -95 -75 -47 -22 -37 -68 -1074 -1137 -1212 -1270 -1299 -1325 -1316 -1331
237 248 251 260 282 298 278 270 269 269 282 294 313 345 379 408 432 457 482 514 611 844 1087 1196 1250 1311 1318 1361 1438 1516 1565 1590 1659 1669 1629 1586 1466 1420 1378 1423 1456 1375 1144 991 903 735 584 549 528 489 421 297 287 285 245 175 117 61 -61 -56 -60 -42 -40 -72 -96 -93 -102 -90 -47 -2 -17 -59 -111 -1086 -1132 -1182 -1232 -1242 -1256 -1288 -1317
294 309 322 329 332 333 334 335 331 327 333 347 363 403 440 469 506 538 561 591 614 716 950 1205 1353 1402 1419 1508 1539 1636 1712 1713 1649 1639 1566 1494 1407 1301 1224 1178 1248 1300 1133 898 737 646 511 443 391 342 307 175 111 93 105 83 67 59 -67 -52 -51 -62 -92 -88 -65 -36 -48 -60 -50 -41 -64 -100 -1027 -1077 -1116 -1157 -1194 -1189 -1201 -1253 -1275
344 367 388 394 401 399 398 403 398 392 393 407 432 466 498 535 581 624 658 686 712 756 866 1096 1335 1484 1524 1558 1627 1706 1751 1696 1634 1595 1505 1448 1368 1266 1141 1042 1056 1091 1005 980 841 685 594 463 327 260 217 148 79 31 14 15 -72 -131 -67 -41 -44 -97 -93 -67 -23 -3 -26 -55 -73 -90 -956 -997 -1030 -1070 -1106 -1143 -1156 -1154 -1173 -1202 -1224
404 428 460 465 463 455 460 467 464 463 464 476 501 534 571 608 649 703 741 777 801 850 955 1058 1243 1457 1633 1657 1745 1816 1726 1643 1593 1550 1447 1327 1257 1179 1089 987 910 873 825 797 835 756 625 500 379 228 153 119 64 24 -6 -30 -101 -199 -45 -82 -63 -42 -50 -47 -32 -27 -52 -84 -114 -934 -966 -1001 -1028 -1060 -1092 -1121 -1121 -1127 -1137 -1146 -1139
485 506 519 527 525 519 522 521 537 556 576 582 606 642 672 707 749 793 835 862 893 926 1016 1138 1274 1422 1534 1691 1843 1852 1755 1657 1581 1492 1387 1269 1176 1101 1010 927 834 769 709 632 618 661 598 492 358 185 109 74 40 15 -94 -113 -47 -19 -49 -55 -35 -17 -30 -46 -58 -74 -100 -867 -903 -939 -970 -1003 -1030 -1057 -1079 -1089 -1087 -1085 -1072 -1063 -1037
569 593 588 600 609 605 606 630 684 699 725 735 748 776 802 825 854 893 929 946 960 993 1084 1216 1326 1402 1495 1696 1892 1817 1687 1599 1515 1455 1324 1207 1100 1017 931 851 776 697 642 587 501 447 384 346 298 157 84 49 19 7 -183 -229 -7 -20 -52 -43 -29 -31 -40 -63 -87 -113 -845 -893 -917 -947 -974 -1004 -1025 -1040 -1048 -1036 -1022 -1015 -985 -974 -968
653 678 671 686 698 703 730 776 819 839 857 868 882 903 930 946 958 982 1013 1027 1025 1041 1138 1291 1394 1506 1633 1760 1903 1830 1710 1603 1443 1314 1247 1110 1001 936 876 794 721 655 595 524 443 368 294 236 179 128 85 43 16 6 -199 -155 -22 -17 -64 -84 -154 -274 -484 -772 -804 -834 -868 -897 -919 -939 -964 -982 -978 -989 -989 -965 -949 -942 -915 -886 -886
747 765 755 771 798 812 838 881 917 937 951 967 997 1016 1043 1054 1066 1078 1098 1124 1112 1100 1162 1267 1443 1531 1652 1880 1973 1846 1643 1494 1345 1181 1110 1026 943 851 785 729 656 597 547 486 398 324 265 213 159 108 65 28 12 -159 -223 -108 -42 -63 -90 -161 -272 -445 -702 -737 -782 -817 -846 -869 -896 -908 -930 -930 -926 -908 -875 -869 -876 -872 -840 -783 -809
