processed_DEMs/150_150_17026.asc
ncols        150
nrows        150
xllcorner    1.162500000000
yllcorner    50.687500000000
cellsize     0.004166666667
NODATA_value -32767
[rows 84 to 125 of 150, columns 0 to 94 of 150]
-27 -28 -27 -28 -29 -29 -28 -27 -26 -26 -27 -28 -28 -29 -27 -25 -25 -25 -26 -25 -25 -26 -27 -28 -30 -29 -30 -32 -31 -31 -30 -28 -28 -28 -27 -27 -24 -16 -11 -12 -17 -23 -27 -27 -28 -28 -27 -28 -29 -32 -36 -38 -38 -37 -36 -32 -34 -39 -44 -45 -46 -46 -47 -45 -47 -50 -52 -52 -52 -55 -59 -63 -65 -63 -61 -56 -53 -52 -52 -50 -50 -53 -53 -50 -50 -52 -52 -51 -50 -47 -44 -43 -43 -43 -41
-28 -28 -28 -28 -29 -28 -28 -27 -27 -27 -28 -29 -28 -28 -27 -26 -26 -26 -26 -26 -27 -28 -27 -28 -28 -29 -30 -31 -30 -29 -28 -28 -27 -27 -27 -24 -15 -10 -13 -19 -24 -28 -29 -28 -28 -27 -28 -28 -30 -34 -38 -37 -32 -31 -34 -32 -36 -41 -45 -45 -46 -46 -47 -47 -49 -51 -50 -51 -54 -57 -60 -64 -64 -62 -60 -55 -52 -52 -50 -49 -50 -51 -49 -49 -51 -51 -50 -50 -49 -45 -43 -43 -42 -41 -42
-28 -28 -29 -29 -28 -28 -28 -28 -28 -28 -28 -28 -29 -27 -27 -26 -26 -27 -28 -29 -28 -28 -28 -28 -29 -28 -29 -29 -29 -28 -28 -28 -27 -27 -23 -15 -11 -16 -22 -25 -27 -29 -29 -28 -28 -28 -28 -29 -32 -36 -37 -33 -26 -27 -31 -32 -37 -43 -45 -46 -46 -45 -47 -48 -49 -49 -49 -53 -56 -58 -61 -63 -62 -60 -58 -54 -51 -50 -50 -49 -50 -51 -51 -51 -50 -49 -48 -47 -45 -45 -47 -43 -44 -43 -43
-27 -28 -28 -29 -29 -29 -28 -28 -28 -28 -28 -29 -29 -27 -27 -26 -27 -29 -30 -29 -28 -28 -29 -29 -29 -29 -29 -30 -29 -28 -28 -27 -27 -23 -16 -13 -17 -23 -27 -28 -28 -29 -29 -29 -28 -28 -29 -30 -33 -35 -33 -29 -22 -23 -33 -36 -41 -44 -45 -46 -45 -46 -47 -48 -48 -49 -51 -54 -56 -58 -60 -61 -59 -58 -57 -52 -50 -50 -51 -50 -51 -53 -53 -51 -49 -47 -44 -46 -51 -54 -50 -43 -43 -43 -44
-28 -28 -28 -29 -29 -29 -28 -29 -29 -28 -29 -30 -28 -27 -27 -28 -30 -30 -31 -31 -30 -30 -30 -30 -30 -30 -30 -30 -29 -28 -28 -27 -23 -16 -15 -20 -25 -27 -28 -28 -28 -28 -28 -28 -28 -28 -29 -31 -33 -31 -26 -25 -21 -25 -36 -40 -43 -45 -45 -44 -43 -46 -47 -47 -48 -49 -52 -54 -56 -58 -59 -59 -57 -57 -54 -50 -48 -49 -49 -52 -54 -54 -52 -50 -49 -47 -49 -56 -55 -48 -42 -41 -44 -44 -43
-29 -29 -29 -29 -29 -29 -29 -29 -29 -29 -30 -29 -28 -27 -28 -29 -31 -31 -31 -31 -31 -30 -30 -31 -31 -30 -30 -29 -29 -28 -27 -22 -17 -17 -22 -26 -27 -28 -28 -28 -28 -28 -28 -28 -28 -28 -30 -31 -31 -26 -22 -19 -19 -31 -39 -43 -44 -44 -44 -43 -44 -46 -48 -47 -48 -50 -52 -54 -56 -57 -58 -58 -56 -56 -52 -49 -48 -51 -53 -55 -55 -52 -51 -56 -56 -55 -54 -49 -43 -39 -40 -43 -44 -42 -43
-29 -29 -30 -30 -30 -29 -29 -29 -30 -30 -30 -28 -28 -28 -29 -30 -31 -32 -31 -30 -30 -30 -31 -31 -30 -29 -29 -29 -29 -27 -24 -19 -20 -24 -27 -28 -28 -29 -29 -29 -29 -29 -29 -28 -28 -29 -30 -31 -28 -20 -16 -16 -24 -36 -43 -44 -44 -44 -43 -44 -46 -48 -50 -48 -50 -52 -52 -54 -55 -56 -58 -57 -56 -55 -52 -49 -50 -53 -55 -55 -51 -50 -53 -58 -56 -51 -45 -41 -40 -41 -43 -43 -41 -42 -44
-29 -29 -30 -30 -30 -29 -29 -30 -31 -31 -30 -29 -29 -29 -30 -31 -32 -31 -31 -31 -31 -31 -31 -31 -30 -29 -29 -29 -28 -26 -22 -22 -26 -29 -29 -29 -29 -29 -29 -29 -29 -29 -29 -28 -28 -29 -30 -28 -19 -13 -13 -21 -32 -40 -45 -44 -44 -43 -44 -46 -47 -50 -51 -51 -56 -58 -56 -54 -54 -55 -57 -56 -55 -54 -52 -51 -51 -53 -55 -52 -50 -52 -59 -59 -51 -43 -42 -43 -42 -43 -43 -42 -44 -45 -43
-29 -30 -30 -30 -31 -31 -31 -32 -31 -30 -29 -29 -29 -29 -30 -31 -32 -31 -31 -32 -32 -32 -32 -32 -30 -29 -28 -28 -28 -28 -28 -29 -30 -29 -29 -30 -29 -30 -30 -29 -29 -29 -28 -28 -29 -29 -27 -18 -10 -10 -18 -30 -39 -43 -44 -44 -44 -44 -46 -47 -48 -52 -52 -55 -58 -60 -58 -53 -53 -55 -57 -57 -56 -54 -52 -51 -50 -51 -53 -52 -51 -52 -54 -49 -43 -43 -45 -44 -43 -42 -41 -43 -43 -41 -39
-30 -30 -30 -30 -31 -33 -33 -31 -30 -30 -29 -30 -30 -30 -31 -32 -33 -33 -32 -32 -32 -32 -32 -31 -29 -28 -29 -29 -30 -31 -31 -31 -30 -30 -30 -30 -30 -31 -31 -30 -30 -28 -28 -29 -28 -25 -16 -8 -9 -16 -27 -37 -41 -43 -44 -44 -44 -45 -48 -50 -51 -53 -53 -55 -58 -59 -56 -52 -52 -54 -56 -56 -56 -53 -51 -50 -51 -52 -53 -52 -50 -49 -47 -44 -43 -44 -44 -44 -42 -41 -42 -43 -40 -39 -37
-31 -31 -31 -31 -32 -33 -33 -32 -32 -31 -31 -31 -31 -32 -33 -34 -33 -33 -32 -32 -31 -32 -31 -29 -29 -29 -30 -30 -32 -32 -31 -30 -30 -31 -31 -30 -30 -31 -31 -31 -30 -28 -29 -28 -23 -14 -7 -8 -15 -25 -34 -39 -42 -43 -45 -45 -45 -48 -52 -54 -53 -53 -53 -54 -53 -51 -51 -51 -51 -53 -54 -55 -55 -52 -50 -50 -51 -53 -53 -53 -51 -50 -45 -44 -44 -43 -43 -42 -42 -42 -42 -41 -39 -38 -36
-34 -35 -35 -35 -34 -35 -34 -34 -34 -32 -31 -31 -30 -32 -33 -33 -32 -32 -33 -32 -31 -31 -29 -28 -29 -30 -30 -31 -32 -32 -31 -30 -30 -31 -30 -30 -30 -29 -30 -30 -29 -29 -29 -24 -13 -7 -8 -14 -23 -32 -39 -41 -43 -44 -46 -45 -47 -50 -54 -54 -53 -54 -53 -52 -48 -47 -50 -51 -51 -51 -52 -54 -54 -51 -50 -51 -53 -55 -55 -52 -51 -47 -44 -44 -45 -43 -42 -42 -42 -41 -40 -39 -38 -36 -36
-35 -35 -34 -34 -33 -33 -34 -34 -32 -30 -31 -30 -30 -31 -32 -33 -32 -32 -32 -31 -30 -29 -29 -29 -29 -30 -31 -32 -32 -31 -30 -30 -31 -31 -30 -30 -29 -29 -29 -28 -29 -29 -26 -16 -8 -8 -14 -20 -30 -38 -41 -42 -43 -44 -45 -47 -50 -54 -54 -52 -54 -53 -50 -49 -47 -48 -51 -52 -52 -51 -52 -54 -53 -51 -50 -51 -54 -55 -53 -49 -48 -46 -45 -44 -44 -42 -42 -42 -42 -40 -38 -36 -35 -34 -34
-34 -33 -33 -33 -32 -32 -33 -33 -33 -31 -31 -30 -31 -32 -33 -33 -33 -32 -31 -30 -30 -30 -30 -29 -29 -30 -32 -31 -31 -30 -29 -30 -31 -30 -30 -29 -29 -29 -28 -28 -28 -25 -19 -12 -9 -13 -19 -27 -36 -40 -42 -43 -44 -45 -46 -50 -55 -55 -51 -52 -53 -53 -51 -48 -47 -49 -52 -52 -52 -52 -53 -53 -52 -50 -51 -52 -53 -52 -49 -45 -45 -45 -45 -44 -43 -41 -42 -42 -40 -38 -36 -34 -33 -32 -31
-33 -33 -33 -32 -32 -32 -32 -33 -32 -30 -31 -30 -31 -33 -33 -33 -33 -32 -31 -30 -31 -31 -30 -29 -29 -30 -31 -31 -31 -30 -29 -30 -30 -30 -29 -28 -28 -28 -28 -28 -27 -21 -12 -10 -11 -17 -24 -33 -41 -44 -44 -44 -45 -47 -48 -54 -55 -52 -50 -51 -51 -52 -50 -48 -49 -50 -51 -51 -51 -52 -54 -52 -51 -51 -51 -52 -53 -49 -45 -45 -45 -45 -45 -43 -42 -41 -42 -40 -38 -36 -34 -33 -31 -30 -30
-33 -32 -32 -32 -32 -32 -32 -33 -32 -30 -31 -30 -31 -32 -32 -32 -32 -32 -31 -31 -32 -32 -30 -29 -29 -31 -31 -31 -32 -30 -29 -30 -29 -29 -29 -28 -28 -28 -28 -28 -24 -18 -10 -11 -15 -21 -29 -39 -45 -47 -45 -44 -45 -47 -53 -56 -53 -51 -50 -49 -50 -50 -51 -48 -50 -51 -52 -52 -52 -53 -53 -52 -52 -52 -51 -52 -52 -48 -46 -45 -46 -45 -44 -42 -41 -40 -40 -37 -36 -33 -32 -31 -30 -30 -30
-32 -32 -31 -31 -31 -32 -33 -34 -32 -31 -31 -30 -32 -33 -33 -33 -33 -33 -33 -33 -33 -33 -31 -30 -30 -30 -31 -31 -31 -29 -29 -29 -28 -28 -28 -28 -28 -28 -27 -23 -17 -14 -10 -13 -19 -26 -36 -43 -47 -48 -46 -45 -45 -50 -57 -56 -53 -51 -49 -50 -51 -50 -50 -47 -49 -51 -53 -55 -54 -53 -52 -51 -51 -51 -52 -53 -51 -49 -47 -45 -45 -44 -42 -41 -40 -38 -37 -34 -32 -32 -31 -30 -30 -30 -31
-32 -32 -31 -31 -31 -32 -33 -33 -32 -31 -31 -31 -31 -32 -32 -33 -33 -33 -33 -33 -33 -33 -31 -30 -31 -30 -30 -31 -30 -29 -29 -28 -28 -28 -28 -28 -28 -27 -23 -17 -12 -10 -12 -16 -23 -32 -42 -46 -46 -48 -49 -46 -47 -52 -58 -55 -51 -50 -50 -51 -51 -51 -51 -47 -48 -49 -52 -56 -55 -52 -51 -51 -52 -53 -53 -53 -50 -48 -47 -45 -46 -45 -41 -40 -38 -37 -34 -32 -32 -32 -31 -29 -28 -28 -28
-32 -32 -32 -32 -32 -33 -34 -34 -34 -32 -31 -30 -31 -32 -32 -32 -33 -32 -32 -33 -34 -33 -31 -30 -31 -30 -31 -31 -29 -29 -28 -28 -28 -28 -28 -28 -27 -24 -20 -16 -12 -11 -14 -21 -26 -35 -44 -47 -46 -48 -51 -47 -48 -52 -56 -53 -50 -50 -50 -51 -51 -52 -51 -48 -48 -49 -51 -57 -57 -54 -53 -53 -54 -53 -51 -51 -50 -49 -48 -46 -46 -43 -41 -39 -37 -34 -31 -32 -32 -30 -28 -27 -26 -26 -25
-32 -32 -32 -32 -32 -33 -33 -33 -34 -32 -30 -30 -30 -31 -32 -33 -33 -33 -34 -33 -32 -32 -31 -30 -31 -31 -30 -30 -29 -29 -29 -29 -28 -28 -28 -27 -26 -23 -17 -13 -13 -14 -19 -25 -29 -38 -46 -48 -47 -48 -51 -48 -48 -51 -54 -52 -51 -49 -48 -49 -48 -48 -48 -49 -50 -50 -50 -53 -56 -54 -54 -53 -53 -53 -51 -50 -49 -48 -46 -44 -44 -42 -39 -37 -35 -31 -31 -32 -31 -28 -27 -26 -25 -25 -24
-32 -33 -33 -32 -33 -33 -33 -33 -33 -32 -31 -30 -31 -32 -33 -33 -34 -35 -35 -33 -32 -32 -31 -31 -31 -31 -30 -29 -28 -28 -28 -28 -27 -27 -27 -26 -24 -18 -13 -12 -13 -17 -24 -27 -30 -40 -46 -48 -47 -47 -50 -49 -49 -52 -53 -52 -51 -48 -48 -48 -47 -47 -49 -50 -50 -49 -50 -52 -54 -53 -54 -53 -53 -52 -49 -48 -46 -45 -43 -42 -42 -40 -37 -34 -32 -31 -30 -30 -28 -27 -27 -26 -26 -24 -24
-34 -34 -34 -34 -34 -34 -34 -33 -33 -33 -31 -30 -30 -32 -34 -34 -33 -34 -34 -32 -31 -32 -30 -30 -30 -30 -29 -28 -28 -28 -27 -27 -27 -27 -26 -25 -20 -13 -10 -12 -18 -24 -27 -28 -30 -38 -45 -49 -48 -48 -51 -50 -50 -52 -51 -50 -48 -47 -47 -47 -47 -48 -48 -48 -49 -48 -50 -51 -53 -52 -52 -51 -50 -50 -49 -48 -46 -44 -42 -41 -40 -36 -33 -31 -30 -29 -29 -28 -26 -26 -26 -26 -24 -22 -22
-34 -34 -34 -34 -33 -33 -33 -33 -34 -33 -30 -30 -31 -33 -34 -33 -31 -32 -31 -30 -30 -32 -31 -31 -30 -29 -28 -28 -27 -27 -27 -27 -27 -27 -25 -19 -13 -9 -10 -16 -23 -26 -27 -28 -29 -33 -40 -48 -50 -51 -52 -51 -51 -51 -51 -48 -47 -47 -49 -49 -47 -47 -47 -47 -49 -50 -51 -50 -50 -51 -51 -50 -49 -50 -49 -48 -45 -42 -41 -40 -37 -32 -31 -30 -29 -29 -28 -27 -26 -26 -26 -25 -22 -21 -20
-33 -33 -33 -34 -33 -33 -33 -33 -33 -33 -29 -29 -30 -32 -32 -31 -30 -31 -30 -30 -31 -32 -31 -31 -30 -29 -28 -27 -27 -27 -27 -27 -27 -26 -22 -13 -8 -9 -14 -22 -26 -27 -27 -27 -28 -30 -36 -47 -52 -53 -52 -51 -51 -53 -53 -48 -46 -48 -53 -55 -50 -48 -48 -47 -50 -51 -52 -50 -50 -50 -49 -49 -50 -51 -50 -49 -46 -43 -41 -38 -33 -30 -30 -30 -29 -29 -28 -26 -26 -26 -25 -23 -21 -20 -19
-32 -33 -34 -34 -33 -33 -33 -34 -34 -32 -29 -29 -30 -30 -31 -31 -30 -30 -30 -30 -30 -30 -29 -30 -29 -28 -27 -27 -27 -27 -27 -27 -26 -23 -16 -9 -7 -13 -20 -25 -26 -26 -27 -27 -27 -28 -33 -45 -54 -53 -51 -51 -51 -51 -51 -47 -45 -48 -53 -55 -52 -48 -46 -47 -50 -52 -52 -51 -51 -50 -49 -50 -52 -52 -51 -49 -45 -42 -41 -35 -32 -31 -30 -29 -29 -28 -28 -26 -25 -24 -22 -21 -20 -20 -19
-32 -32 -33 -34 -34 -33 -33 -32 -32 -31 -29 -29 -29 -29 -31 -31 -30 -31 -31 -30 -30 -31 -29 -29 -28 -27 -27 -27 -27 -27 -27 -26 -24 -18 -10 -7 -11 -18 -24 -26 -26 -26 -26 -27 -27 -28 -31 -44 -53 -53 -52 -52 -51 -49 -47 -46 -45 -48 -53 -55 -54 -49 -46 -48 -50 -51 -52 -50 -50 -50 -50 -51 -52 -52 -51 -47 -43 -41 -38 -33 -31 -32 -31 -30 -29 -28 -28 -26 -24 -21 -21 -21 -21 -19 -20
-33 -33 -33 -33 -33 -32 -31 -31 -31 -31 -30 -30 -29 -28 -29 -31 -31 -32 -31 -30 -30 -30 -29 -27 -27 -27 -28 -28 -28 -28 -26 -24 -19 -11 -6 -8 -16 -23 -25 -26 -26 -26 -26 -27 -27 -28 -31 -44 -54 -53 -53 -52 -50 -48 -46 -45 -45 -48 -54 -56 -54 -50 -47 -48 -50 -51 -52 -51 -51 -51 -51 -53 -52 -51 -49 -44 -41 -39 -35 -32 -31 -31 -30 -29 -29 -28 -26 -26 -24 -22 -21 -21 -20 -19 -19
-32 -31 -31 -31 -31 -31 -32 -32 -32 -32 -30 -29 -29 -29 -30 -32 -32 -31 -30 -29 -29 -28 -27 -27 -27 -28 -28 -28 -28 -27 -24 -19 -11 -6 -7 -14 -21 -24 -25 -25 -26 -26 -26 -27 -28 -29 -36 -50 -55 -53 -54 -53 -51 -47 -45 -45 -45 -48 -53 -56 -55 -52 -50 -49 -51 -51 -52 -53 -53 -51 -53 -55 -53 -51 -48 -43 -40 -37 -34 -32 -31 -30 -29 -29 -28 -27 -26 -25 -23 -22 -21 -20 -20 -20 -19
-31 -32 -33 -33 -32 -32 -32 -32 -31 -32 -30 -29 -29 -30 -30 -31 -31 -30 -29 -29 -28 -27 -27 -27 -28 -28 -28 -28 -27 -24 -20 -12 -6 -7 -13 -20 -23 -24 -24 -25 -25 -26 -26 -27 -28 -30 -40 -53 -55 -53 -55 -54 -51 -47 -46 -45 -47 -49 -53 -56 -58 -57 -52 -50 -52 -51 -51 -51 -52 -52 -53 -54 -52 -51 -47 -43 -40 -37 -34 -33 -31 -30 -29 -28 -27 -26 -26 -25 -23 -22 -21 -20 -20 -20 -19
-33 -35 -36 -36 -34 -33 -32 -32 -31 -31 -29 -28 -29 -30 -29 -29 -29 -29 -29 -29 -28 -28 -28 -28 -28 -29 -28 -26 -24 -19 -14 -7 -7 -12 -20 -23 -24 -23 -23 -24 -25 -26 -26 -27 -28 -31 -42 -54 -53 -51 -51 -54 -49 -46 -45 -44 -45 -47 -51 -54 -55 -55 -50 -49 -50 -51 -50 -50 -51 -51 -52 -53 -52 -50 -46 -43 -39 -36 -34 -33 -31 -29 -28 -27 -27 -26 -25 -24 -22 -21 -21 -20 -20 -20 -19
-32 -34 -34 -34 -34 -32 -32 -31 -31 -31 -30 -29 -29 -29 -29 -28 -28 -29 -29 -29 -29 -29 -29 -28 -28 -28 -27 -24 -21 -16 -10 -7 -10 -17 -23 -25 -25 -24 -24 -25 -25 -26 -27 -28 -30 -35 -46 -53 -52 -51 -52 -53 -48 -46 -44 -44 -44 -47 -51 -55 -56 -54 -51 -50 -51 -51 -50 -49 -49 -51 -52 -53 -51 -48 -43 -41 -38 -34 -32 -31 -29 -29 -27 -27 -27 -26 -25 -24 -22 -21 -21 -20 -20 -19 -19
-32 -32 -32 -31 -31 -31 -31 -31 -31 -31 -30 -29 -30 -30 -30 -29 -28 -28 -28 -29 -29 -29 -28 -28 -28 -27 -25 -22 -18 -11 -6 -9 -16 -22 -25 -25 -25 -24 -24 -24 -25 -26 -27 -29 -33 -40 -49 -52 -51 -52 -53 -52 -48 -45 -44 -43 -43 -46 -50 -54 -57 -56 -52 -50 -50 -50 -49 -48 -49 -50 -51 -53 -50 -44 -40 -39 -37 -34 -32 -31 -29 -29 -27 -26 -26 -25 -24 -23 -22 -21 -20 -20 -20 -19 -18
-32 -32 -31 -31 -30 -30 -30 -30 -30 -30 -31 -30 -30 -31 -31 -29 -29 -29 -28 -28 -29 -28 -28 -27 -27 -26 -23 -19 -14 -8 -9 -14 -21 -24 -25 -25 -24 -23 -23 -23 -24 -25 -26 -29 -37 -46 -50 -50 -51 -53 -53 -52 -48 -46 -45 -43 -43 -45 -48 -52 -58 -58 -53 -52 -53 -51 -49 -48 -49 -49 -51 -53 -50 -44 -39 -38 -37 -35 -33 -32 -29 -28 -27 -26 -25 -25 -24 -22 -21 -21 -21 -21 -19 -18 -18
-32 -31 -31 -30 -30 -29 -30 -30 -31 -30 -30 -30 -29 -30 -31 -29 -28 -29 -29 -29 -29 -29 -28 -27 -26 -25 -22 -18 -12 -9 -14 -19 -24 -25 -25 -25 -24 -24 -23 -23 -23 -25 -27 -34 -43 -50 -51 -50 -52 -54 -53 -53 -49 -47 -46 -43 -43 -46 -48 -51 -56 -57 -53 -52 -52 -50 -48 -49 -49 -49 -50 -52 -50 -45 -39 -38 -37 -34 -33 -32 -30 -28 -27 -27 -26 -25 -24 -23 -22 -22 -22 -21 -19 -17 -17
-31 -31 -30 -30 -30 -30 -31 -30 -30 -30 -30 -30 -29 -29 -30 -30 -29 -29 -29 -29 -29 -29 -28 -28 -27 -24 -20 -16 -14 -16 -21 -23 -25 -25 -25 -24 -24 -24 -23 -23 -24 -26 -31 -40 -48 -51 -51 -51 -52 -54 -54 -52 -47 -44 -44 -43 -44 -46 -48 -50 -55 -56 -52 -51 -50 -49 -50 -49 -50 -50 -51 -51 -49 -44 -42 -40 -38 -33 -31 -30 -29 -28 -27 -26 -25 -24 -23 -22 -21 -21 -22 -21 -18 -16 -16
-30 -30 -29 -30 -31 -32 -32 -32 -30 -29 -29 -29 -28 -28 -28 -29 -29 -29 -29 -29 -29 -29 -28 -28 -27 -22 -17 -16 -18 -21 -23 -24 -25 -24 -24 -24 -24 -24 -24 -24 -26 -32 -41 -47 -50 -50 -50 -51 -52 -53 -51 -47 -43 -42 -42 -44 -47 -47 -48 -50 -55 -56 -53 -51 -49 -50 -50 -49 -48 -49 -51 -52 -49 -45 -44 -41 -37 -34 -32 -31 -29 -27 -26 -25 -24 -23 -22 -21 -21 -20 -20 -19 -18 -15 -16
-29 -29 -30 -31 -32 -33 -32 -32 -31 -30 -29 -29 -29 -29 -28 -28 -28 -28 -28 -28 -28 -28 -28 -28 -25 -20 -18 -19 -21 -23 -24 -24 -24 -24 -24 -25 -25 -24 -24 -24 -26 -34 -44 -49 -50 -50 -50 -51 -53 -52 -47 -42 -41 -41 -43 -45 -47 -47 -47 -50 -55 -57 -54 -51 -50 -49 -49 -48 -47 -48 -51 -53 -49 -45 -43 -40 -37 -34 -32 -32 -32 -27 -25 -25 -24 -23 -22 -21 -20 -20 -20 -19 -17 -14 -15
-29 -30 -31 -32 -33 -33 -33 -33 -32 -31 -31 -31 -31 -30 -29 -28 -28 -27 -27 -27 -27 -28 -28 -27 -23 -21 -21 -22 -23 -24 -24 -24 -25 -24 -24 -25 -25 -25 -25 -25 -26 -33 -44 -50 -50 -50 -51 -53 -53 -50 -45 -42 -42 -44 -45 -46 -47 -49 -52 -52 -54 -56 -54 -51 -49 -49 -49 -48 -48 -48 -51 -53 -49 -45 -42 -39 -36 -34 -32 -31 -31 -27 -25 -24 -24 -22 -21 -21 -20 -20 -19 -18 -15 -13 -14
-30 -31 -31 -32 -32 -32 -32 -31 -31 -31 -29 -29 -29 -29 -29 -29 -29 -29 -28 -27 -27 -28 -28 -25 -23 -25 -25 -24 -23 -23 -24 -24 -24 -25 -25 -25 -25 -26 -25 -25 -27 -33 -44 -50 -51 -50 -52 -55 -54 -50 -46 -44 -43 -46 -46 -46 -48 -51 -53 -52 -52 -53 -52 -48 -47 -48 -48 -48 -48 -49 -51 -51 -49 -46 -42 -39 -36 -33 -32 -30 -28 -26 -25 -24 -23 -22 -21 -21 -20 -20 -19 -17 -13 -12 -15
-30 -31 -31 -30 -30 -30 -30 -29 -29 -29 -28 -28 -27 -27 -28 -28 -27 -28 -29 -29 -28 -28 -27 -24 -23 -25 -25 -24 -23 -24 -24 -24 -24 -24 -25 -25 -25 -26 -26 -26 -28 -32 -42 -49 -51 -51 -51 -54 -54 -51 -46 -45 -43 -44 -46 -48 -49 -51 -50 -50 -50 -52 -51 -48 -47 -48 -50 -49 -49 -51 -50 -50 -49 -46 -42 -40 -37 -33 -31 -29 -27 -25 -25 -24 -23 -22 -21 -21 -20 -20 -18 -15 -12 -12 -16
-30 -30 -29 -29 -29 -29 -29 -28 -28 -27 -27 -27 -27 -27 -28 -28 -28 -28 -28 -27 -27 -27 -26 -24 -24 -24 -23 -23 -23 -24 -24 -23 -24 -24 -24 -25 -25 -25 -26 -26 -27 -30 -36 -45 -51 -52 -51 -53 -53 -50 -47 -46 -44 -44 -46 -49 -51 -51 -51 -51 -50 -51 -50 -47 -46 -47 -49 -49 -49 -49 -49 -49 -48 -46 -42 -39 -36 -32 -30 -29 -27 -25 -25 -24 -24 -23 -22 -21 -20 -20 -17 -13 -10 -13 -17
-30 -30 -30 -30 -29 -29 -29 -29 -29 -28 -28 -28 -28 -27 -27 -28 -28 -27 -25 -25 -24 -24 -24 -23 -23 -22 -22 -22 -22 -23 -22 -22 -23 -23 -23 -24 -24 -24 -24 -25 -26 -27 -31 -43 -51 -53 -51 -52 -52 -50 -46 -45 -45 -45 -47 -50 -51 -51 -52 -51 -50 -50 -50 -49 -47 -48 -49 -49 -49 -48 -48 -48 -47 -45 -42 -38 -34 -31 -30 -29 -27 -26 -25 -24 -23 -23 -22 -21 -20 -18 -15 -11 -10 -15 -17
