processed_DEMs/150_150_18948.asc
ncols        150
nrows        150
xllcorner    -16.583333333333
yllcorner    28.333333333333
cellsize     0.004166666667
NODATA_value -32767
[rows 0 to 35 of 150, columns 0 to 80 of 150]
-3554 -3547 -3546 -3549 -3567 -3590 -3584 -3587 -3591 -3592 -3569 -3550 -3590 -3631 -3602 -3582 -3626 -3631 -3620 -3599 -3576 -3576 -3583 -3585 -3584 -3584 -3585 -3584 -3582 -3582 -3584 -3584 -3585 -3586 -3589 -3590 -3592 -3594 -3598 -3600 -3605 -3609 -3613 -3617 -3621 -3620 -3621 -3622 -3623 -3624 -3625 -3625 -3624 -3623 -3622 -3622 -3622 -3623 -3624 -3626 -3628 -3630 -3632 -3634 -3638 -3625 -3627 -3630 -3626 -3627 -3630 -3635 -3628 -3633 -3632 -3625 -3625 -3622 -3624 -3623 -3621
-3559 -3548 -3547 -3554 -3565 -3577 -3578 -3579 -3581 -3582 -3579 -3564 -3571 -3615 -3617 -3588 -3580 -3621 -3605 -3588 -3576 -3576 -3576 -3576 -3571 -3571 -3575 -3575 -3571 -3571 -3574 -3575 -3576 -3576 -3578 -3580 -3581 -3583 -3587 -3592 -3596 -3601 -3606 -3611 -3615 -3615 -3619 -3618 -3619 -3620 -3620 -3620 -3620 -3618 -3618 -3618 -3618 -3618 -3620 -3622 -3625 -3628 -3632 -3641 -3640 -3634 -3629 -3622 -3626 -3619 -3628 -3631 -3632 -3631 -3626 -3616 -3607 -3614 -3619 -3611 -3608
-3552 -3545 -3546 -3553 -3561 -3569 -3575 -3577 -3576 -3577 -3579 -3592 -3600 -3616 -3610 -3616 -3564 -3578 -3578 -3572 -3568 -3569 -3570 -3570 -3571 -3571 -3573 -3572 -3571 -3571 -3570 -3568 -3567 -3567 -3570 -3571 -3572 -3572 -3577 -3583 -3588 -3591 -3598 -3605 -3611 -3609 -3608 -3610 -3612 -3615 -3615 -3616 -3616 -3615 -3614 -3614 -3614 -3615 -3616 -3618 -3620 -3622 -3626 -3632 -3634 -3640 -3626 -3621 -3617 -3618 -3627 -3629 -3629 -3630 -3623 -3617 -3618 -3613 -3608 -3612 -3585
-3537 -3543 -3547 -3551 -3557 -3565 -3574 -3579 -3580 -3577 -3576 -3584 -3597 -3612 -3605 -3614 -3585 -3557 -3557 -3558 -3559 -3560 -3563 -3565 -3568 -3571 -3570 -3569 -3566 -3565 -3563 -3563 -3567 -3567 -3565 -3567 -3572 -3572 -3572 -3577 -3581 -3581 -3592 -3600 -3605 -3606 -3608 -3608 -3607 -3613 -3611 -3614 -3612 -3610 -3609 -3609 -3610 -3610 -3613 -3614 -3616 -3616 -3618 -3619 -3618 -3624 -3615 -3620 -3609 -3613 -3622 -3626 -3638 -3629 -3619 -3616 -3609 -3592 -3594 -3587 -3565
-3537 -3543 -3550 -3551 -3557 -3564 -3574 -3577 -3577 -3575 -3578 -3580 -3578 -3599 -3595 -3605 -3555 -3547 -3546 -3548 -3549 -3552 -3556 -3560 -3563 -3566 -3564 -3562 -3559 -3556 -3551 -3549 -3550 -3551 -3553 -3556 -3562 -3564 -3567 -3574 -3581 -3584 -3594 -3597 -3597 -3597 -3612 -3614 -3614 -3614 -3614 -3617 -3609 -3605 -3604 -3605 -3605 -3607 -3609 -3612 -3613 -3614 -3610 -3610 -3613 -3622 -3622 -3621 -3616 -3619 -3625 -3637 -3633 -3605 -3588 -3572 -3589 -3579 -3578 -3576 -3593
-3552 -3542 -3542 -3548 -3552 -3558 -3562 -3565 -3567 -3567 -3571 -3576 -3581 -3588 -3590 -3593 -3548 -3546 -3542 -3541 -3543 -3544 -3548 -3552 -3556 -3559 -3558 -3555 -3550 -3544 -3537 -3531 -3529 -3531 -3537 -3544 -3551 -3557 -3562 -3568 -3576 -3582 -3591 -3593 -3591 -3589 -3616 -3617 -3618 -3619 -3617 -3621 -3602 -3598 -3599 -3600 -3602 -3603 -3606 -3609 -3612 -3615 -3601 -3601 -3611 -3613 -3616 -3618 -3615 -3619 -3614 -3604 -3593 -3587 -3589 -3580 -3570 -3563 -3566 -3567 -3563
-3560 -3546 -3544 -3547 -3547 -3547 -3547 -3549 -3552 -3553 -3554 -3566 -3585 -3582 -3582 -3602 -3544 -3554 -3545 -3539 -3537 -3537 -3542 -3546 -3549 -3551 -3551 -3548 -3542 -3533 -3521 -3510 -3504 -3509 -3520 -3532 -3543 -3551 -3557 -3563 -3569 -3576 -3582 -3587 -3592 -3600 -3619 -3621 -3623 -3622 -3623 -3627 -3588 -3588 -3593 -3597 -3598 -3600 -3601 -3607 -3611 -3623 -3585 -3585 -3596 -3589 -3605 -3605 -3602 -3606 -3612 -3604 -3578 -3591 -3587 -3590 -3573 -3570 -3577 -3577 -3569
-3554 -3552 -3545 -3542 -3541 -3540 -3540 -3539 -3540 -3542 -3540 -3548 -3564 -3570 -3573 -3583 -3536 -3549 -3543 -3538 -3529 -3529 -3536 -3539 -3542 -3544 -3545 -3543 -3537 -3523 -3503 -3483 -3473 -3483 -3502 -3522 -3536 -3546 -3554 -3558 -3560 -3565 -3573 -3582 -3590 -3604 -3624 -3624 -3623 -3622 -3623 -3626 -3588 -3588 -3591 -3595 -3594 -3594 -3594 -3601 -3597 -3590 -3584 -3587 -3589 -3603 -3598 -3606 -3605 -3605 -3614 -3607 -3604 -3605 -3599 -3593 -3578 -3574 -3585 -3578 -3570
-3537 -3544 -3545 -3540 -3533 -3536 -3538 -3537 -3536 -3529 -3528 -3526 -3541 -3549 -3549 -3561 -3547 -3540 -3541 -3539 -3518 -3517 -3535 -3535 -3535 -3539 -3542 -3544 -3538 -3519 -3489 -3452 -3434 -3452 -3487 -3515 -3534 -3543 -3551 -3556 -3556 -3556 -3563 -3573 -3582 -3597 -3621 -3621 -3622 -3623 -3625 -3627 -3596 -3588 -3589 -3595 -3595 -3567 -3584 -3582 -3592 -3586 -3589 -3594 -3591 -3598 -3593 -3598 -3602 -3606 -3622 -3615 -3617 -3615 -3596 -3584 -3573 -3568 -3575 -3565 -3561
-3517 -3531 -3539 -3538 -3530 -3527 -3529 -3531 -3527 -3513 -3505 -3498 -3517 -3529 -3528 -3535 -3534 -3536 -3493 -3539 -3494 -3493 -3535 -3535 -3526 -3533 -3541 -3548 -3548 -3526 -3489 -3434 -3434 -3434 -3485 -3519 -3537 -3541 -3548 -3555 -3542 -3529 -3549 -3563 -3566 -3577 -3614 -3618 -3621 -3621 -3623 -3530 -3569 -3577 -3581 -3581 -3589 -3587 -3587 -3586 -3591 -3589 -3594 -3594 -3593 -3596 -3598 -3604 -3605 -3612 -3608 -3596 -3615 -3612 -3593 -3577 -3572 -3568 -3564 -3560 -3553
-3507 -3522 -3528 -3532 -3533 -3531 -3533 -3533 -3524 -3503 -3498 -3512 -3517 -3522 -3511 -3519 -3520 -3503 -3503 -3514 -3485 -3480 -3496 -3495 -3500 -3522 -3534 -3549 -3563 -3544 -3523 -3495 -3485 -3493 -3519 -3537 -3537 -3538 -3541 -3537 -3520 -3511 -3542 -3555 -3541 -3523 -3526 -3532 -3541 -3553 -3550 -3560 -3576 -3584 -3583 -3588 -3593 -3594 -3592 -3588 -3587 -3591 -3591 -3592 -3595 -3601 -3603 -3609 -3611 -3609 -3592 -3572 -3601 -3603 -3592 -3575 -3563 -3561 -3560 -3549 -3534
-3503 -3512 -3513 -3518 -3527 -3533 -3535 -3532 -3513 -3494 -3475 -3497 -3505 -3510 -3513 -3504 -3509 -3500 -3493 -3486 -3473 -3468 -3468 -3459 -3491 -3498 -3488 -3517 -3497 -3538 -3556 -3547 -3527 -3540 -3555 -3564 -3575 -3577 -3572 -3570 -3502 -3516 -3540 -3520 -3534 -3517 -3527 -3532 -3543 -3557 -3558 -3573 -3578 -3589 -3584 -3588 -3598 -3594 -3598 -3600 -3602 -3601 -3599 -3600 -3603 -3603 -3605 -3606 -3605 -3602 -3586 -3575 -3595 -3588 -3568 -3557 -3559 -3554 -3553 -3543 -3531
-3495 -3501 -3502 -3506 -3511 -3516 -3515 -3511 -3498 -3490 -3445 -3448 -3488 -3502 -3487 -3475 -3456 -3469 -3478 -3465 -3466 -3456 -3460 -3472 -3493 -3495 -3500 -3516 -3490 -3500 -3552 -3551 -3517 -3515 -3532 -3553 -3514 -3500 -3472 -3475 -3481 -3505 -3496 -3500 -3513 -3525 -3533 -3535 -3549 -3553 -3565 -3566 -3565 -3585 -3581 -3586 -3586 -3589 -3590 -3597 -3600 -3601 -3597 -3598 -3600 -3605 -3602 -3604 -3601 -3595 -3585 -3579 -3589 -3574 -3570 -3553 -3551 -3552 -3543 -3534 -3527
-3490 -3496 -3496 -3498 -3500 -3497 -3493 -3490 -3484 -3484 -3468 -3467 -3489 -3488 -3467 -3457 -3462 -3458 -3467 -3467 -3457 -3446 -3443 -3470 -3482 -3489 -3494 -3491 -3486 -3489 -3508 -3523 -3432 -3441 -3450 -3464 -3480 -3476 -3475 -3470 -3506 -3507 -3509 -3515 -3518 -3518 -3532 -3537 -3546 -3542 -3549 -3562 -3566 -3576 -3580 -3584 -3578 -3575 -3576 -3579 -3581 -3589 -3585 -3585 -3588 -3595 -3600 -3599 -3593 -3590 -3589 -3577 -3587 -3582 -3579 -3567 -3553 -3555 -3541 -3537 -3532
-3487 -3489 -3490 -3491 -3491 -3486 -3481 -3480 -3482 -3491 -3468 -3469 -3468 -3471 -3457 -3442 -3456 -3464 -3462 -3457 -3445 -3437 -3438 -3422 -3450 -3436 -3469 -3477 -3424 -3410 -3439 -3432 -3429 -3420 -3443 -3459 -3465 -3442 -3472 -3485 -3500 -3517 -3526 -3531 -3528 -3532 -3541 -3547 -3550 -3551 -3556 -3561 -3565 -3570 -3577 -3578 -3575 -3572 -3575 -3577 -3577 -3574 -3573 -3576 -3585 -3593 -3596 -3597 -3597 -3593 -3589 -3579 -3576 -3588 -3582 -3574 -3557 -3545 -3536 -3532 -3530
-3483 -3485 -3487 -3485 -3483 -3483 -3481 -3478 -3475 -3477 -3460 -3458 -3458 -3491 -3485 -3432 -3437 -3435 -3452 -3441 -3427 -3412 -3380 -3359 -3351 -3413 -3445 -3449 -3424 -3391 -3437 -3446 -3436 -3430 -3444 -3447 -3448 -3443 -3456 -3479 -3499 -3513 -3491 -3517 -3518 -3548 -3550 -3553 -3550 -3558 -3572 -3568 -3566 -3568 -3570 -3568 -3565 -3566 -3565 -3569 -3565 -3563 -3569 -3571 -3579 -3588 -3593 -3594 -3603 -3594 -3569 -3562 -3554 -3552 -3558 -3562 -3548 -3539 -3534 -3532 -3530
-3474 -3479 -3479 -3478 -3477 -3481 -3472 -3469 -3470 -3478 -3478 -3471 -3488 -3507 -3443 -3427 -3436 -3417 -3398 -3386 -3394 -3405 -3382 -3349 -3341 -3358 -3411 -3431 -3455 -3434 -3427 -3433 -3429 -3437 -3446 -3449 -3450 -3456 -3469 -3471 -3476 -3456 -3420 -3469 -3451 -3482 -3530 -3533 -3539 -3544 -3557 -3568 -3569 -3571 -3575 -3568 -3551 -3545 -3544 -3549 -3560 -3559 -3559 -3569 -3575 -3583 -3585 -3580 -3575 -3566 -3541 -3528 -3516 -3523 -3537 -3545 -3537 -3532 -3529 -3525 -3519
-3466 -3465 -3464 -3464 -3464 -3468 -3464 -3465 -3478 -3476 -3461 -3456 -3470 -3452 -3384 -3362 -3379 -3413 -3399 -3395 -3392 -3392 -3386 -3368 -3354 -3351 -3390 -3415 -3421 -3424 -3424 -3405 -3415 -3429 -3430 -3434 -3430 -3433 -3454 -3462 -3456 -3451 -3441 -3454 -3450 -3477 -3517 -3523 -3530 -3539 -3555 -3571 -3570 -3563 -3556 -3548 -3543 -3536 -3537 -3540 -3543 -3555 -3556 -3560 -3571 -3580 -3581 -3569 -3566 -3554 -3530 -3515 -3503 -3503 -3521 -3534 -3535 -3535 -3518 -3512 -3509
-3463 -3460 -3461 -3460 -3458 -3461 -3460 -3454 -3466 -3466 -3430 -3432 -3403 -3387 -3382 -3362 -3381 -3407 -3406 -3398 -3400 -3379 -3378 -3380 -3374 -3371 -3383 -3397 -3404 -3417 -3413 -3404 -3415 -3431 -3432 -3428 -3416 -3415 -3436 -3450 -3459 -3465 -3444 -3442 -3466 -3504 -3524 -3527 -3529 -3522 -3535 -3560 -3553 -3545 -3538 -3536 -3536 -3528 -3528 -3531 -3537 -3546 -3553 -3556 -3563 -3573 -3576 -3576 -3566 -3544 -3528 -3516 -3500 -3497 -3510 -3528 -3541 -3535 -3518 -3510 -3504
-3463 -3453 -3462 -3462 -3460 -3461 -3448 -3447 -3460 -3467 -3396 -3389 -3380 -3397 -3398 -3384 -3393 -3394 -3392 -3396 -3396 -3391 -3390 -3388 -3378 -3376 -3377 -3394 -3406 -3414 -3406 -3407 -3419 -3434 -3437 -3427 -3416 -3415 -3421 -3432 -3433 -3451 -3445 -3437 -3441 -3463 -3487 -3517 -3520 -3520 -3540 -3547 -3545 -3532 -3533 -3533 -3536 -3531 -3529 -3531 -3534 -3537 -3546 -3555 -3562 -3574 -3571 -3571 -3558 -3542 -3528 -3512 -3506 -3508 -3509 -3510 -3514 -3504 -3492 -3473 -3460
-3471 -3464 -3462 -3465 -3462 -3464 -3446 -3461 -3433 -3387 -3393 -3398 -3401 -3396 -3398 -3387 -3397 -3398 -3390 -3389 -3394 -3394 -3386 -3365 -3364 -3377 -3395 -3411 -3415 -3407 -3379 -3382 -3421 -3432 -3411 -3416 -3422 -3422 -3423 -3401 -3392 -3390 -3423 -3432 -3435 -3455 -3476 -3487 -3491 -3493 -3523 -3530 -3537 -3544 -3531 -3516 -3522 -3530 -3542 -3542 -3538 -3538 -3544 -3549 -3556 -3553 -3553 -3545 -3539 -3533 -3527 -3528 -3526 -3487 -3482 -3486 -3472 -3459 -3435 -3420 -3415
-3446 -3444 -3446 -3450 -3444 -3438 -3427 -3417 -3398 -3388 -3385 -3401 -3406 -3399 -3398 -3390 -3377 -3382 -3381 -3384 -3390 -3389 -3379 -3365 -3381 -3394 -3402 -3407 -3400 -3401 -3378 -3370 -3391 -3412 -3401 -3401 -3406 -3393 -3393 -3391 -3393 -3400 -3422 -3437 -3448 -3456 -3472 -3480 -3473 -3479 -3509 -3528 -3541 -3552 -3536 -3511 -3506 -3509 -3516 -3522 -3530 -3524 -3535 -3554 -3545 -3538 -3540 -3534 -3538 -3531 -3515 -3504 -3496 -3468 -3461 -3454 -3429 -3423 -3417 -3407 -3400
-3422 -3427 -3434 -3442 -3427 -3410 -3407 -3398 -3400 -3400 -3402 -3410 -3400 -3386 -3378 -3367 -3364 -3374 -3378 -3375 -3377 -3371 -3366 -3361 -3371 -3382 -3384 -3391 -3387 -3390 -3375 -3361 -3370 -3386 -3378 -3391 -3395 -3388 -3365 -3357 -3371 -3372 -3407 -3445 -3449 -3463 -3471 -3482 -3482 -3470 -3445 -3456 -3511 -3525 -3543 -3531 -3512 -3498 -3498 -3505 -3509 -3516 -3530 -3539 -3537 -3526 -3528 -3525 -3536 -3516 -3496 -3489 -3477 -3449 -3432 -3424 -3423 -3417 -3414 -3410 -3406
-3410 -3414 -3423 -3423 -3411 -3394 -3401 -3398 -3413 -3420 -3428 -3425 -3398 -3387 -3385 -3386 -3386 -3376 -3375 -3369 -3364 -3357 -3349 -3353 -3358 -3363 -3371 -3384 -3384 -3358 -3365 -3359 -3355 -3374 -3374 -3384 -3391 -3379 -3352 -3337 -3347 -3330 -3391 -3437 -3437 -3449 -3443 -3440 -3446 -3431 -3417 -3445 -3463 -3452 -3492 -3504 -3498 -3493 -3494 -3499 -3500 -3515 -3529 -3531 -3527 -3532 -3515 -3515 -3511 -3492 -3479 -3472 -3458 -3439 -3424 -3418 -3416 -3405 -3410 -3408 -3402
-3408 -3405 -3415 -3407 -3392 -3387 -3390 -3396 -3372 -3383 -3399 -3377 -3352 -3366 -3386 -3394 -3383 -3367 -3364 -3356 -3356 -3346 -3333 -3336 -3351 -3363 -3359 -3357 -3353 -3295 -3335 -3354 -3338 -3345 -3352 -3366 -3370 -3336 -3331 -3329 -3331 -3330 -3370 -3417 -3438 -3450 -3445 -3420 -3414 -3406 -3410 -3443 -3440 -3453 -3472 -3474 -3479 -3490 -3499 -3512 -3509 -3491 -3521 -3515 -3512 -3505 -3499 -3496 -3487 -3485 -3490 -3471 -3454 -3434 -3423 -3411 -3405 -3398 -3385 -3375 -3366
-3419 -3406 -3409 -3397 -3395 -3394 -3394 -3389 -3375 -3363 -3350 -3344 -3343 -3349 -3363 -3359 -3342 -3336 -3339 -3331 -3333 -3326 -3317 -3327 -3330 -3348 -3345 -3337 -3333 -3315 -3336 -3330 -3304 -3338 -3340 -3340 -3334 -3333 -3334 -3327 -3323 -3322 -3351 -3393 -3411 -3408 -3424 -3416 -3409 -3406 -3417 -3430 -3450 -3488 -3474 -3468 -3464 -3469 -3473 -3466 -3497 -3503 -3505 -3504 -3501 -3495 -3488 -3487 -3484 -3479 -3470 -3453 -3436 -3428 -3419 -3399 -3380 -3376 -3378 -3371 -3365
-3414 -3395 -3393 -3392 -3394 -3394 -3387 -3390 -3377 -3365 -3353 -3347 -3348 -3359 -3350 -3340 -3323 -3319 -3320 -3319 -3317 -3309 -3297 -3288 -3278 -3328 -3329 -3333 -3337 -3295 -3311 -3301 -3287 -3322 -3339 -3315 -3302 -3328 -3327 -3327 -3326 -3333 -3345 -3360 -3379 -3386 -3385 -3388 -3397 -3410 -3422 -3415 -3430 -3439 -3445 -3453 -3458 -3462 -3460 -3455 -3481 -3499 -3487 -3489 -3489 -3482 -3481 -3475 -3469 -3465 -3455 -3440 -3427 -3423 -3411 -3388 -3362 -3358 -3357 -3357 -3361
-3392 -3388 -3392 -3392 -3394 -3391 -3381 -3377 -3355 -3355 -3344 -3342 -3348 -3346 -3337 -3336 -3319 -3308 -3282 -3269 -3278 -3271 -3270 -3261 -3264 -3314 -3316 -3330 -3315 -3279 -3300 -3302 -3276 -3278 -3315 -3295 -3287 -3311 -3318 -3320 -3328 -3339 -3347 -3349 -3357 -3365 -3371 -3360 -3365 -3378 -3407 -3418 -3421 -3412 -3408 -3421 -3432 -3438 -3450 -3460 -3468 -3482 -3476 -3477 -3481 -3472 -3473 -3466 -3461 -3460 -3446 -3433 -3421 -3413 -3394 -3383 -3361 -3348 -3336 -3334 -3336
-3390 -3388 -3387 -3386 -3382 -3370 -3367 -3368 -3349 -3315 -3322 -3326 -3318 -3297 -3288 -3293 -3290 -3270 -3237 -3235 -3236 -3251 -3247 -3240 -3257 -3273 -3278 -3285 -3274 -3271 -3263 -3273 -3273 -3273 -3263 -3269 -3279 -3298 -3306 -3320 -3333 -3338 -3335 -3348 -3351 -3347 -3349 -3342 -3336 -3352 -3387 -3400 -3408 -3401 -3395 -3408 -3412 -3423 -3448 -3458 -3465 -3467 -3465 -3465 -3469 -3460 -3466 -3465 -3461 -3454 -3440 -3431 -3428 -3422 -3402 -3379 -3354 -3335 -3321 -3314 -3315
-3379 -3381 -3383 -3384 -3374 -3360 -3357 -3355 -3343 -3319 -3286 -3283 -3285 -3267 -3240 -3238 -3246 -3232 -3213 -3202 -3206 -3227 -3217 -3214 -3222 -3242 -3235 -3244 -3241 -3233 -3243 -3245 -3239 -3262 -3258 -3265 -3274 -3300 -3298 -3314 -3326 -3328 -3320 -3327 -3331 -3325 -3331 -3328 -3331 -3341 -3371 -3380 -3383 -3379 -3392 -3402 -3412 -3419 -3430 -3438 -3443 -3448 -3453 -3453 -3455 -3460 -3462 -3459 -3455 -3444 -3436 -3438 -3436 -3399 -3367 -3340 -3332 -3324 -3309 -3300 -3303
-3381 -3382 -3382 -3379 -3364 -3356 -3351 -3342 -3333 -3309 -3269 -3254 -3236 -3198 -3178 -3171 -3187 -3176 -3163 -3148 -3151 -3163 -3173 -3169 -3168 -3201 -3209 -3217 -3210 -3206 -3213 -3216 -3214 -3232 -3233 -3238 -3252 -3292 -3297 -3306 -3311 -3311 -3312 -3310 -3309 -3322 -3325 -3330 -3339 -3326 -3345 -3361 -3370 -3372 -3372 -3389 -3404 -3422 -3415 -3426 -3425 -3435 -3443 -3444 -3439 -3438 -3448 -3448 -3445 -3440 -3441 -3444 -3427 -3375 -3335 -3330 -3328 -3319 -3311 -3302 -3291
-3371 -3376 -3369 -3361 -3352 -3346 -3342 -3335 -3327 -3315 -3275 -3233 -3193 -3148 -3142 -3135 -3135 -3115 -3101 -3099 -3099 -3109 -3096 -3073 -3121 -3171 -3189 -3195 -3208 -3210 -3209 -3197 -3206 -3218 -3219 -3226 -3249 -3284 -3285 -3293 -3297 -3289 -3298 -3292 -3283 -3282 -3308 -3316 -3321 -3324 -3326 -3343 -3346 -3347 -3365 -3383 -3397 -3410 -3404 -3407 -3391 -3422 -3433 -3441 -3437 -3437 -3434 -3432 -3432 -3434 -3439 -3433 -3409 -3366 -3338 -3341 -3303 -3282 -3296 -3297 -3288
-3349 -3358 -3354 -3347 -3343 -3335 -3336 -3328 -3332 -3315 -3267 -3230 -3179 -3141 -3130 -3118 -3094 -3074 -3074 -3076 -3080 -3084 -3056 -3022 -3061 -3132 -3179 -3176 -3184 -3184 -3186 -3175 -3184 -3205 -3210 -3213 -3243 -3271 -3274 -3282 -3287 -3284 -3282 -3282 -3268 -3251 -3272 -3284 -3278 -3300 -3318 -3326 -3321 -3327 -3359 -3374 -3387 -3397 -3395 -3401 -3408 -3416 -3421 -3426 -3431 -3439 -3420 -3414 -3409 -3413 -3418 -3414 -3397 -3360 -3353 -3328 -3261 -3245 -3257 -3261 -3263
-3335 -3342 -3339 -3336 -3344 -3350 -3332 -3310 -3293 -3257 -3226 -3193 -3131 -3107 -3090 -3079 -3066 -3058 -3055 -3059 -3049 -3050 -3043 -3028 -3043 -3087 -3117 -3108 -3128 -3149 -3144 -3149 -3150 -3171 -3189 -3198 -3211 -3231 -3257 -3274 -3278 -3266 -3257 -3266 -3265 -3249 -3243 -3260 -3277 -3293 -3304 -3314 -3317 -3334 -3342 -3366 -3374 -3378 -3381 -3383 -3396 -3409 -3414 -3411 -3415 -3406 -3398 -3395 -3387 -3382 -3383 -3387 -3386 -3367 -3352 -3307 -3263 -3245 -3244 -3244 -3244
-3325 -3332 -3323 -3328 -3338 -3329 -3309 -3291 -3266 -3217 -3183 -3144 -3107 -3078 -3057 -3056 -3046 -3034 -3034 -3029 -3016 -3018 -3016 -3018 -3018 -3032 -3052 -3049 -3086 -3106 -3107 -3108 -3117 -3136 -3158 -3177 -3210 -3237 -3241 -3258 -3265 -3241 -3237 -3241 -3242 -3239 -3233 -3242 -3256 -3270 -3297 -3310 -3316 -3328 -3341 -3357 -3365 -3358 -3362 -3366 -3377 -3392 -3400 -3391 -3381 -3377 -3373 -3368 -3360 -3349 -3342 -3354 -3368 -3362 -3347 -3315 -3279 -3256 -3237 -3231 -3227
-3322 -3320 -3313 -3318 -3314 -3303 -3296 -3278 -3259 -3219 -3145 -3118 -3091 -3069 -3059 -3048 -3033 -3029 -3017 -3013 -3005 -3008 -3002 -3010 -3001 -2997 -3019 -3023 -3027 -3049 -3065 -3069 -3088 -3114 -3126 -3156 -3184 -3208 -3224 -3241 -3232 -3217 -3216 -3199 -3193 -3204 -3224 -3228 -3231 -3264 -3286 -3296 -3315 -3316 -3341 -3346 -3342 -3348 -3349 -3352 -3362 -3375 -3379 -3364 -3349 -3338 -3335 -3332 -3332 -3324 -3324 -3337 -3355 -3354 -3337 -3315 -3294 -3268 -3236 -3217 -3214
