processed_DEMs/150_150_17026.asc
ncols        150
nrows        150
xllcorner    1.162500000000
yllcorner    50.687500000000
cellsize     0.004166666667
NODATA_value -32767
[rows 0 to 41 of 150, columns 0 to 94 of 150]
9 5 7 7 2 2 2 1 1 2 2 3 2 2 2 5 10 10 9 6 4 3 3 3 2 2 2 2 2 2 2 2 2 2 2 2 2 2 2 2 3 4 4 3 4 7 5 3 3 3 2 2 1 1 0 -1 -2 -3 -3 -2 -2 -2 -2 -3 -3 -4 -5 -6 -7 -7 -7 -7 -8 -8 -8 -9 -9 -9 -9 -9 -9 -10 -10 -11 -12 -13 -13 -12 -10 -8 -7 -5 -8 -14 -15
2 1 2 4 3 2 3 4 8 8 5 3 2 2 4 11 13 11 7 5 3 3 5 5 4 3 3 3 3 4 2 2 2 2 2 2 2 2 2 2 3 3 4 4 5 6 6 5 4 3 1 2 2 1 -1 -2 -3 -2 -1 0 -1 -1 -2 -2 -3 -4 -6 -7 -7 -6 -7 -8 -9 -9 -9 -10 -10 -10 -9 -9 -9 -10 -11 -12 -13 -13 -11 -9 -6 -5 -4 -4 -7 -14 -16
4 4 5 6 6 5 5 10 17 11 3 2 2 8 13 16 16 11 7 6 5 4 6 9 7 5 7 9 8 8 5 3 3 4 3 3 3 2 3 3 3 2 4 10 5 4 5 3 3 4 3 2 2 1 -1 -3 -3 -3 -2 -1 -1 -1 -1 -2 -3 -5 -6 -7 -6 -6 -9 -10 -10 -11 -11 -10 -10 -11 -10 -9 -10 -11 -12 -11 -10 -9 -5 -3 -3 -2 -3 -3 -7 -14 -16
19 18 19 15 8 10 13 13 7 3 2 3 8 11 14 14 14 11 9 9 7 6 8 11 10 8 7 12 14 12 9 6 8 9 7 6 4 3 6 5 4 4 4 7 4 3 3 3 3 6 6 2 2 1 -1 -3 -3 -4 -4 -2 -1 -1 -2 -2 -3 -5 -6 -5 -5 -7 -10 -11 -11 -11 -10 -10 -10 -10 -10 -11 -12 -13 -11 -8 -6 -5 -3 -2 -1 0 -1 -2 -8 -14 -15
26 14 14 15 17 18 14 8 3 4 12 15 18 18 17 16 15 15 14 14 13 9 12 14 12 11 9 14 16 13 9 4 7 10 7 5 3 4 6 11 10 4 3 3 5 4 3 3 3 4 4 2 2 1 -1 -3 -3 -4 -4 -4 -2 -1 -1 -2 -3 -5 -5 -4 -6 -9 -10 -11 -10 -10 -10 -11 -12 -11 -11 -11 -13 -12 -8 -4 -5 -4 -2 -1 0 1 1 -1 -9 -15 -14
25 22 22 20 20 15 8 4 3 6 16 22 22 23 23 21 19 19 20 20 20 19 20 20 18 14 14 19 18 15 10 6 5 5 4 3 3 3 4 8 7 3 3 5 6 5 4 3 3 3 4 3 2 1 -1 -2 -3 -4 -4 -5 -4 -2 -1 -2 -3 -4 -4 -4 -8 -10 -10 -10 -10 -11 -11 -12 -12 -11 -9 -9 -8 -5 -4 -4 -5 -5 -3 -1 0 1 1 -1 -11 -16 -14
31 30 21 13 11 7 5 6 7 6 6 9 11 20 27 25 23 24 25 24 23 23 24 23 19 16 18 22 23 16 13 12 11 8 6 3 3 3 3 4 4 3 3 7 5 3 3 3 3 4 4 4 2 1 -1 -2 -3 -4 -4 -5 -5 -3 -1 -2 -3 -3 -3 -5 -8 -9 -10 -10 -11 -10 -11 -12 -10 -6 -5 -5 -2 0 -3 -7 -8 -6 -2 0 1 1 0 -4 -12 -15 -12
28 23 15 8 7 7 7 9 9 9 5 4 8 20 30 24 20 21 24 27 28 27 30 28 23 20 21 22 22 17 16 16 12 11 8 3 2 2 3 3 4 5 3 4 3 3 3 4 4 4 5 5 4 1 -1 -2 -3 -3 -4 -4 -5 -4 -2 -1 -1 -2 -4 -8 -10 -11 -11 -11 -10 -11 -12 -10 -6 -6 -5 -4 -1 -2 -7 -11 -9 -3 0 0 -1 -1 -2 -7 -13 -13 -10
17 13 10 10 13 12 10 9 9 8 5 5 8 15 27 18 11 15 18 20 20 17 24 22 17 14 13 10 11 16 22 25 23 17 11 7 5 3 3 3 3 5 5 6 4 4 3 3 3 3 5 6 6 2 -1 -2 -2 -3 -3 -4 -5 -5 -4 -1 -1 -2 -6 -10 -10 -11 -10 -10 -11 -12 -11 -6 -7 -8 -5 -3 -2 -5 -12 -12 -6 -2 -2 -3 -4 -4 -7 -11 -13 -9 -7
16 12 16 19 17 18 17 15 12 10 8 5 7 8 9 9 7 9 8 9 9 10 13 12 9 8 9 9 8 11 16 21 23 17 12 9 5 3 3 3 4 5 5 7 7 4 3 3 3 4 5 5 6 4 0 -2 -2 -3 -3 -4 -4 -5 -4 -2 -1 -4 -8 -9 -9 -9 -10 -11 -12 -12 -9 -5 -9 -7 -4 -3 -5 -11 -13 -7 -3 -4 -6 -7 -7 -9 -11 -10 -7 -4 -5
15 13 21 25 24 24 21 14 14 15 8 10 16 14 9 12 13 11 10 13 16 12 9 7 9 12 13 13 12 10 14 24 29 25 17 12 6 4 4 5 7 8 4 5 7 5 3 3 3 3 3 4 4 5 2 -1 -3 -3 -3 -4 -4 -5 -5 -3 -3 -6 -8 -7 -8 -9 -11 -12 -12 -11 -7 -7 -9 -7 -4 -5 -10 -14 -10 -5 -4 -5 -6 -8 -8 -7 -4 -3 -2 -1 -6
22 20 25 33 32 22 19 23 23 19 11 14 20 14 11 18 24 21 19 19 20 19 17 14 14 15 19 18 18 16 13 17 24 28 25 21 14 10 8 7 6 6 4 4 5 4 2 2 2 2 3 4 5 6 3 -1 -2 -3 -4 -4 -5 -5 -5 -4 -5 -7 -8 -8 -8 -10 -12 -12 -11 -7 -5 -8 -10 -7 -6 -8 -13 -15 -11 -6 -5 -5 -6 -6 -5 -4 -2 -1 0 0 -10
29 32 31 37 34 22 26 32 28 29 21 12 20 21 19 19 27 33 32 27 25 27 27 24 22 24 27 24 22 19 13 15 16 17 22 20 14 8 6 6 6 5 4 5 5 3 3 3 2 2 2 2 3 3 5 1 -2 -3 -4 -5 -5 -6 -6 -6 -6 -7 -7 -7 -9 -11 -12 -11 -8 -5 -6 -9 -10 -8 -9 -11 -14 -15 -13 -10 -9 -9 -9 -8 -6 -3 -2 -1 0 -5 -16
38 41 40 37 32 27 35 38 37 36 25 16 17 27 26 26 21 25 37 39 34 33 33 32 28 28 24 20 19 19 18 21 18 15 14 14 12 8 8 7 7 6 6 5 4 3 3 2 1 2 1 1 1 3 4 3 -1 -3 -4 -5 -6 -6 -7 -8 -8 -8 -7 -8 -10 -12 -12 -9 -7 -9 -10 -8 -9 -10 -12 -14 -16 -16 -15 -13 -13 -11 -6 -3 -2 -1 0 -1 -7 -15 -20
47 46 45 39 43 47 51 50 41 29 25 31 37 38 35 38 35 27 27 39 39 36 33 31 28 25 22 22 26 25 22 22 19 15 13 13 13 12 10 8 7 6 7 7 5 3 2 2 1 1 1 1 1 1 3 3 1 -2 -4 -5 -6 -7 -7 -9 -10 -9 -7 -8 -10 -11 -10 -9 -10 -14 -13 -11 -12 -13 -14 -15 -16 -16 -16 -14 -10 -5 -1 -1 -1 -2 -5 -10 -17 -20 -20
49 53 53 52 57 57 52 41 29 27 35 47 48 38 41 48 40 29 34 40 42 46 44 37 27 25 26 31 34 32 28 22 17 16 17 14 8 6 10 12 8 4 3 5 6 3 1 9999 9999 9999 9999 9999 1 1 1 3 4 -1 -3 -5 -6 -6 -7 -9 -10 -9 -8 -8 -9 -9 -10 -12 -14 -15 -14 -14 -14 -15 -15 -16 -16 -16 -15 -10 -4 -1 -2 -3 -7 -12 -16 -19 -20 -20 -17
60 66 68 64 59 50 41 35 31 38 47 53 51 44 52 46 36 38 47 47 48 44 37 28 29 36 35 38 40 40 30 19 26 32 27 18 14 16 22 20 14 10 7 4 4 4 2 9999 9999 9999 9999 9999 1 1 1 2 4 2 -2 -4 -6 -6 -7 -9 -10 -9 -9 -9 -9 -10 -13 -14 -15 -14 -14 -14 -15 -15 -16 -16 -16 -15 -12 -5 -2 -3 -6 -11 -16 -19 -19 -18 -16 -10 -4
81 79 65 55 45 40 41 45 46 53 54 51 52 55 47 44 48 52 57 53 45 35 31 36 42 44 42 47 47 36 29 37 42 34 20 19 29 35 30 23 19 14 11 8 3 2 2 2 2 2 4 7 6 3 1 2 4 3 -1 -4 -5 -6 -8 -9 -10 -9 -10 -10 -11 -13 -14 -14 -14 -14 -14 -15 -15 -16 -16 -16 -16 -13 -7 -4 -5 -9 -14 -17 -19 -18 -15 -10 -5 -3 -2
81 72 62 56 52 45 46 53 56 58 56 60 57 50 46 57 62 63 62 48 36 33 42 50 52 53 54 43 33 34 42 42 39 26 21 30 37 41 32 19 18 18 15 11 4 3 5 7 6 7 11 12 10 4 1 1 3 4 -1 -4 -6 -7 -8 -10 -10 -11 -11 -12 -14 -16 -15 -14 -14 -14 -15 -15 -15 -16 -16 -16 -15 -10 -6 -7 -11 -15 -17 -17 -15 -10 -6 -5 -4 -3 -1
76 68 70 70 61 59 57 64 69 65 64 62 57 54 57 64 64 62 57 46 34 42 58 62 63 61 48 33 33 42 33 24 22 26 39 51 49 35 28 26 25 20 25 20 9 4 5 8 7 4 4 3 2 1 2 2 3 4 1 -4 -6 -8 -9 -11 -12 -12 -13 -14 -15 -16 -15 -14 -14 -14 -15 -15 -15 -16 -16 -16 -13 -9 -10 -13 -16 -17 -15 -11 -8 -7 -7 -6 -4 -1 0
76 76 85 75 65 69 69 78 82 77 73 69 67 64 56 51 48 45 42 41 43 60 72 70 61 48 37 39 50 37 30 24 27 39 53 51 46 41 37 36 36 36 35 29 20 10 6 6 12 10 7 5 2 2 3 3 3 5 3 -3 -5 -8 -9 -9 -12 -13 -13 -14 -15 -15 -16 -16 -16 -16 -16 -16 -16 -17 -16 -14 -12 -12 -14 -14 -14 -13 -11 -11 -10 -7 -4 -2 -2 -2 -2
88 87 89 81 74 75 82 87 85 81 76 67 61 56 56 59 47 42 45 47 54 67 71 56 45 39 41 46 45 42 43 32 28 46 61 55 54 50 45 47 48 38 30 28 20 11 9 5 10 19 18 11 7 5 6 5 6 7 3 -3 -5 -7 -7 -9 -12 -13 -13 -14 -14 -14 -15 -16 -18 -19 -18 -18 -18 -18 -16 -11 -10 -11 -11 -11 -11 -13 -14 -11 -6 -4 -4 -4 -4 -4 -3
94 99 93 91 87 96 99 92 80 73 66 62 65 69 66 55 50 46 51 62 71 69 62 44 40 46 61 49 38 46 45 36 32 47 66 67 63 57 51 47 43 34 30 20 20 19 16 12 8 14 18 19 13 8 8 6 7 7 2 -3 -5 -6 -7 -10 -13 -13 -14 -14 -14 -14 -15 -16 -17 -19 -19 -20 -20 -19 -17 -12 -10 -10 -11 -14 -17 -18 -14 -7 -5 -5 -6 -7 -8 -8 -6
84 98 101 103 103 100 95 90 78 76 77 78 77 75 68 67 60 53 65 70 63 54 51 54 60 64 62 47 42 45 46 43 37 48 69 70 67 63 58 51 46 36 29 21 30 35 30 24 12 10 16 24 19 11 8 6 7 7 2 -3 -5 -6 -7 -11 -13 -13 -14 -14 -14 -15 -16 -17 -17 -18 -18 -19 -20 -20 -19 -16 -15 -16 -18 -20 -19 -17 -12 -8 -6 -4 -3 -2 -3 -5 -6
73 83 88 97 105 104 98 90 88 89 89 85 77 76 78 76 61 59 67 62 61 56 62 73 69 66 63 56 50 53 57 51 42 51 72 60 47 44 42 37 35 31 26 28 42 43 31 20 14 13 14 24 28 21 14 9 8 8 3 -3 -5 -6 -8 -12 -13 -13 -14 -14 -15 -16 -17 -17 -18 -18 -19 -19 -20 -20 -20 -20 -20 -21 -21 -19 -16 -13 -10 -7 -5 -3 -2 -2 -3 -5 -11
73 87 97 105 110 105 99 101 99 87 80 79 81 83 83 73 67 75 70 63 63 63 75 78 67 63 66 62 53 57 54 48 47 62 64 48 44 42 37 35 33 32 32 46 56 42 33 24 17 18 15 21 30 29 23 13 7 6 2 -3 -5 -6 -9 -12 -13 -14 -14 -16 -17 -17 -18 -18 -18 -19 -19 -20 -20 -20 -21 -21 -22 -22 -20 -17 -13 -9 -8 -7 -4 -3 -4 -6 -9 -16 -21
66 71 81 98 111 116 108 100 93 85 77 86 98 96 81 77 87 78 71 74 79 81 75 69 64 66 67 61 62 66 55 51 60 64 58 58 57 47 40 48 46 48 56 50 42 30 23 23 26 29 25 21 23 27 27 20 14 8 1 -3 -5 -7 -9 -12 -14 -15 -16 -17 -18 -18 -18 -18 -19 -19 -20 -20 -21 -21 -21 -22 -22 -21 -18 -14 -8 -7 -9 -9 -7 -6 -8 -11 -16 -19 -21
72 67 63 77 102 116 108 106 108 94 88 98 103 93 84 90 91 76 80 87 90 84 73 69 68 74 66 67 77 71 58 63 67 65 70 63 55 52 58 62 61 61 50 32 27 24 29 38 34 34 33 28 30 35 34 21 24 16 1 -3 -5 -7 -10 -13 -14 -16 -17 -19 -19 -19 -19 -19 -20 -20 -21 -21 -21 -22 -22 -22 -22 -20 -15 -10 -6 -6 -7 -9 -11 -11 -14 -16 -13 -16 -23
97 86 67 68 95 118 122 116 106 105 109 108 98 90 95 92 81 77 91 95 87 84 78 73 79 76 68 81 84 69 67 70 64 69 66 60 65 71 74 69 57 50 42 36 33 32 45 50 39 40 40 40 42 40 31 25 30 19 1 -3 -5 -7 -10 -12 -14 -17 -19 -20 -20 -20 -20 -20 -21 -21 -21 -22 -22 -22 -22 -23 -21 -17 -12 -6 -2 -3 -4 -5 -7 -10 -16 -16 -14 -21 -26
113 97 75 71 81 100 121 121 118 119 111 106 104 101 100 92 88 91 101 106 93 83 81 90 86 85 88 87 83 79 77 74 77 76 72 72 72 71 61 53 44 43 54 51 42 37 51 56 48 49 63 61 54 38 26 35 36 19 1 -2 -5 -8 -11 -14 -15 -17 -19 -20 -20 -21 -21 -21 -21 -22 -22 -22 -22 -23 -23 -22 -19 -13 -6 -1 -1 -1 -1 -2 -5 -14 -17 -15 -20 -25 -26
95 78 93 99 83 85 117 127 127 121 119 123 115 110 104 91 102 114 115 103 91 88 97 101 94 103 96 82 84 89 82 89 88 84 84 75 66 60 50 49 62 66 62 47 46 52 62 60 55 59 70 62 51 34 34 45 34 20 3 -2 -5 -9 -14 -16 -17 -19 -20 -20 -21 -21 -21 -22 -22 -22 -23 -23 -23 -23 -23 -21 -15 -6 -1 -1 -1 -1 -1 -3 -11 -18 -17 -21 -25 -26 -27
98 74 92 110 88 85 109 124 129 132 131 125 122 119 111 103 115 122 110 101 106 112 113 104 108 103 90 88 94 91 90 101 105 89 74 64 64 66 58 65 71 62 52 58 70 73 67 65 65 66 60 49 40 43 62 63 43 31 6 -1 -6 -11 -15 -18 -19 -20 -20 -21 -22 -22 -22 -22 -23 -23 -23 -23 -24 -24 -22 -16 -7 -2 -1 -2 -2 -1 -1 -9 -18 -20 -22 -25 -27 -27 -28
95 82 92 117 107 91 96 110 113 123 128 129 130 126 124 121 124 121 115 118 119 117 113 112 106 96 99 105 102 102 100 98 93 78 71 73 73 71 68 74 66 60 66 76 80 74 71 72 63 55 45 44 48 58 62 53 29 24 5 -2 -7 -13 -16 -18 -20 -20 -21 -21 -21 -22 -23 -23 -23 -24 -24 -24 -24 -23 -18 -8 -2 -2 -2 -3 -3 -2 -7 -17 -22 -24 -26 -27 -27 -28 -30
109 112 95 124 123 112 109 114 118 127 129 129 138 136 131 133 135 128 125 124 128 127 121 115 107 109 117 119 111 102 92 88 85 84 87 82 81 83 78 70 75 85 85 78 72 66 62 57 56 51 61 70 65 49 33 33 46 39 5 -3 -10 -15 -17 -19 -20 -21 -21 -21 -22 -22 -23 -23 -24 -24 -24 -24 -24 -20 -11 -3 -2 -4 -5 -4 -3 -7 -15 -21 -25 -26 -27 -27 -28 -29 -32
110 126 110 128 128 127 118 110 120 131 132 135 131 116 106 108 114 111 102 106 117 123 124 122 118 125 126 119 107 99 98 94 91 90 86 84 90 89 77 72 86 86 78 72 67 62 59 63 68 69 75 70 58 40 46 59 64 37 3 -6 -13 -16 -19 -20 -21 -21 -22 -22 -23 -23 -23 -23 -24 -24 -24 -24 -22 -16 -6 -4 -5 -7 -8 -8 -11 -15 -21 -25 -26 -27 -27 -28 -28 -30 -38
116 126 130 129 137 136 130 127 129 136 135 136 131 120 101 80 78 78 75 71 69 78 102 125 127 124 120 119 115 110 105 105 103 100 97 97 93 86 84 90 88 80 77 73 65 62 71 76 79 82 68 57 50 57 60 54 47 14 -3 -10 -15 -18 -20 -21 -22 -22 -23 -23 -23 -24 -24 -24 -24 -25 -25 -23 -18 -10 -5 -5 -7 -9 -12 -17 -21 -24 -26 -26 -27 -27 -28 -28 -29 -35 -45
122 123 137 136 138 139 137 136 139 140 140 137 130 113 89 82 99 112 110 92 72 59 68 103 123 126 123 127 125 121 119 118 114 111 102 97 97 99 98 98 92 83 83 78 75 81 87 86 80 70 62 65 63 60 57 57 35 4 -8 -14 -18 -20 -22 -22 -22 -23 -23 -23 -23 -24 -25 -25 -25 -25 -25 -21 -14 -9 -7 -9 -12 -15 -19 -24 -26 -27 -27 -27 -27 -27 -27 -28 -32 -40 -48
130 128 138 139 138 141 140 139 141 143 141 132 122 100 98 123 130 131 116 96 83 63 53 55 73 80 80 103 119 124 128 125 121 113 108 107 108 104 102 97 91 88 89 83 91 91 86 78 71 75 79 77 71 74 75 37 3 -7 -13 -17 -20 -21 -22 -22 -23 -23 -24 -24 -24 -24 -25 -25 -25 -25 -23 -17 -11 -11 -12 -15 -18 -22 -25 -26 -27 -27 -27 -27 -27 -28 -28 -30 -36 -46 -50
135 136 141 142 142 145 144 143 139 126 116 111 115 114 125 132 132 123 112 110 99 83 75 68 56 43 60 92 99 103 122 125 125 120 119 119 114 110 104 97 97 101 95 97 97 90 85 78 79 90 87 76 73 63 36 3 -7 -12 -17 -20 -22 -23 -23 -23 -24 -24 -24 -24 -24 -25 -25 -25 -25 -25 -21 -14 -13 -16 -19 -23 -25 -26 -27 -27 -27 -27 -27 -27 -28 -28 -30 -36 -45 -50 -50
140 138 141 145 146 146 142 140 127 102 109 133 140 136 133 130 131 131 129 127 124 104 85 75 65 47 43 48 72 110 118 101 94 105 119 123 122 118 114 113 110 111 105 99 96 88 88 94 94 88 84 74 52 16 -2 -7 -12 -17 -20 -22 -24 -24 -24 -24 -25 -25 -25 -25 -25 -25 -25 -25 -25 -24 -18 -15 -18 -22 -25 -27 -27 -27 -27 -27 -28 -28 -28 -28 -28 -31 -37 -46 -50 -50 -50
146 144 145 148 144 140 135 120 115 128 135 143 140 136 135 136 137 119 96 87 78 55 48 74 88 71 48 40 41 67 78 77 56 71 102 112 115 119 122 120 119 116 109 102 102 95 102 102 94 95 87 70 39 1 -9 -15 -19 -22 -24 -25 -24 -25 -26 -26 -26 -26 -26 -26 -26 -26 -26 -26 -25 -22 -18 -20 -24 -27 -28 -28 -28 -27 -27 -28 -28 -29 -30 -29 -32 -38 -46 -49 -50 -50 -50
148 149 147 142 130 126 134 135 135 140 139 133 123 117 108 97 92 81 70 71 68 71 91 113 108 97 78 61 45 37 35 30 29 56 74 65 68 95 123 116 105 108 117 111 108 107 106 101 90 88 70 26 0 -11 -15 -21 -24 -25 -26 -26 -25 -25 -26 -26 -26 -25 -26 -26 -26 -27 -26 -26 -25 -22 -22 -25 -27 -28 -28 -27 -27 -28 -28 -28 -29 -31 -32 -33 -39 -45 -49 -50 -50 -50 -50
