processed_DEMs/150_150_18948.asc
ncols        150
nrows        150
xllcorner    -16.583333333333
yllcorner    28.333333333333
cellsize     0.004166666667
NODATA_value -32767
[rows 36 to 71 of 150, columns 0 to 80 of 150]
-3304 -3313 -3310 -3307 -3300 -3283 -3269 -3255 -3238 -3227 -3174 -3119 -3092 -3065 -3046 -3034 -3027 -3022 -3016 -3012 -3020 -3026 -3018 -3028 -3005 -2988 -3007 -3005 -2961 -2982 -3031 -3048 -3049 -3084 -3116 -3143 -3167 -3183 -3208 -3218 -3196 -3177 -3197 -3184 -3181 -3176 -3203 -3226 -3240 -3257 -3267 -3285 -3297 -3320 -3323 -3318 -3313 -3334 -3348 -3347 -3356 -3362 -3353 -3338 -3323 -3303 -3299 -3295 -3272 -3243 -3267 -3308 -3334 -3339 -3310 -3286 -3277 -3269 -3248 -3216 -3195
-3289 -3294 -3287 -3285 -3281 -3273 -3261 -3240 -3225 -3211 -3175 -3136 -3103 -3075 -3050 -3021 -3003 -3008 -3015 -3001 -3000 -2988 -2993 -2992 -2995 -2995 -2999 -2966 -2958 -2990 -3002 -3019 -3043 -3069 -3100 -3130 -3150 -3157 -3178 -3193 -3173 -3128 -3151 -3169 -3164 -3177 -3198 -3225 -3236 -3234 -3251 -3266 -3282 -3310 -3316 -3313 -3312 -3315 -3322 -3334 -3337 -3340 -3331 -3312 -3295 -3279 -3264 -3237 -3210 -3216 -3268 -3295 -3318 -3324 -3297 -3272 -3254 -3248 -3244 -3220 -3196
-3271 -3270 -3265 -3262 -3257 -3255 -3241 -3227 -3215 -3203 -3178 -3146 -3113 -3082 -3051 -3026 -3010 -3000 -2989 -2975 -2991 -2971 -2964 -2972 -2970 -2974 -2976 -2966 -2964 -2980 -2983 -3004 -3031 -3066 -3096 -3107 -3130 -3148 -3150 -3145 -3135 -3112 -3120 -3133 -3148 -3171 -3203 -3211 -3218 -3230 -3247 -3264 -3281 -3295 -3288 -3300 -3311 -3315 -3318 -3323 -3326 -3324 -3312 -3292 -3269 -3254 -3227 -3195 -3187 -3209 -3268 -3294 -3312 -3316 -3289 -3258 -3242 -3232 -3230 -3216 -3189
-3263 -3259 -3253 -3250 -3241 -3234 -3216 -3195 -3191 -3190 -3177 -3160 -3133 -3082 -3043 -3019 -3002 -2986 -2973 -2948 -2954 -2957 -2944 -2968 -2954 -2951 -2968 -2961 -2942 -2946 -2961 -2960 -2991 -3053 -3070 -3074 -3086 -3113 -3114 -3097 -3092 -3093 -3099 -3117 -3142 -3173 -3193 -3200 -3206 -3218 -3235 -3255 -3272 -3270 -3276 -3276 -3285 -3292 -3305 -3311 -3313 -3316 -3288 -3264 -3250 -3241 -3206 -3161 -3095 -3093 -3198 -3258 -3296 -3307 -3277 -3245 -3229 -3210 -3206 -3206 -3175
-3258 -3253 -3247 -3235 -3222 -3225 -3212 -3189 -3177 -3164 -3144 -3140 -3127 -3104 -3055 -3020 -3006 -2968 -2971 -2930 -2919 -2925 -2939 -2962 -2944 -2928 -2946 -2943 -2931 -2934 -2919 -2906 -2935 -2945 -2972 -3026 -3054 -3062 -3067 -3071 -3071 -3085 -3089 -3106 -3137 -3169 -3184 -3194 -3202 -3204 -3229 -3254 -3265 -3269 -3271 -3264 -3268 -3269 -3281 -3293 -3302 -3305 -3260 -3224 -3212 -3175 -3155 -3107 -2921 -2947 -3085 -3196 -3245 -3279 -3257 -3227 -3207 -3178 -3171 -3186 -3162
-3245 -3247 -3228 -3220 -3210 -3213 -3210 -3198 -3184 -3122 -3063 -3081 -3092 -3099 -3066 -3018 -2995 -2968 -2956 -2941 -2935 -2935 -2946 -2944 -2927 -2907 -2913 -2926 -2929 -2896 -2896 -2902 -2926 -2934 -2988 -3058 -3068 -3051 -3047 -3050 -3053 -3063 -3075 -3100 -3128 -3155 -3178 -3181 -3190 -3202 -3225 -3260 -3259 -3262 -3267 -3270 -3263 -3255 -3263 -3274 -3288 -3292 -3274 -3240 -3185 -3130 -3129 -3094 -2924 -2914 -3077 -3202 -3243 -3261 -3245 -3215 -3192 -3167 -3154 -3158 -3139
-3212 -3221 -3217 -3206 -3174 -3126 -3150 -3162 -3165 -3107 -3019 -3019 -3056 -3055 -3056 -3026 -2994 -2976 -2951 -2936 -2932 -2919 -2932 -2927 -2918 -2902 -2893 -2892 -2901 -2897 -2891 -2894 -2902 -2923 -2991 -3018 -3034 -3045 -3043 -3043 -3051 -3049 -3065 -3104 -3139 -3157 -3168 -3166 -3181 -3213 -3231 -3244 -3255 -3257 -3253 -3260 -3261 -3253 -3254 -3258 -3271 -3276 -3273 -3251 -3191 -3139 -3129 -3119 -3064 -3020 -3127 -3203 -3219 -3228 -3220 -3196 -3166 -3135 -3124 -3139 -3128
-3186 -3191 -3200 -3186 -3144 -3086 -3107 -3126 -3113 -3068 -3007 -2981 -3007 -2989 -3008 -3020 -2997 -2966 -2932 -2930 -2924 -2909 -2908 -2910 -2900 -2887 -2874 -2880 -2886 -2884 -2896 -2892 -2925 -2960 -2981 -2981 -3001 -3016 -3027 -3031 -3051 -3057 -3072 -3106 -3126 -3150 -3163 -3167 -3185 -3207 -3226 -3236 -3238 -3239 -3234 -3234 -3235 -3228 -3238 -3248 -3258 -3256 -3260 -3255 -3223 -3171 -3125 -3108 -3107 -3099 -3118 -3158 -3177 -3188 -3180 -3157 -3132 -3102 -3101 -3130 -3099
-3162 -3169 -3155 -3151 -3147 -3108 -3088 -3080 -3066 -3045 -2976 -2964 -2985 -2971 -2963 -2989 -2992 -2960 -2936 -2919 -2909 -2917 -2888 -2878 -2878 -2881 -2872 -2866 -2871 -2856 -2881 -2903 -2935 -2968 -2970 -2979 -2993 -3001 -3018 -3019 -3031 -3058 -3087 -3113 -3108 -3116 -3155 -3167 -3184 -3205 -3197 -3215 -3224 -3226 -3221 -3219 -3215 -3194 -3204 -3230 -3231 -3218 -3228 -3238 -3236 -3205 -3139 -3102 -3101 -3079 -3066 -3107 -3131 -3153 -3140 -3123 -3087 -3062 -3059 -3102 -3068
-3165 -3161 -3132 -3112 -3110 -3085 -3040 -3016 -3001 -2990 -2952 -2963 -2964 -2960 -2940 -2963 -2975 -2956 -2933 -2914 -2908 -2897 -2881 -2877 -2875 -2870 -2858 -2848 -2846 -2847 -2865 -2885 -2896 -2923 -2942 -2959 -2978 -2993 -3006 -3011 -3016 -3034 -3077 -3090 -3095 -3110 -3155 -3164 -3163 -3193 -3194 -3198 -3203 -3203 -3202 -3186 -3189 -3190 -3195 -3208 -3207 -3195 -3177 -3172 -3194 -3206 -3176 -3124 -3087 -3032 -3015 -3064 -3108 -3114 -3113 -3096 -3064 -3037 -3031 -3071 -3060
-3141 -3132 -3114 -3091 -3073 -3040 -2985 -2957 -2949 -2943 -2944 -2959 -2965 -2941 -2925 -2940 -2954 -2947 -2927 -2918 -2901 -2890 -2887 -2882 -2874 -2870 -2859 -2856 -2853 -2853 -2870 -2879 -2885 -2906 -2931 -2936 -2955 -2983 -3000 -3000 -3006 -3028 -3061 -3075 -3086 -3119 -3144 -3148 -3147 -3173 -3181 -3181 -3180 -3170 -3144 -3114 -3115 -3149 -3200 -3201 -3192 -3173 -3148 -3128 -3126 -3166 -3167 -3127 -3083 -2999 -3003 -3044 -3070 -3070 -3070 -3049 -3012 -2990 -2994 -3036 -3034
-3092 -3089 -3081 -3069 -3023 -2986 -2943 -2933 -2930 -2934 -2939 -2947 -2946 -2909 -2891 -2909 -2925 -2923 -2918 -2913 -2902 -2892 -2878 -2870 -2866 -2856 -2867 -2855 -2856 -2857 -2854 -2857 -2883 -2892 -2909 -2939 -2955 -2963 -2987 -2995 -3003 -3012 -3042 -3074 -3097 -3125 -3135 -3140 -3148 -3156 -3156 -3150 -3135 -3102 -3071 -3065 -3055 -3067 -3139 -3158 -3162 -3159 -3136 -3107 -3081 -3085 -3144 -3141 -3103 -3012 -3012 -3029 -3027 -3013 -3005 -2991 -2961 -2943 -2959 -3004 -3008
-3026 -3045 -3046 -3029 -2957 -2947 -2925 -2930 -2935 -2949 -2947 -2945 -2936 -2885 -2862 -2869 -2898 -2904 -2898 -2898 -2887 -2881 -2874 -2853 -2838 -2829 -2841 -2830 -2837 -2832 -2838 -2851 -2886 -2883 -2893 -2933 -2949 -2954 -2976 -2981 -2993 -3007 -3025 -3050 -3089 -3107 -3119 -3122 -3128 -3141 -3125 -3109 -3091 -3083 -3080 -3054 -3046 -3054 -3085 -3116 -3121 -3114 -3109 -3106 -3086 -3059 -3077 -3111 -3111 -3072 -3021 -2984 -2958 -2955 -2958 -2958 -2934 -2907 -2922 -2969 -2978
-2997 -3015 -3016 -2991 -2942 -2898 -2914 -2917 -2931 -2949 -2953 -2941 -2926 -2887 -2858 -2866 -2886 -2888 -2881 -2874 -2872 -2870 -2861 -2850 -2828 -2820 -2823 -2815 -2822 -2837 -2837 -2853 -2873 -2887 -2888 -2902 -2930 -2954 -2959 -2970 -2994 -2994 -3029 -3063 -3090 -3108 -3097 -3111 -3117 -3114 -3103 -3092 -3068 -3045 -3022 -3005 -3029 -3052 -3065 -3071 -3083 -3075 -3080 -3070 -3064 -3048 -3037 -3046 -3071 -3072 -3040 -2991 -2940 -2944 -2955 -2940 -2916 -2871 -2874 -2931 -2939
-2979 -2978 -2986 -2983 -2934 -2905 -2898 -2907 -2917 -2919 -2925 -2926 -2906 -2867 -2838 -2860 -2872 -2875 -2870 -2866 -2866 -2862 -2859 -2842 -2828 -2828 -2820 -2807 -2815 -2842 -2851 -2855 -2860 -2872 -2889 -2892 -2917 -2948 -2949 -2956 -2977 -2999 -3026 -3053 -3073 -3075 -3079 -3085 -3093 -3092 -3080 -3044 -2989 -2981 -2988 -2990 -3012 -3039 -3042 -3041 -3049 -3040 -3039 -3018 -3003 -3026 -3019 -2999 -3006 -3021 -3031 -3011 -2964 -2951 -2941 -2920 -2892 -2835 -2841 -2890 -2907
-2965 -2970 -2980 -2961 -2928 -2896 -2889 -2893 -2899 -2898 -2907 -2916 -2899 -2862 -2847 -2858 -2867 -2872 -2863 -2855 -2859 -2853 -2834 -2828 -2830 -2830 -2811 -2808 -2811 -2820 -2838 -2852 -2856 -2863 -2881 -2896 -2896 -2907 -2917 -2943 -2979 -3002 -3018 -3039 -3047 -3063 -3072 -3071 -3076 -3063 -3050 -2999 -2939 -2945 -2979 -2990 -3000 -3020 -3017 -3012 -3006 -3002 -3009 -2974 -2955 -2978 -2970 -2941 -2945 -2963 -2990 -2996 -2971 -2936 -2920 -2898 -2876 -2837 -2801 -2851 -2873
-2975 -2957 -2970 -2934 -2920 -2909 -2881 -2870 -2870 -2881 -2901 -2905 -2894 -2870 -2846 -2856 -2864 -2862 -2846 -2833 -2836 -2838 -2826 -2828 -2828 -2813 -2802 -2813 -2817 -2814 -2828 -2847 -2851 -2857 -2872 -2879 -2878 -2890 -2898 -2934 -2977 -2996 -3015 -3026 -3034 -3044 -3051 -3054 -3052 -3028 -3002 -2960 -2906 -2898 -2925 -2940 -2951 -2980 -2983 -2964 -2951 -2971 -2968 -2926 -2926 -2940 -2931 -2898 -2891 -2920 -2925 -2946 -2951 -2928 -2902 -2880 -2834 -2813 -2791 -2817 -2835
-2969 -2973 -2941 -2915 -2907 -2894 -2878 -2862 -2862 -2881 -2887 -2877 -2860 -2830 -2803 -2833 -2848 -2842 -2830 -2820 -2820 -2820 -2820 -2813 -2799 -2798 -2804 -2803 -2800 -2810 -2830 -2841 -2856 -2865 -2859 -2866 -2880 -2896 -2906 -2920 -2956 -2981 -3008 -3014 -3018 -3023 -3023 -3029 -3023 -2993 -2958 -2930 -2912 -2879 -2870 -2872 -2878 -2905 -2941 -2929 -2931 -2936 -2933 -2899 -2887 -2900 -2898 -2859 -2838 -2864 -2873 -2884 -2912 -2908 -2887 -2863 -2807 -2780 -2763 -2764 -2797
-2955 -2916 -2910 -2907 -2883 -2875 -2886 -2876 -2863 -2868 -2867 -2853 -2828 -2777 -2753 -2780 -2826 -2835 -2821 -2812 -2808 -2805 -2798 -2794 -2793 -2805 -2802 -2795 -2788 -2784 -2808 -2824 -2836 -2857 -2866 -2869 -2866 -2887 -2903 -2914 -2932 -2972 -2993 -2995 -2994 -2994 -3004 -3005 -2996 -2978 -2947 -2928 -2920 -2860 -2854 -2861 -2866 -2883 -2906 -2898 -2894 -2881 -2885 -2852 -2831 -2808 -2826 -2751 -2687 -2745 -2790 -2807 -2845 -2875 -2862 -2842 -2803 -2749 -2722 -2720 -2765
-2935 -2895 -2869 -2875 -2865 -2850 -2846 -2841 -2846 -2856 -2850 -2831 -2793 -2764 -2732 -2771 -2822 -2824 -2806 -2794 -2792 -2786 -2787 -2788 -2789 -2789 -2775 -2771 -2769 -2764 -2774 -2778 -2796 -2834 -2846 -2849 -2849 -2857 -2882 -2909 -2932 -2959 -2971 -2968 -2967 -2966 -2982 -2991 -2971 -2938 -2895 -2878 -2875 -2842 -2826 -2829 -2861 -2875 -2880 -2848 -2826 -2842 -2855 -2808 -2781 -2694 -2703 -2612 -2535 -2640 -2742 -2764 -2786 -2810 -2825 -2813 -2783 -2724 -2667 -2689 -2737
-2914 -2891 -2853 -2839 -2836 -2827 -2805 -2802 -2820 -2849 -2851 -2832 -2784 -2746 -2737 -2774 -2812 -2818 -2795 -2780 -2777 -2769 -2773 -2775 -2773 -2762 -2760 -2758 -2753 -2757 -2762 -2757 -2772 -2805 -2834 -2842 -2846 -2848 -2869 -2896 -2926 -2938 -2938 -2936 -2941 -2961 -2969 -2982 -2964 -2924 -2881 -2864 -2841 -2817 -2791 -2794 -2833 -2857 -2842 -2798 -2749 -2788 -2797 -2739 -2673 -2608 -2584 -2533 -2508 -2571 -2656 -2694 -2722 -2759 -2773 -2779 -2759 -2715 -2644 -2648 -2701
-2908 -2867 -2826 -2816 -2822 -2818 -2805 -2803 -2811 -2820 -2818 -2813 -2764 -2714 -2735 -2769 -2795 -2799 -2782 -2770 -2766 -2765 -2760 -2761 -2758 -2749 -2749 -2747 -2754 -2761 -2745 -2752 -2771 -2787 -2805 -2809 -2829 -2842 -2864 -2886 -2907 -2929 -2908 -2909 -2915 -2935 -2943 -2955 -2939 -2889 -2860 -2830 -2819 -2817 -2807 -2795 -2813 -2823 -2805 -2755 -2689 -2714 -2718 -2659 -2543 -2504 -2489 -2461 -2479 -2517 -2561 -2609 -2635 -2684 -2714 -2739 -2721 -2693 -2661 -2631 -2672
-2887 -2848 -2791 -2796 -2805 -2810 -2808 -2799 -2795 -2786 -2775 -2780 -2725 -2679 -2699 -2748 -2768 -2758 -2755 -2749 -2746 -2742 -2747 -2746 -2742 -2737 -2742 -2739 -2738 -2747 -2742 -2742 -2751 -2755 -2771 -2795 -2814 -2844 -2858 -2871 -2878 -2873 -2875 -2863 -2856 -2878 -2893 -2900 -2900 -2850 -2813 -2806 -2810 -2813 -2769 -2755 -2769 -2784 -2769 -2725 -2672 -2672 -2649 -2552 -2439 -2419 -2406 -2405 -2455 -2491 -2516 -2553 -2587 -2635 -2685 -2698 -2673 -2649 -2648 -2627 -2638
-2818 -2810 -2781 -2787 -2785 -2780 -2787 -2787 -2772 -2761 -2732 -2713 -2667 -2654 -2685 -2732 -2745 -2729 -2723 -2721 -2711 -2698 -2714 -2728 -2726 -2727 -2734 -2721 -2724 -2737 -2739 -2735 -2742 -2748 -2763 -2785 -2801 -2826 -2846 -2851 -2847 -2850 -2859 -2841 -2831 -2828 -2850 -2856 -2858 -2822 -2772 -2761 -2763 -2755 -2743 -2730 -2731 -2748 -2725 -2683 -2666 -2649 -2590 -2465 -2388 -2361 -2366 -2399 -2437 -2461 -2481 -2505 -2535 -2602 -2654 -2656 -2641 -2617 -2612 -2616 -2609
-2746 -2754 -2758 -2768 -2768 -2766 -2762 -2752 -2743 -2721 -2669 -2643 -2625 -2628 -2662 -2708 -2716 -2714 -2696 -2692 -2683 -2676 -2681 -2704 -2715 -2711 -2708 -2706 -2708 -2703 -2718 -2731 -2736 -2736 -2760 -2775 -2789 -2817 -2820 -2820 -2819 -2807 -2813 -2819 -2810 -2798 -2809 -2811 -2803 -2795 -2750 -2709 -2719 -2727 -2718 -2690 -2683 -2702 -2686 -2634 -2624 -2605 -2538 -2413 -2334 -2367 -2391 -2409 -2421 -2416 -2444 -2443 -2470 -2565 -2603 -2587 -2566 -2597 -2582 -2585 -2578
-2722 -2721 -2712 -2726 -2753 -2763 -2756 -2730 -2667 -2645 -2612 -2589 -2588 -2603 -2626 -2675 -2702 -2698 -2683 -2671 -2667 -2660 -2661 -2675 -2693 -2693 -2685 -2681 -2687 -2690 -2700 -2712 -2716 -2731 -2741 -2759 -2780 -2791 -2801 -2796 -2786 -2761 -2726 -2739 -2752 -2743 -2755 -2769 -2762 -2775 -2726 -2665 -2679 -2682 -2676 -2640 -2611 -2642 -2641 -2579 -2570 -2567 -2500 -2417 -2327 -2345 -2367 -2357 -2375 -2363 -2381 -2382 -2422 -2521 -2532 -2508 -2492 -2519 -2544 -2546 -2542
-2712 -2704 -2679 -2694 -2725 -2717 -2708 -2697 -2646 -2592 -2554 -2535 -2543 -2578 -2616 -2669 -2687 -2675 -2661 -2653 -2647 -2633 -2638 -2650 -2671 -2678 -2669 -2657 -2659 -2671 -2683 -2691 -2703 -2720 -2724 -2729 -2749 -2775 -2775 -2755 -2723 -2722 -2706 -2707 -2709 -2677 -2689 -2716 -2711 -2738 -2681 -2617 -2623 -2622 -2620 -2602 -2572 -2574 -2588 -2531 -2509 -2534 -2460 -2385 -2346 -2304 -2269 -2269 -2275 -2269 -2314 -2338 -2402 -2464 -2454 -2433 -2411 -2414 -2464 -2488 -2500
-2693 -2689 -2669 -2672 -2696 -2695 -2681 -2654 -2611 -2570 -2533 -2508 -2517 -2565 -2602 -2661 -2672 -2654 -2633 -2618 -2612 -2609 -2618 -2631 -2653 -2657 -2662 -2648 -2635 -2648 -2665 -2671 -2693 -2703 -2695 -2709 -2736 -2755 -2739 -2715 -2689 -2691 -2688 -2690 -2685 -2631 -2632 -2656 -2628 -2677 -2631 -2574 -2560 -2569 -2576 -2560 -2507 -2511 -2528 -2487 -2450 -2484 -2423 -2326 -2298 -2157 -2060 -2111 -2135 -2140 -2189 -2235 -2365 -2390 -2366 -2329 -2334 -2336 -2364 -2412 -2454
-2671 -2671 -2655 -2653 -2677 -2685 -2669 -2645 -2602 -2574 -2515 -2483 -2476 -2544 -2584 -2640 -2654 -2641 -2611 -2593 -2582 -2585 -2589 -2615 -2637 -2639 -2630 -2627 -2619 -2617 -2648 -2667 -2677 -2679 -2680 -2700 -2724 -2721 -2706 -2688 -2667 -2657 -2629 -2622 -2645 -2604 -2566 -2562 -2521 -2626 -2602 -2539 -2491 -2507 -2507 -2493 -2444 -2431 -2465 -2438 -2389 -2391 -2394 -2328 -2254 -2107 -1950 -1962 -1987 -1997 -2098 -2199 -2304 -2294 -2288 -2231 -2242 -2274 -2280 -2337 -2395
-2623 -2635 -2618 -2622 -2655 -2666 -2657 -2622 -2574 -2547 -2503 -2489 -2495 -2522 -2565 -2618 -2635 -2626 -2594 -2572 -2569 -2559 -2559 -2576 -2601 -2628 -2616 -2604 -2594 -2616 -2635 -2654 -2649 -2637 -2666 -2696 -2696 -2682 -2681 -2655 -2623 -2586 -2581 -2581 -2596 -2571 -2523 -2503 -2501 -2573 -2502 -2445 -2427 -2425 -2427 -2406 -2366 -2347 -2395 -2375 -2326 -2313 -2332 -2314 -2231 -2080 -1932 -1856 -1899 -1981 -2061 -2179 -2215 -2212 -2206 -2147 -2078 -2113 -2153 -2176 -2248
-2573 -2588 -2586 -2605 -2639 -2656 -2632 -2599 -2548 -2510 -2485 -2480 -2486 -2512 -2562 -2606 -2625 -2614 -2575 -2546 -2533 -2519 -2527 -2547 -2578 -2602 -2592 -2584 -2584 -2606 -2622 -2629 -2624 -2630 -2649 -2667 -2671 -2650 -2642 -2609 -2581 -2559 -2530 -2527 -2545 -2548 -2482 -2462 -2497 -2508 -2423 -2363 -2353 -2336 -2363 -2331 -2280 -2272 -2318 -2294 -2256 -2227 -2258 -2238 -2170 -2064 -1899 -1798 -1840 -1899 -1994 -2108 -2124 -2123 -2100 -2029 -1913 -1930 -1943 -1976 -2122
-2571 -2547 -2537 -2548 -2602 -2614 -2601 -2565 -2518 -2481 -2463 -2464 -2469 -2482 -2534 -2569 -2582 -2568 -2517 -2508 -2501 -2496 -2503 -2524 -2557 -2580 -2566 -2559 -2573 -2591 -2598 -2597 -2605 -2624 -2628 -2633 -2634 -2617 -2574 -2555 -2511 -2490 -2453 -2492 -2536 -2537 -2462 -2431 -2428 -2373 -2291 -2226 -2204 -2181 -2284 -2265 -2215 -2216 -2252 -2229 -2202 -2162 -2170 -2127 -2032 -1939 -1789 -1722 -1769 -1814 -1968 -2031 -2030 -2028 -1989 -1918 -1775 -1717 -1727 -1863 -2054
-2537 -2469 -2479 -2488 -2543 -2564 -2563 -2534 -2494 -2460 -2449 -2456 -2458 -2431 -2478 -2529 -2539 -2527 -2501 -2504 -2498 -2485 -2497 -2507 -2531 -2554 -2551 -2545 -2558 -2566 -2564 -2586 -2599 -2605 -2601 -2587 -2581 -2586 -2552 -2523 -2480 -2428 -2374 -2371 -2452 -2473 -2442 -2363 -2247 -2158 -2171 -2130 -2071 -2099 -2220 -2218 -2171 -2170 -2187 -2172 -2157 -2115 -2066 -1960 -1809 -1731 -1658 -1657 -1690 -1793 -1937 -1955 -1939 -1905 -1852 -1818 -1722 -1607 -1644 -1816 -2034
-2528 -2456 -2443 -2483 -2521 -2530 -2524 -2508 -2484 -2446 -2441 -2445 -2442 -2437 -2477 -2512 -2511 -2526 -2514 -2503 -2483 -2476 -2484 -2499 -2519 -2528 -2529 -2531 -2536 -2537 -2542 -2551 -2568 -2574 -2588 -2573 -2555 -2548 -2506 -2446 -2422 -2393 -2330 -2297 -2332 -2351 -2374 -2309 -2141 -2047 -2058 -2055 -2053 -2121 -2166 -2170 -2143 -2107 -2105 -2091 -2063 -2032 -1963 -1861 -1682 -1534 -1539 -1559 -1632 -1782 -1863 -1867 -1827 -1735 -1647 -1634 -1636 -1651 -1752 -1875 -1997
-2535 -2481 -2466 -2494 -2506 -2507 -2506 -2495 -2471 -2445 -2435 -2423 -2415 -2424 -2457 -2486 -2505 -2506 -2506 -2487 -2470 -2460 -2460 -2480 -2500 -2504 -2511 -2514 -2515 -2519 -2531 -2528 -2529 -2537 -2560 -2552 -2519 -2481 -2477 -2417 -2392 -2365 -2324 -2260 -2248 -2259 -2253 -2238 -2158 -2047 -2001 -1992 -2032 -2086 -2101 -2106 -2088 -2030 -2018 -2009 -1995 -1955 -1864 -1749 -1604 -1488 -1469 -1462 -1571 -1728 -1766 -1760 -1724 -1604 -1473 -1461 -1547 -1651 -1741 -1815 -1902
-2458 -2426 -2451 -2478 -2496 -2498 -2495 -2489 -2467 -2433 -2416 -2413 -2401 -2420 -2433 -2453 -2479 -2493 -2482 -2459 -2454 -2448 -2447 -2464 -2481 -2489 -2498 -2494 -2488 -2493 -2515 -2510 -2504 -2514 -2528 -2519 -2486 -2440 -2442 -2424 -2392 -2339 -2308 -2263 -2222 -2183 -2169 -2178 -2165 -2105 -2020 -1967 -1988 -2028 -2022 -2025 -2023 -1982 -1936 -1916 -1889 -1846 -1730 -1608 -1461 -1388 -1418 -1437 -1539 -1640 -1670 -1647 -1647 -1566 -1460 -1440 -1510 -1597 -1665 -1707 -1793
