processed_DEMs/150_150_18948.asc
ncols        150
nrows        150
xllcorner    -16.583333333333
yllcorner    28.333333333333
cellsize     0.004166666667
NODATA_value -32767
[rows 72 to 107 of 150, columns 0 to 80 of 150]
-2412 -2401 -2427 -2443 -2462 -2484 -2479 -2474 -2457 -2425 -2394 -2382 -2372 -2392 -2436 -2448 -2459 -2467 -2434 -2428 -2441 -2454 -2450 -2459 -2466 -2476 -2479 -2469 -2473 -2484 -2489 -2489 -2488 -2503 -2502 -2474 -2434 -2399 -2385 -2379 -2367 -2321 -2244 -2214 -2198 -2161 -2113 -2095 -2086 -2083 -2044 -1982 -1948 -1978 -1964 -1938 -1926 -1891 -1782 -1799 -1781 -1721 -1667 -1536 -1346 -1253 -1381 -1426 -1504 -1554 -1581 -1549 -1542 -1530 -1439 -1393 -1434 -1505 -1553 -1591 -1662
-2402 -2393 -2414 -2433 -2441 -2452 -2453 -2441 -2418 -2414 -2381 -2363 -2362 -2390 -2418 -2430 -2437 -2421 -2396 -2401 -2396 -2417 -2445 -2448 -2454 -2463 -2458 -2454 -2442 -2455 -2464 -2463 -2442 -2402 -2402 -2420 -2404 -2342 -2314 -2289 -2277 -2254 -2165 -2129 -2127 -2127 -2100 -2034 -2015 -1994 -1987 -1953 -1909 -1896 -1888 -1841 -1812 -1811 -1728 -1690 -1698 -1643 -1585 -1514 -1384 -1310 -1324 -1327 -1398 -1457 -1465 -1436 -1449 -1439 -1375 -1297 -1295 -1321 -1384 -1468 -1588
-2390 -2383 -2401 -2423 -2425 -2424 -2419 -2410 -2391 -2397 -2369 -2352 -2352 -2374 -2396 -2397 -2402 -2390 -2380 -2374 -2369 -2387 -2426 -2439 -2445 -2449 -2445 -2438 -2422 -2424 -2425 -2402 -2303 -2197 -2227 -2323 -2345 -2289 -2197 -2129 -2081 -2101 -2045 -2040 -2032 -2028 -2031 -1986 -1946 -1921 -1930 -1902 -1867 -1827 -1827 -1804 -1746 -1716 -1702 -1640 -1611 -1587 -1500 -1430 -1370 -1273 -1164 -1171 -1274 -1353 -1352 -1280 -1299 -1324 -1294 -1209 -1129 -1118 -1214 -1382 -1557
-2369 -2367 -2389 -2411 -2417 -2412 -2402 -2395 -2386 -2376 -2359 -2345 -2336 -2353 -2363 -2378 -2371 -2368 -2360 -2357 -2360 -2369 -2409 -2429 -2438 -2441 -2439 -2425 -2409 -2394 -2372 -2348 -2250 -2184 -2181 -2230 -2264 -2267 -2166 -2019 -1916 -1956 -1903 -1920 -1921 -1922 -1944 -1941 -1892 -1877 -1859 -1819 -1791 -1772 -1759 -1771 -1699 -1660 -1614 -1520 -1489 -1493 -1388 -1271 -1248 -1214 -1141 -1120 -1181 -1243 -1271 -1176 -1149 -1190 -1201 -1147 -1018 -997 -1178 -1356 -1524
-2354 -2356 -2379 -2397 -2400 -2394 -2384 -2365 -2351 -2368 -2354 -2331 -2307 -2344 -2363 -2374 -2366 -2363 -2338 -2340 -2351 -2366 -2403 -2423 -2431 -2432 -2424 -2407 -2391 -2365 -2331 -2324 -2294 -2264 -2235 -2202 -2173 -2180 -2130 -1963 -1855 -1753 -1712 -1773 -1774 -1791 -1844 -1865 -1855 -1810 -1732 -1668 -1667 -1692 -1679 -1708 -1649 -1597 -1472 -1380 -1322 -1336 -1314 -1186 -1095 -1052 -1029 -1029 -1067 -1124 -1172 -1117 -1041 -1081 -1094 -1084 -1033 -995 -1168 -1319 -1482
-2350 -2356 -2362 -2367 -2375 -2358 -2346 -2339 -2337 -2336 -2319 -2303 -2299 -2317 -2333 -2343 -2341 -2318 -2304 -2308 -2324 -2363 -2398 -2413 -2416 -2414 -2406 -2384 -2366 -2359 -2328 -2301 -2292 -2263 -2223 -2182 -2132 -2099 -2087 -2013 -1945 -1836 -1692 -1613 -1603 -1620 -1683 -1784 -1788 -1752 -1583 -1466 -1497 -1579 -1580 -1594 -1585 -1506 -1337 -1244 -1220 -1166 -1185 -1149 -1017 -921 -864 -882 -920 -984 -1032 -1036 -996 -958 -919 -926 -938 -964 -1107 -1281 -1402
-2331 -2332 -2340 -2345 -2337 -2332 -2326 -2312 -2301 -2293 -2278 -2286 -2303 -2305 -2299 -2300 -2284 -2282 -2280 -2280 -2307 -2353 -2383 -2398 -2400 -2398 -2392 -2367 -2344 -2340 -2317 -2270 -2250 -2230 -2190 -2163 -2113 -2055 -2011 -1964 -1940 -1874 -1769 -1675 -1606 -1574 -1629 -1722 -1710 -1717 -1588 -1407 -1405 -1464 -1475 -1498 -1496 -1433 -1291 -1157 -1087 -1036 -1076 -1063 -973 -874 -812 -787 -806 -860 -902 -921 -906 -866 -807 -781 -817 -868 -962 -1188 -1278
-2297 -2297 -2306 -2311 -2311 -2309 -2309 -2272 -2250 -2239 -2242 -2274 -2299 -2294 -2276 -2264 -2258 -2262 -2269 -2282 -2319 -2352 -2369 -2383 -2387 -2381 -2378 -2351 -2322 -2309 -2290 -2248 -2208 -2191 -2156 -2121 -2089 -1980 -1903 -1858 -1872 -1851 -1804 -1750 -1676 -1574 -1597 -1620 -1592 -1621 -1590 -1444 -1366 -1340 -1365 -1407 -1385 -1337 -1238 -1131 -1003 -875 -961 -940 -886 -753 -732 -713 -711 -765 -773 -775 -785 -760 -720 -677 -707 -721 -851 -1066 -1142
-2274 -2256 -2254 -2271 -2291 -2313 -2301 -2263 -2224 -2194 -2209 -2251 -2279 -2267 -2249 -2247 -2246 -2255 -2267 -2291 -2314 -2339 -2354 -2366 -2368 -2364 -2361 -2331 -2299 -2272 -2240 -2217 -2175 -2139 -2117 -2079 -2040 -1940 -1790 -1793 -1823 -1817 -1738 -1681 -1627 -1495 -1503 -1531 -1484 -1427 -1449 -1440 -1319 -1219 -1244 -1303 -1259 -1207 -1088 -1038 -979 -859 -849 -803 -761 -750 -667 -631 -612 -669 -623 -620 -642 -623 -612 -583 -585 -613 -787 -950 -995
-2251 -2227 -2231 -2243 -2229 -2182 -2233 -2216 -2190 -2171 -2171 -2214 -2249 -2245 -2234 -2230 -2236 -2250 -2252 -2273 -2299 -2321 -2336 -2346 -2353 -2348 -2341 -2299 -2249 -2210 -2164 -2159 -2123 -2088 -2048 -2028 -1985 -1899 -1829 -1801 -1784 -1754 -1591 -1509 -1482 -1428 -1396 -1430 -1404 -1333 -1324 -1365 -1282 -1132 -1113 -1184 -1156 -1063 -995 -919 -877 -802 -728 -681 -656 -666 -643 -550 -475 -511 -506 -472 -453 -432 -438 -440 -456 -480 -652 -811 -834
-2246 -2217 -2209 -2221 -2214 -2165 -2187 -2177 -2149 -2133 -2126 -2177 -2224 -2231 -2218 -2214 -2226 -2233 -2241 -2257 -2291 -2307 -2318 -2328 -2327 -2326 -2315 -2247 -2189 -2152 -2098 -2077 -2060 -2023 -1976 -1948 -1896 -1802 -1739 -1742 -1746 -1716 -1592 -1464 -1409 -1370 -1335 -1300 -1307 -1273 -1228 -1215 -1208 -1125 -1071 -1083 -1074 -978 -887 -813 -736 -664 -577 -506 -484 -493 -527 -481 -372 -360 -359 -292 -233 -184 -226 -234 -280 -366 -516 -626 -664
-2221 -2158 -2161 -2168 -2148 -2133 -2145 -2145 -2113 -2089 -2083 -2124 -2195 -2213 -2200 -2199 -2210 -2216 -2222 -2244 -2267 -2283 -2297 -2305 -2302 -2308 -2285 -2188 -2126 -2093 -2059 -2015 -1993 -1962 -1917 -1879 -1794 -1620 -1561 -1661 -1688 -1623 -1586 -1514 -1418 -1353 -1286 -1249 -1241 -1259 -1209 -1151 -1092 -1023 -987 -972 -965 -902 -774 -667 -580 -487 -379 -291 -279 -305 -345 -356 -327 -276 -245 -187 -126 -118 -157 -184 -225 -262 -430 -503 -550
-2157 -2081 -2092 -2114 -2106 -2091 -2083 -2078 -2066 -2028 -2042 -2086 -2151 -2187 -2180 -2171 -2192 -2197 -2216 -2238 -2251 -2263 -2276 -2285 -2281 -2287 -2262 -2153 -2050 -2016 -2016 -1984 -1937 -1914 -1874 -1813 -1714 -1554 -1559 -1618 -1549 -1498 -1495 -1474 -1393 -1304 -1179 -1112 -1135 -1183 -1161 -1100 -1006 -873 -818 -823 -813 -778 -650 -499 -407 -325 -225 -184 -198 -243 -255 -288 -277 -263 -160 -135 -103 -114 -145 -148 -90 -11 -151 -332 -448
-2135 -2047 -2005 -2021 -1999 -2043 -2035 -2024 -2010 -1993 -2016 -2071 -2117 -2145 -2148 -2149 -2160 -2169 -2192 -2216 -2226 -2244 -2255 -2262 -2257 -2264 -2202 -2094 -2003 -1958 -1949 -1936 -1885 -1851 -1828 -1769 -1687 -1634 -1594 -1560 -1459 -1338 -1396 -1402 -1345 -1249 -1124 -1019 -989 -1052 -1052 -987 -940 -870 -772 -700 -653 -599 -515 -413 -323 -271 -228 -196 -176 -167 -174 -203 -194 -134 -104 -88 -80 -88 -97 -70 -27 -1 32 14 -207
-2134 -2063 -1968 -1943 -1941 -1966 -1976 -1957 -1945 -1972 -1997 -2042 -2083 -2103 -2115 -2130 -2144 -2146 -2158 -2181 -2203 -2219 -2231 -2239 -2233 -2238 -2130 -2002 -1952 -1913 -1840 -1823 -1832 -1780 -1712 -1637 -1624 -1592 -1562 -1522 -1471 -1365 -1331 -1302 -1256 -1188 -1072 -971 -928 -909 -902 -869 -842 -784 -696 -603 -510 -430 -405 -383 -325 -255 -204 -165 -132 -102 -81 -90 -86 -61 -54 -50 -51 -57 -57 -30 -7 -1 13 2 -56
-2102 -2050 -1943 -1879 -1897 -1863 -1854 -1868 -1900 -1948 -1967 -2000 -2056 -2076 -2089 -2107 -2119 -2123 -2127 -2148 -2180 -2193 -2206 -2215 -2210 -2212 -2088 -1883 -1844 -1822 -1768 -1707 -1747 -1714 -1632 -1519 -1491 -1462 -1465 -1450 -1405 -1339 -1283 -1200 -1075 -1017 -944 -869 -882 -840 -792 -759 -726 -662 -562 -472 -430 -389 -359 -328 -269 -203 -154 -118 -88 -61 -42 -38 -35 -27 -25 -25 -29 -35 -36 -21 -8 -1 -1 -21 -53
-2047 -2016 -1966 -1885 -1849 -1803 -1743 -1800 -1874 -1909 -1922 -1963 -2016 -2043 -2058 -2077 -2086 -2043 -2068 -2118 -2156 -2166 -2180 -2187 -2183 -2181 -2026 -1775 -1714 -1667 -1642 -1625 -1626 -1643 -1575 -1491 -1396 -1290 -1290 -1342 -1326 -1271 -1223 -1102 -901 -837 -854 -794 -793 -769 -688 -610 -555 -498 -447 -427 -391 -333 -273 -224 -174 -123 -92 -70 -53 -41 -32 -27 -24 -20 -18 -17 -19 -24 -28 -26 -15 -3 -5 -19 -32
-1998 -1982 -1943 -1885 -1811 -1723 -1715 -1771 -1835 -1858 -1889 -1924 -1962 -1989 -2027 -2046 -2054 -2027 -2038 -2092 -2125 -2128 -2142 -2157 -2152 -2145 -1960 -1714 -1613 -1463 -1432 -1475 -1503 -1554 -1511 -1394 -1329 -1267 -1209 -1229 -1233 -1179 -1112 -974 -839 -777 -766 -721 -682 -640 -564 -455 -379 -384 -399 -359 -296 -222 -156 -119 -92 -64 -45 -33 -28 -30 -30 -28 -29 -26 -24 -21 -22 -25 -30 -31 -29 -24 -21 -18 -10
-1968 -1934 -1911 -1874 -1790 -1711 -1696 -1747 -1788 -1851 -1894 -1904 -1930 -1948 -1998 -2013 -2023 -2000 -2026 -2070 -2095 -2091 -2106 -2122 -2118 -2105 -1909 -1701 -1595 -1449 -1322 -1356 -1390 -1417 -1394 -1344 -1290 -1213 -1156 -1102 -1102 -1032 -974 -902 -802 -723 -660 -602 -536 -486 -415 -336 -291 -292 -280 -234 -179 -121 -71 -53 -46 6 8 4 -12 -16 -20 -22 -25 -28 -28 4 9 1 -28 -29 -29 -26 -26 -29 -30
-1940 -1893 -1884 -1853 -1788 -1699 -1673 -1709 -1736 -1822 -1904 -1910 -1914 -1920 -1966 -1979 -1986 -1979 -2008 -2040 -2062 -2056 -2066 -2083 -2080 -2066 -1857 -1664 -1562 -1472 -1343 -1288 -1281 -1230 -1156 -1200 -1218 -1153 -1099 -1038 -969 -880 -818 -809 -738 -646 -546 -462 -342 -304 -290 -269 -229 -191 -161 -118 -83 -56 -34 -28 11 23 16 14 20 8 1 18 37 49 58 82 103 115 112 81 35 -12 -15 -31 9
-1858 -1820 -1806 -1812 -1751 -1641 -1639 -1664 -1701 -1792 -1893 -1900 -1900 -1888 -1926 -1938 -1947 -1964 -1978 -2003 -2023 -2020 -2018 -2034 -2033 -2008 -1879 -1597 -1497 -1392 -1347 -1245 -1172 -1067 -1022 -1044 -1081 -1048 -993 -959 -875 -763 -692 -675 -603 -505 -403 -257 -148 -139 -203 -183 -126 -94 -73 -49 -32 -23 -20 6 29 29 45 47 22 49 104 74 105 130 145 180 215 229 124 266 257 62 21 41 59
-1805 -1761 -1765 -1756 -1714 -1611 -1610 -1635 -1638 -1676 -1791 -1845 -1846 -1845 -1883 -1896 -1903 -1914 -1937 -1967 -1982 -1978 -1977 -1989 -1997 -1987 -1813 -1553 -1425 -1259 -1227 -1216 -1145 -1053 -972 -957 -938 -870 -823 -830 -753 -644 -549 -509 -449 -330 -198 -114 -106 -111 -123 -97 -62 -42 -32 -23 -18 -18 -21 21 54 54 85 92 93 91 169 229 223 241 316 469 510 286 197 421 507 362 157 70 181
-1805 -1720 -1696 -1693 -1668 -1566 -1558 -1595 -1599 -1595 -1708 -1764 -1788 -1813 -1839 -1862 -1861 -1869 -1899 -1930 -1941 -1936 -1934 -1952 -1960 -1952 -1705 -1431 -1345 -1210 -1103 -1118 -1097 -1034 -956 -893 -811 -754 -714 -689 -619 -512 -417 -353 -263 -162 -105 -98 -98 -94 -82 -59 -37 -25 -21 -19 -21 -23 -27 44 91 119 196 190 184 240 165 216 401 532 525 503 545 406 263 423 516 403 249 113 248
-1726 -1643 -1624 -1632 -1633 -1540 -1502 -1548 -1551 -1572 -1658 -1698 -1730 -1759 -1794 -1826 -1812 -1823 -1874 -1891 -1897 -1893 -1892 -1911 -1917 -1918 -1654 -1317 -1216 -1141 -1029 -975 -960 -881 -843 -802 -755 -685 -620 -546 -445 -386 -320 -198 -124 -99 -97 -97 -89 -76 -62 -46 -33 -26 -25 -25 -27 -29 37 92 146 171 364 359 249 296 296 186 295 431 498 611 657 518 341 388 548 492 289 146 223
-1664 -1607 -1559 -1587 -1594 -1519 -1461 -1488 -1522 -1552 -1595 -1639 -1678 -1703 -1745 -1788 -1771 -1779 -1831 -1842 -1841 -1848 -1851 -1858 -1866 -1869 -1620 -1259 -1122 -975 -888 -841 -834 -781 -721 -677 -651 -595 -522 -413 -320 -292 -138 -102 -97 -96 -96 -85 -70 -57 -47 -40 -34 -31 -31 -30 12 36 87 151 229 239 385 465 383 306 397 266 249 308 406 526 676 612 484 449 580 505 379 233 236
-1636 -1593 -1528 -1550 -1545 -1499 -1433 -1468 -1481 -1501 -1531 -1566 -1608 -1646 -1704 -1749 -1751 -1762 -1777 -1784 -1792 -1806 -1808 -1810 -1818 -1821 -1722 -1386 -1089 -927 -839 -800 -779 -745 -697 -628 -550 -462 -362 -274 -235 -136 35 16 -95 -99 -87 -62 -40 5 16 19 19 20 29 39 43 68 128 241 389 433 356 458 427 367 482 393 423 378 403 553 673 639 525 516 629 574 496 353 287
-1602 -1549 -1503 -1492 -1493 -1442 -1392 -1446 -1464 -1468 -1488 -1510 -1565 -1622 -1671 -1714 -1728 -1735 -1712 -1725 -1736 -1749 -1756 -1764 -1767 -1769 -1713 -1395 -1081 -986 -897 -808 -745 -704 -648 -575 -478 -327 -194 -153 -141 -97 -96 -93 -89 -84 9 21 30 36 44 51 58 67 78 73 81 131 249 378 447 535 549 520 528 444 488 535 537 421 462 515 634 678 606 586 654 544 451 437 382
-1552 -1506 -1476 -1456 -1455 -1417 -1375 -1406 -1440 -1447 -1454 -1477 -1535 -1596 -1629 -1672 -1693 -1690 -1658 -1663 -1666 -1670 -1677 -1702 -1701 -1715 -1672 -1372 -1038 -902 -827 -748 -703 -656 -593 -507 -375 -223 1 -115 -100 -90 -94 -91 -72 2 41 56 49 55 65 77 91 99 116 132 143 192 290 387 502 625 678 676 655 592 616 633 617 531 512 609 724 814 796 741 738 612 566 511 477
-1513 -1470 -1449 -1438 -1418 -1399 -1404 -1379 -1396 -1410 -1407 -1450 -1492 -1522 -1571 -1629 -1652 -1599 -1589 -1598 -1601 -1596 -1605 -1621 -1633 -1659 -1634 -1408 -1036 -855 -760 -678 -636 -583 -520 -379 -248 -162 3 -98 -82 -89 -94 -77 -48 -25 55 71 77 81 94 111 127 138 171 262 319 281 369 453 445 510 648 699 723 741 782 790 763 693 632 626 666 822 923 926 825 713 660 572 574
-1468 -1421 -1402 -1386 -1359 -1316 -1320 -1362 -1368 -1382 -1397 -1422 -1456 -1478 -1532 -1590 -1587 -1488 -1441 -1501 -1551 -1551 -1534 -1528 -1547 -1599 -1583 -1444 -1079 -836 -725 -634 -566 -498 -387 -244 -168 -133 14 -94 -93 -95 -83 -56 -28 59 78 92 109 108 126 149 169 180 221 351 482 479 461 575 629 603 631 737 796 789 804 865 882 870 794 828 794 893 949 957 894 806 727 705 715
-1417 -1375 -1352 -1322 -1284 -1222 -1174 -1285 -1344 -1366 -1375 -1370 -1428 -1463 -1503 -1512 -1421 -1316 -1381 -1470 -1514 -1508 -1460 -1450 -1466 -1541 -1531 -1437 -1191 -837 -726 -634 -524 -422 -300 -186 -140 -120 -101 -97 -97 -82 -61 -38 73 87 96 105 127 136 155 196 214 219 238 269 362 445 480 550 601 627 693 755 770 705 700 766 830 880 889 913 924 865 748 751 819 850 786 675 642
-1363 -1321 -1288 -1260 -1229 -1191 -1150 -1200 -1249 -1261 -1284 -1318 -1400 -1442 -1472 -1467 -1397 -1365 -1428 -1473 -1474 -1457 -1408 -1382 -1404 -1488 -1459 -1403 -1220 -859 -731 -636 -512 -371 -232 -161 -136 -119 1 -99 -82 -54 -35 101 114 119 125 129 141 161 197 241 247 251 276 294 312 356 385 421 454 517 600 644 622 622 711 809 796 778 763 805 835 736 609 589 705 771 647 560 499
-1331 -1286 -1242 -1214 -1184 -1148 -1136 -1150 -1174 -1182 -1226 -1298 -1379 -1417 -1421 -1427 -1421 -1392 -1436 -1446 -1424 -1382 -1368 -1330 -1358 -1432 -1375 -1335 -1189 -909 -788 -680 -512 -365 -250 -222 -176 -144 7 22 16 8 138 149 157 163 164 175 198 249 243 271 274 275 298 321 343 368 388 409 431 479 533 542 561 626 692 730 707 688 718 743 665 560 522 491 585 751 654 528 432
-1286 -1254 -1210 -1172 -1149 -1133 -1092 -1058 -1096 -1152 -1214 -1285 -1359 -1381 -1364 -1359 -1387 -1387 -1398 -1400 -1366 -1331 -1313 -1278 -1303 -1374 -1350 -1280 -1184 -1014 -875 -783 -656 -525 -459 -407 -314 -200 27 63 111 157 187 200 210 211 213 222 248 310 352 322 302 301 328 347 378 435 437 445 463 481 495 506 543 616 645 650 646 650 678 667 581 467 412 417 530 607 635 587 444
-1235 -1205 -1170 -1137 -1111 -1102 -1077 -1021 -1061 -1122 -1182 -1248 -1295 -1317 -1317 -1307 -1335 -1351 -1353 -1346 -1318 -1286 -1236 -1208 -1231 -1305 -1315 -1241 -1133 -1014 -905 -805 -693 -574 -493 -445 -341 33 65 115 166 206 238 258 274 272 274 269 286 345 408 360 326 329 363 393 428 495 514 533 533 571 580 550 560 576 598 607 607 620 654 674 551 435 336 364 464 505 564 565 507
-1204 -1184 -1146 -1112 -1090 -1078 -1055 -1004 -1050 -1100 -1141 -1204 -1250 -1260 -1263 -1271 -1290 -1318 -1318 -1306 -1283 -1255 -1198 -1142 -1166 -1246 -1267 -1203 -1065 -970 -876 -774 -665 -534 -498 -426 42 89 136 178 208 249 293 323 347 361 367 345 351 373 390 375 358 351 361 409 471 523 617 679 639 645 657 676 665 603 582 583 604 654 691 709 583 447 337 288 355 409 525 473 413
