processed_DEMs/175_175_26443.asc
ncols        175
nrows        175
xllcorner    -18.225000000000
yllcorner    28.308333333333
cellsize     0.004166666667
NODATA_value -32767
[rows 0 to 36 of 175, columns 0 to 81 of 175]
-3710 -3695 -3684 -3662 -3643 -3635 -3625 -3624 -3595 -3561 -3574 -3588 -3580 -3569 -3545 -3530 -3525 -3527 -3524 -3506 -3475 -3465 -3455 -3444 -3425 -3399 -3369 -3342 -3322 -3303 -3308 -3317 -3323 -3312 -3283 -3238 -3224 -3161 -2995 -2953 -3064 -3134 -3143 -3139 -3120 -3124 -3153 -3137 -3110 -3097 -3097 -3119 -3106 -3035 -2995 -3026 -3020 -3006 -2995 -2990 -2963 -2989 -3003 -2988 -2968 -2933 -2918 -2942 -2957 -2963 -2957 -2913 -2842 -2867 -2918 -2968 -3020 -3091 -3187 -3335 -3526 -3555
-3703 -3686 -3668 -3641 -3622 -3611 -3608 -3609 -3587 -3538 -3552 -3572 -3561 -3553 -3535 -3524 -3513 -3507 -3506 -3499 -3481 -3457 -3440 -3429 -3415 -3392 -3362 -3333 -3314 -3295 -3280 -3290 -3302 -3288 -3262 -3221 -3167 -3099 -2974 -2906 -3018 -3100 -3106 -3103 -3095 -3092 -3122 -3134 -3095 -3087 -3097 -3109 -3068 -2970 -2918 -2971 -2984 -2990 -2994 -3013 -2966 -2983 -2956 -2884 -2837 -2809 -2849 -2904 -2926 -2929 -2912 -2872 -2718 -2789 -2864 -2902 -2933 -2977 -3039 -3210 -3550 -3551
-3686 -3668 -3650 -3631 -3608 -3595 -3594 -3589 -3569 -3542 -3557 -3542 -3538 -3542 -3535 -3519 -3511 -3504 -3496 -3474 -3461 -3450 -3446 -3419 -3397 -3382 -3361 -3332 -3308 -3291 -3268 -3268 -3276 -3260 -3235 -3200 -3151 -3100 -3053 -3056 -3069 -3085 -3075 -3075 -3072 -3075 -3092 -3105 -3087 -3079 -3066 -3071 -3050 -2976 -2914 -2914 -2943 -2959 -2966 -2990 -2951 -2980 -2896 -2753 -2608 -2695 -2794 -2854 -2877 -2887 -2879 -2860 -2738 -2811 -2861 -2866 -2878 -2881 -2885 -3194 -3517 -3518
-3672 -3652 -3641 -3630 -3611 -3596 -3590 -3581 -3572 -3542 -3550 -3568 -3549 -3545 -3538 -3524 -3508 -3500 -3492 -3461 -3439 -3436 -3435 -3408 -3378 -3361 -3345 -3309 -3292 -3276 -3250 -3239 -3244 -3245 -3214 -3176 -3160 -3140 -3134 -3121 -3097 -3089 -3079 -3061 -3056 -3052 -3063 -3066 -3075 -3060 -3025 -2979 -2967 -2953 -2909 -2894 -2912 -2931 -2944 -2956 -2915 -2964 -2876 -2701 -2613 -2700 -2763 -2791 -2817 -2845 -2858 -2857 -2809 -2828 -2857 -2866 -2878 -2868 -2805 -2868 -3235 -3490
-3665 -3644 -3624 -3600 -3598 -3598 -3584 -3576 -3564 -3542 -3529 -3543 -3543 -3542 -3535 -3519 -3501 -3493 -3488 -3462 -3433 -3414 -3404 -3391 -3369 -3350 -3323 -3299 -3288 -3267 -3247 -3224 -3217 -3217 -3190 -3161 -3151 -3130 -3118 -3113 -3101 -3093 -3086 -3048 -3007 -3025 -3042 -3020 -3017 -3023 -3008 -2979 -2962 -2938 -2904 -2894 -2897 -2900 -2915 -2925 -2917 -2926 -2881 -2800 -2745 -2749 -2752 -2737 -2771 -2797 -2835 -2838 -2826 -2819 -2832 -2854 -2870 -2846 -2770 -2882 -3408 -3312
-3666 -3645 -3620 -3566 -3535 -3566 -3574 -3563 -3548 -3525 -3510 -3523 -3532 -3530 -3527 -3520 -3503 -3487 -3482 -3460 -3438 -3413 -3358 -3347 -3359 -3337 -3312 -3283 -3271 -3258 -3246 -3217 -3188 -3161 -3106 -3115 -3123 -3104 -3096 -3095 -3076 -3059 -3058 -3029 -2988 -3002 -3000 -2979 -2963 -2967 -2978 -2964 -2947 -2911 -2880 -2866 -2874 -2875 -2886 -2896 -2898 -2898 -2868 -2843 -2828 -2789 -2745 -2729 -2757 -2778 -2819 -2827 -2824 -2777 -2783 -2828 -2885 -2921 -2982 -3197 -3580 -3385
-3662 -3654 -3641 -3599 -3517 -3532 -3551 -3530 -3523 -3508 -3491 -3500 -3520 -3514 -3509 -3503 -3501 -3491 -3476 -3447 -3439 -3415 -3333 -3312 -3343 -3329 -3309 -3294 -3277 -3249 -3230 -3190 -3166 -3122 -3014 -3031 -3104 -3098 -3086 -3076 -3029 -2975 -2991 -2997 -2976 -2941 -2947 -2936 -2912 -2909 -2938 -2937 -2920 -2893 -2860 -2843 -2852 -2857 -2864 -2874 -2880 -2878 -2862 -2838 -2805 -2786 -2766 -2753 -2767 -2779 -2797 -2581 -2631 -2642 -2679 -2770 -2883 -2965 -3098 -3351 -3693 -3509
-3642 -3644 -3645 -3634 -3594 -3541 -3526 -3505 -3502 -3507 -3479 -3482 -3508 -3496 -3485 -3481 -3479 -3484 -3473 -3447 -3430 -3385 -3319 -3296 -3329 -3325 -3305 -3282 -3278 -3256 -3220 -3105 -3049 -3115 -3096 -3053 -3083 -3086 -3065 -3034 -2966 -2925 -2947 -2949 -2915 -2913 -2921 -2914 -2895 -2892 -2904 -2899 -2896 -2879 -2854 -2830 -2842 -2852 -2841 -2840 -2848 -2859 -2859 -2830 -2816 -2790 -2777 -2767 -2768 -2778 -2783 -2581 -2514 -2488 -2522 -2656 -2799 -2924 -3079 -3300 -3546 -3473
-3620 -3617 -3615 -3591 -3565 -3538 -3507 -3504 -3499 -3485 -3457 -3438 -3484 -3476 -3472 -3473 -3464 -3455 -3462 -3455 -3418 -3345 -3224 -3163 -3274 -3311 -3286 -3257 -3246 -3242 -3217 -3132 -3064 -3104 -3119 -3095 -3083 -3038 -2964 -2899 -2796 -2839 -2918 -2920 -2903 -2896 -2906 -2902 -2895 -2894 -2889 -2873 -2864 -2857 -2837 -2827 -2844 -2834 -2817 -2813 -2671 -2738 -2793 -2810 -2800 -2786 -2773 -2743 -2737 -2746 -2751 -2566 -2417 -2331 -2331 -2537 -2705 -2838 -2976 -3169 -3419 -3450
-3610 -3598 -3587 -3562 -3544 -3533 -3525 -3496 -3479 -3460 -3441 -3436 -3469 -3470 -3467 -3468 -3457 -3431 -3426 -3429 -3430 -3392 -3276 -3190 -3275 -3299 -3262 -3223 -3212 -3206 -3177 -3124 -3089 -3079 -3055 -3037 -3048 -2993 -2880 -2834 -2753 -2808 -2892 -2896 -2883 -2872 -2879 -2889 -2887 -2874 -2844 -2812 -2831 -2831 -2814 -2817 -2820 -2805 -2780 -2776 -2490 -2575 -2697 -2748 -2759 -2759 -2741 -2711 -2706 -2719 -2731 -2532 -2393 -2331 -2331 -2520 -2657 -2742 -2825 -2985 -3451 -3546
-3600 -3591 -3580 -3563 -3547 -3535 -3519 -3492 -3461 -3441 -3410 -3395 -3442 -3469 -3472 -3467 -3441 -3411 -3396 -3385 -3393 -3394 -3357 -3302 -3306 -3292 -3258 -3234 -3218 -3183 -3102 -2969 -2962 -2982 -2874 -2862 -2977 -2948 -2811 -2816 -2780 -2825 -2869 -2871 -2861 -2858 -2861 -2877 -2851 -2812 -2755 -2704 -2754 -2802 -2793 -2795 -2781 -2738 -2716 -2720 -2498 -2560 -2661 -2700 -2705 -2696 -2692 -2668 -2662 -2569 -2308 -2384 -2356 -2403 -2466 -2591 -2657 -2660 -2643 -2650 -3589 -3492
-3602 -3585 -3571 -3560 -3546 -3528 -3496 -3456 -3443 -3428 -3404 -3391 -3424 -3449 -3444 -3437 -3410 -3393 -3382 -3353 -3345 -3368 -3360 -3338 -3311 -3291 -3281 -3273 -3241 -3181 -3048 -2883 -2855 -2894 -2803 -2800 -2923 -2955 -2880 -2861 -2868 -2865 -2859 -2864 -2858 -2842 -2847 -2839 -2803 -2762 -2678 -2585 -2644 -2747 -2767 -2761 -2737 -2689 -2671 -2658 -2413 -2500 -2542 -2604 -2622 -2616 -2601 -2610 -2611 -2592 -2309 -2426 -2356 -2404 -2528 -2591 -2657 -2660 -2644 -2715 -3126 -3521
-3586 -3562 -3548 -3542 -3528 -3508 -3478 -3440 -3434 -3426 -3401 -3397 -3402 -3407 -3402 -3405 -3395 -3389 -3384 -3350 -3329 -3337 -3332 -3317 -3299 -3286 -3274 -3267 -3255 -3209 -3118 -2984 -2935 -2846 -2726 -2772 -2879 -2938 -2941 -2917 -2907 -2889 -2859 -2848 -2837 -2825 -2827 -2802 -2776 -2734 -2615 -2457 -2546 -2697 -2736 -2725 -2691 -2643 -2618 -2604 -2419 -2467 -2389 -2410 -2497 -2514 -2480 -2496 -2534 -2371 -2352 -2366 -2380 -2368 -2435 -2496 -2589 -2553 -2550 -2669 -2818 -3005
-3569 -3549 -3535 -3517 -3504 -3490 -3471 -3446 -3426 -3424 -3414 -3391 -3369 -3379 -3386 -3390 -3390 -3390 -3384 -3350 -3326 -3318 -3302 -3298 -3293 -3284 -3274 -3265 -3256 -3217 -3155 -3088 -2986 -2841 -2769 -2746 -2751 -2835 -2913 -2924 -2913 -2880 -2859 -2849 -2807 -2792 -2802 -2787 -2767 -2727 -2634 -2523 -2544 -2651 -2700 -2700 -2643 -2584 -2573 -2558 -2499 -2485 -2322 -2304 -2393 -2410 -2352 -2371 -2418 -2169 -2171 -2208 -2258 -2239 -2300 -2295 -2448 -2506 -2500 -2559 -2640 -2607
-3557 -3538 -3519 -3488 -3484 -3476 -3464 -3445 -3422 -3416 -3402 -3364 -3352 -3354 -3359 -3354 -3372 -3385 -3370 -3343 -3323 -3305 -3280 -3282 -3276 -3272 -3272 -3271 -3257 -3217 -3165 -3094 -3030 -2898 -2797 -2737 -2617 -2691 -2805 -2832 -2896 -2872 -2846 -2821 -2717 -2681 -2726 -2757 -2735 -2708 -2673 -2614 -2586 -2599 -2642 -2676 -2617 -2545 -2542 -2526 -2475 -2470 -2393 -2345 -2323 -2288 -2280 -2289 -2306 -2066 -2053 -2146 -2148 -2177 -2214 -2252 -2367 -2465 -2468 -2481 -2481 -2249
-3560 -3539 -3519 -3484 -3467 -3456 -3445 -3445 -3422 -3405 -3382 -3326 -3296 -3307 -3333 -3324 -3329 -3341 -3343 -3325 -3306 -3291 -3275 -3262 -3238 -3238 -3256 -3264 -3256 -3229 -3173 -3123 -3059 -2995 -2940 -2868 -2791 -2791 -2848 -2851 -2872 -2854 -2809 -2757 -2655 -2575 -2634 -2665 -2609 -2601 -2630 -2630 -2592 -2565 -2604 -2635 -2619 -2579 -2563 -2518 -2449 -2456 -2433 -2420 -2316 -2181 -2242 -2281 -2181 -2045 -2137 -2232 -2167 -2108 -2159 -2236 -2281 -2340 -2377 -2395 -2395 -1881
-3548 -3536 -3525 -3514 -3492 -3470 -3444 -3415 -3407 -3396 -3376 -3305 -3228 -3250 -3294 -3293 -3285 -3299 -3315 -3301 -3294 -3288 -3272 -3249 -3232 -3230 -3218 -3220 -3226 -3213 -3162 -3109 -3082 -3047 -3010 -2987 -2952 -2935 -2913 -2890 -2859 -2813 -2760 -2713 -2657 -2609 -2592 -2487 -2379 -2395 -2513 -2589 -2572 -2548 -2564 -2590 -2589 -2583 -2560 -2486 -2400 -2439 -2441 -2417 -2326 -2194 -2232 -2274 -2316 -2075 -2189 -2264 -2215 -2078 -2180 -2334 -2269 -2239 -2385 -2386 -2448 -1849
-3545 -3532 -3514 -3498 -3485 -3467 -3436 -3377 -3361 -3376 -3365 -3316 -3252 -3239 -3267 -3274 -3268 -3273 -3288 -3292 -3290 -3274 -3260 -3253 -3230 -3207 -3157 -3132 -3141 -3150 -3118 -3070 -3055 -3038 -3015 -2984 -2965 -2939 -2896 -2867 -2806 -2775 -2743 -2714 -2642 -2566 -2554 -2383 -2232 -2243 -2434 -2551 -2538 -2516 -2517 -2537 -2537 -2540 -2482 -2411 -2328 -2391 -2396 -2409 -2357 -2288 -2308 -2252 -2167 -2193 -2200 -2235 -2270 -2223 -2360 -2329 -2375 -2409 -2448 -2392 -2433 -1828
-3535 -3511 -3488 -3466 -3450 -3439 -3415 -3328 -3255 -3318 -3332 -3316 -3300 -3295 -3267 -3249 -3244 -3252 -3266 -3285 -3277 -3261 -3256 -3241 -3220 -3205 -3167 -3128 -3095 -3067 -3057 -3047 -3032 -3021 -2997 -2969 -2924 -2895 -2862 -2840 -2784 -2745 -2725 -2711 -2665 -2629 -2583 -2458 -2325 -2327 -2464 -2536 -2516 -2491 -2483 -2490 -2493 -2492 -2439 -2369 -2287 -2272 -2298 -2374 -2365 -2334 -2323 -2323 -2326 -2318 -2164 -2194 -2213 -2244 -2308 -2358 -2348 -2286 -2406 -2421 -2421 -2068
-3518 -3495 -3478 -3453 -3436 -3415 -3394 -3349 -3271 -3289 -3289 -3289 -3293 -3266 -3251 -3211 -3205 -3210 -3232 -3256 -3252 -3249 -3246 -3234 -3204 -3188 -3166 -3138 -3095 -3046 -3023 -3020 -3019 -3012 -2994 -2946 -2920 -2867 -2831 -2803 -2738 -2647 -2657 -2690 -2645 -2586 -2575 -2569 -2513 -2475 -2463 -2477 -2452 -2431 -2452 -2434 -2441 -2455 -2424 -2361 -2345 -2152 -2188 -2254 -2280 -2292 -2309 -2322 -2322 -2296 -1921 -1954 -1972 -2022 -2071 -2187 -2101 -2114 -2324 -2336 -2287 -2137
-3514 -3496 -3472 -3446 -3424 -3406 -3391 -3348 -3319 -3324 -3262 -3181 -3210 -3230 -3236 -3222 -3207 -3194 -3195 -3209 -3204 -3198 -3197 -3188 -3188 -3170 -3145 -3123 -3095 -3058 -3026 -3002 -2981 -2966 -2954 -2941 -2920 -2876 -2829 -2764 -2705 -2674 -2673 -2654 -2509 -2415 -2499 -2530 -2382 -2323 -2323 -2377 -2364 -2321 -2382 -2395 -2389 -2394 -2383 -2341 -2383 -2205 -2176 -2184 -2247 -2242 -2267 -2293 -2295 -2253 -1779 -1775 -1858 -1926 -1921 -1960 -1988 -2056 -2139 -2136 -2157 -2127
-3512 -3491 -3466 -3438 -3415 -3399 -3388 -3373 -3351 -3337 -3303 -3248 -3222 -3212 -3220 -3225 -3215 -3195 -3175 -3166 -3157 -3144 -3143 -3138 -3142 -3143 -3128 -3097 -3068 -3036 -3007 -2980 -2946 -2911 -2913 -2909 -2871 -2836 -2805 -2708 -2591 -2559 -2630 -2585 -2403 -2294 -2383 -2464 -2294 -2178 -2252 -2331 -2300 -2244 -2308 -2339 -2339 -2346 -2339 -2309 -2358 -2198 -2144 -2161 -2189 -2217 -2241 -2129 -1932 -1915 -1883 -1858 -1962 -1931 -1986 -2017 -1979 -2038 -2080 -2052 -2088 -2102
-3503 -3481 -3457 -3430 -3406 -3390 -3379 -3372 -3359 -3341 -3309 -3286 -3256 -3227 -3213 -3217 -3205 -3182 -3166 -3119 -3076 -3052 -3079 -3102 -3103 -3115 -3110 -3079 -3050 -3018 -2983 -2952 -2920 -2884 -2886 -2840 -2774 -2758 -2758 -2689 -2525 -2489 -2569 -2498 -2311 -2273 -2361 -2444 -2322 -2160 -2150 -2246 -2220 -2151 -2211 -2266 -2282 -2294 -2285 -2263 -2321 -2261 -2170 -2140 -2163 -2194 -2216 -2082 -1930 -1930 -1963 -1945 -2040 -1981 -2018 -1989 -2028 -2072 -2104 -2103 -2069 -2070
-3495 -3472 -3446 -3420 -3398 -3382 -3370 -3362 -3349 -3332 -3307 -3282 -3254 -3218 -3202 -3208 -3176 -3160 -3152 -3090 -2942 -2862 -2955 -3074 -3082 -3059 -3056 -3070 -3040 -3003 -2975 -2940 -2911 -2890 -2851 -2802 -2728 -2716 -2735 -2719 -2638 -2581 -2550 -2497 -2381 -2351 -2381 -2405 -2355 -2178 -2013 -2097 -2121 -2020 -2043 -2138 -2177 -2198 -2208 -2204 -2271 -2250 -2197 -2159 -2152 -2169 -2163 -2039 -1926 -1926 -1926 -1956 -2023 -1992 -1993 -1923 -2057 -2078 -2095 -2087 -2062 -2069
-3489 -3463 -3436 -3411 -3394 -3376 -3364 -3351 -3336 -3316 -3293 -3261 -3225 -3195 -3184 -3166 -3153 -3140 -3127 -3103 -2963 -2866 -2872 -2930 -2989 -2993 -3013 -3025 -3013 -2988 -2949 -2915 -2883 -2863 -2840 -2805 -2782 -2755 -2727 -2708 -2644 -2517 -2477 -2474 -2434 -2411 -2405 -2403 -2330 -2162 -1972 -2030 -2066 -1964 -1918 -1947 -2015 -2084 -2123 -2139 -2221 -2205 -2149 -2114 -2097 -2105 -2063 -1965 -1862 -1945 -1935 -1957 -1987 -1957 -1991 -1942 -1968 -2074 -2064 -2045 -2030 -2058
-3485 -3461 -3437 -3413 -3397 -3379 -3363 -3343 -3324 -3302 -3274 -3239 -3209 -3192 -3162 -3126 -3120 -3108 -3104 -3097 -3059 -3014 -2913 -2801 -2834 -2883 -2960 -2946 -2929 -2938 -2924 -2891 -2859 -2839 -2833 -2806 -2772 -2738 -2702 -2678 -2584 -2384 -2368 -2433 -2410 -2391 -2384 -2349 -2197 -2026 -1893 -1945 -2005 -1967 -1946 -1944 -1971 -2021 -2060 -2081 -2162 -2152 -2133 -2087 -2053 -2028 -1983 -1926 -1893 -1958 -1919 -1921 -1946 -2023 -2030 -1901 -1886 -1999 -1970 -2034 -2002 -2042
-3481 -3459 -3436 -3418 -3399 -3379 -3360 -3337 -3312 -3290 -3262 -3233 -3207 -3198 -3138 -3043 -3045 -3053 -3074 -3082 -3062 -3038 -2953 -2815 -2841 -2905 -2877 -2774 -2759 -2812 -2865 -2864 -2842 -2822 -2807 -2794 -2756 -2708 -2677 -2652 -2531 -2369 -2323 -2393 -2392 -2388 -2380 -2311 -2105 -1916 -1893 -1951 -1972 -1961 -1961 -1971 -1977 -1996 -2018 -2032 -2097 -2084 -2074 -2035 -1996 -1953 -1905 -1860 -1825 -1823 -1798 -1913 -1925 -1914 -1973 -1729 -1747 -1833 -1834 -1960 -1939 -2005
-3465 -3451 -3438 -3422 -3395 -3374 -3352 -3330 -3308 -3286 -3262 -3232 -3215 -3194 -3139 -3054 -2925 -2927 -2979 -2992 -3012 -3009 -2968 -2938 -2940 -2918 -2759 -2540 -2522 -2640 -2791 -2837 -2820 -2800 -2767 -2733 -2728 -2677 -2626 -2591 -2456 -2414 -2398 -2417 -2403 -2385 -2363 -2341 -2198 -2075 -2054 -2050 -2001 -1973 -1966 -1961 -1965 -1974 -1983 -2042 -2032 -2015 -2012 -1986 -1934 -1876 -1819 -1765 -1719 -1676 -1614 -1704 -1733 -1700 -1763 -1652 -1630 -1718 -1756 -1826 -1848 -1942
-3449 -3434 -3425 -3407 -3385 -3369 -3350 -3329 -3305 -3283 -3256 -3233 -3206 -3184 -3168 -3128 -3045 -2974 -2895 -2809 -2903 -2925 -2921 -2900 -2889 -2888 -2736 -2508 -2406 -2531 -2678 -2778 -2796 -2780 -2751 -2712 -2688 -2660 -2608 -2554 -2530 -2513 -2490 -2453 -2415 -2376 -2333 -2307 -2273 -2218 -2163 -2101 -2028 -1982 -1958 -1947 -1947 -1946 -1946 -1992 -1970 -1955 -1944 -1923 -1862 -1789 -1724 -1666 -1619 -1587 -1551 -1537 -1575 -1583 -1638 -1630 -1601 -1703 -1738 -1752 -1781 -1865
-3437 -3418 -3408 -3395 -3368 -3355 -3342 -3328 -3307 -3288 -3261 -3230 -3206 -3187 -3170 -3156 -3116 -3055 -2924 -2838 -2852 -2813 -2831 -2858 -2841 -2840 -2718 -2553 -2451 -2500 -2589 -2681 -2751 -2741 -2713 -2688 -2652 -2621 -2588 -2558 -2535 -2515 -2481 -2422 -2354 -2309 -2260 -2203 -2171 -2148 -2125 -2085 -2026 -1969 -1924 -1917 -1916 -1911 -1949 -1927 -1913 -1900 -1884 -1860 -1778 -1690 -1624 -1568 -1522 -1524 -1538 -1522 -1497 -1503 -1572 -1588 -1604 -1675 -1701 -1722 -1749 -1809
-3431 -3409 -3407 -3410 -3355 -3332 -3332 -3319 -3293 -3275 -3261 -3235 -3208 -3189 -3168 -3129 -3115 -3091 -3015 -2986 -2913 -2753 -2728 -2847 -2852 -2818 -2756 -2656 -2587 -2623 -2652 -2626 -2668 -2676 -2655 -2644 -2605 -2581 -2558 -2524 -2496 -2468 -2377 -2290 -2243 -2208 -2131 -2001 -1932 -1924 -1954 -1989 -1967 -1927 -1890 -1883 -1877 -1865 -1884 -1880 -1858 -1850 -1829 -1811 -1684 -1572 -1520 -1477 -1412 -1454 -1472 -1457 -1432 -1438 -1477 -1563 -1576 -1583 -1637 -1647 -1682 -1722
-3428 -3406 -3409 -3419 -3345 -3321 -3328 -3317 -3273 -3260 -3249 -3215 -3195 -3183 -3163 -3152 -3130 -3130 -3096 -3058 -2969 -2828 -2768 -2807 -2829 -2813 -2794 -2770 -2709 -2673 -2659 -2502 -2510 -2580 -2524 -2503 -2505 -2521 -2503 -2486 -2457 -2415 -2262 -2092 -2131 -2140 -2092 -1939 -1769 -1708 -1723 -1800 -1808 -1835 -1839 -1835 -1826 -1749 -1752 -1785 -1795 -1780 -1743 -1672 -1557 -1432 -1432 -1442 -1412 -1436 -1443 -1425 -1396 -1405 -1393 -1441 -1515 -1520 -1650 -1573 -1683 -1672
-3418 -3402 -3411 -3389 -3343 -3325 -3325 -3312 -3281 -3263 -3246 -3208 -3191 -3177 -3159 -3142 -3128 -3128 -3117 -3073 -3028 -2968 -2906 -2842 -2836 -2821 -2795 -2769 -2740 -2695 -2653 -2519 -2452 -2420 -2324 -2289 -2356 -2376 -2415 -2439 -2413 -2381 -2300 -2159 -2109 -2094 -2024 -1911 -1816 -1697 -1585 -1607 -1584 -1675 -1749 -1764 -1748 -1564 -1605 -1657 -1663 -1707 -1662 -1561 -1486 -1454 -1432 -1462 -1458 -1456 -1450 -1446 -1458 -1513 -1467 -1436 -1454 -1458 -1553 -1584 -1660 -1674
-3408 -3399 -3389 -3362 -3348 -3328 -3319 -3308 -3287 -3262 -3246 -3217 -3199 -3180 -3160 -3141 -3108 -3103 -3096 -3060 -3037 -3008 -2969 -2918 -2884 -2849 -2809 -2766 -2731 -2691 -2661 -2566 -2464 -2334 -2223 -2245 -2308 -2337 -2349 -2355 -2321 -2294 -2232 -2165 -2111 -2057 -1928 -1808 -1755 -1708 -1631 -1577 -1517 -1562 -1619 -1644 -1647 -1479 -1477 -1471 -1430 -1441 -1362 -1416 -1423 -1448 -1480 -1519 -1505 -1476 -1460 -1452 -1457 -1448 -1407 -1381 -1402 -1421 -1492 -1565 -1644 -1654
-3410 -3393 -3384 -3370 -3338 -3314 -3309 -3301 -3272 -3244 -3225 -3207 -3183 -3164 -3140 -3116 -3102 -3085 -3065 -3029 -3010 -2991 -2961 -2935 -2896 -2858 -2790 -2687 -2681 -2673 -2654 -2612 -2538 -2408 -2272 -2275 -2327 -2322 -2290 -2217 -2179 -2166 -2096 -1999 -1958 -1994 -1926 -1833 -1759 -1712 -1661 -1596 -1528 -1502 -1507 -1523 -1519 -1433 -1389 -1322 -1205 -1301 -1362 -1362 -1374 -1433 -1509 -1569 -1533 -1473 -1450 -1426 -1397 -1353 -1295 -1253 -1262 -1316 -1403 -1496 -1571 -1577
-3410 -3396 -3394 -3380 -3349 -3323 -3311 -3282 -3242 -3215 -3215 -3202 -3170 -3147 -3119 -3089 -3067 -3053 -3048 -3021 -2988 -2959 -2937 -2913 -2887 -2864 -2809 -2665 -2524 -2565 -2618 -2599 -2567 -2475 -2352 -2269 -2272 -2272 -2185 -2019 -1992 -2050 -2048 -1936 -1865 -1931 -1941 -1887 -1775 -1681 -1600 -1519 -1458 -1437 -1444 -1423 -1532 -1409 -1340 -1279 -1204 -1247 -1279 -1284 -1288 -1382 -1501 -1603 -1529 -1429 -1429 -1384 -1325 -1250 -1159 -1075 -1071 -1169 -1282 -1389 -1472 -1443
-3398 -3394 -3387 -3364 -3341 -3325 -3306 -3274 -3241 -3218 -3206 -3173 -3142 -3130 -3096 -3065 -3049 -3024 -3016 -2999 -2976 -2953 -2932 -2904 -2870 -2839 -2802 -2712 -2590 -2566 -2574 -2562 -2536 -2472 -2359 -2288 -2277 -2252 -2170 -2002 -1894 -1953 -1997 -1938 -1880 -1872 -1866 -1755 -1619 -1509 -1430 -1367 -1292 -1307 -1323 -1298 -1442 -1353 -1279 -1220 -1172 -1202 -1195 -1195 -1153 -1282 -1405 -1488 -1466 -1429 -1429 -1339 -1254 -1155 -1031 -883 -883 -1024 -1143 -1237 -1290 -1248
