processed_DEMs/175_175_26443.asc
ncols        175
nrows        175
xllcorner    -18.225000000000
yllcorner    28.308333333333
cellsize     0.004166666667
NODATA_value -32767
[rows 74 to 110 of 175, columns 82 to 163 of 175]
896 843 835 951 1007 1057 1209 1305 1422 1657 1948 2084 2003 1878 1796 1712 1618 1587 1482 1432 1390 1304 1211 1117 990 856 717 613 593 555 510 462 404 310 222 130 48 12 -75 -183 -360 -654 -709 -756 -873 -978 -1046 -1127 -1208 -1267 -1307 -1401 -1502 -1566 -1639 -1692 -1753 -1796 -1845 -1898 -2002 -1991 -2024 -2085 -2146 -2193 -2239 -2273 -2328 -2372 -2398 -2415 -2433 -2465 -2498 -2532 -2555 -2588 -2606 -2618 -2626 -2647
816 774 781 789 946 1087 1182 1283 1454 1732 1991 2029 1886 1789 1677 1550 1485 1422 1382 1297 1253 1223 1116 1049 965 832 720 620 488 520 517 468 376 267 142 77 34 11 -84 -262 -439 -649 -778 -876 -972 -1019 -1045 -1102 -1171 -1196 -1213 -1344 -1509 -1610 -1647 -1680 -1746 -1745 -1753 -1842 -2010 -2024 -2071 -2118 -2162 -2198 -2235 -2284 -2328 -2351 -2363 -2366 -2408 -2470 -2512 -2529 -2532 -2555 -2575 -2570 -2579 -2631
686 718 725 877 944 1020 1036 1108 1313 1668 1956 2033 1899 1734 1584 1437 1232 1109 1161 1221 1122 1030 1015 991 944 809 678 572 464 356 450 441 356 245 92 33 21 -27 -110 -302 -491 -679 -829 -922 -1020 -1055 -1070 -1098 -1064 -1085 -1287 -1438 -1530 -1608 -1654 -1698 -1740 -1747 -1743 -1857 -1990 -2009 -2076 -2129 -2165 -2210 -2252 -2280 -2298 -2294 -2311 -2355 -2412 -2464 -2471 -2484 -2509 -2490 -2508 -2537 -2577 -2607
621 628 710 717 750 835 981 1212 1422 1717 1876 1918 1857 1733 1603 1457 1337 1113 898 931 981 908 808 796 785 721 577 490 419 305 297 322 247 141 49 21 8 -65 -218 -386 -553 -722 -845 -957 -1069 -1143 -1161 -1155 -1129 -1132 -1269 -1407 -1506 -1596 -1644 -1675 -1705 -1790 -1842 -1907 -1979 -2015 -2090 -2138 -2175 -2205 -2225 -2221 -2229 -2242 -2290 -2345 -2395 -2427 -2428 -2423 -2447 -2466 -2489 -2520 -2547 -2576
552 555 607 695 750 912 1070 1329 1595 1838 1722 1618 1592 1501 1431 1296 1109 1124 1038 865 707 718 771 620 554 575 477 389 335 261 176 198 96 36 9 -66 -55 -169 -337 -482 -616 -742 -839 -973 -1106 -1195 -1272 -1295 -1327 -1366 -1398 -1425 -1517 -1585 -1638 -1693 -1744 -1807 -1885 -1939 -2014 -2043 -2087 -2117 -2139 -2151 -2173 -2158 -2205 -2259 -2286 -2305 -2351 -2372 -2359 -2356 -2400 -2451 -2468 -2500 -2531 -2569
653 750 734 788 888 900 1043 1323 1723 1939 1732 1511 1323 1227 1116 1070 987 840 836 834 768 630 575 586 423 407 347 311 262 199 109 62 36 5 -37 -64 -136 -301 -462 -591 -691 -765 -900 -1008 -1145 -1219 -1294 -1378 -1436 -1461 -1501 -1520 -1565 -1625 -1691 -1754 -1807 -1862 -1906 -2005 -2015 -2042 -2057 -2070 -2091 -2118 -2126 -2167 -2235 -2249 -2248 -2272 -2308 -2320 -2330 -2345 -2378 -2434 -2477 -2511 -2557 -2605
1007 1073 972 918 1097 1118 1196 1465 1790 1930 1877 1693 1531 1444 1268 1032 888 844 765 691 617 578 488 452 382 292 253 235 215 172 100 31 10 -45 -88 -203 -304 -439 -605 -733 -810 -816 -973 -1096 -1208 -1246 -1298 -1380 -1483 -1539 -1600 -1652 -1705 -1762 -1810 -1851 -1889 -1920 -1948 -1987 -2000 -2010 -2020 -2039 -2074 -2111 -2137 -2160 -2185 -2210 -2233 -2254 -2297 -2324 -2337 -2353 -2384 -2430 -2463 -2494 -2566 -2618
1155 1316 1207 1175 1203 1275 1296 1336 1569 1787 1937 1900 1759 1588 1381 1245 1182 1113 993 888 738 561 417 348 308 280 230 176 150 116 64 13 -27 -62 -19 -219 -399 -571 -775 -901 -983 -868 -1028 -1152 -1240 -1314 -1387 -1446 -1514 -1580 -1630 -1677 -1726 -1763 -1799 -1842 -1874 -1902 -1931 -1971 -1985 -2003 -2020 -2042 -2067 -2103 -2133 -2157 -2189 -2214 -2235 -2269 -2305 -2332 -2361 -2396 -2425 -2459 -2476 -2499 -2563 -2614
1447 1652 1513 1336 1317 1462 1389 1205 1273 1515 1740 1893 1805 1662 1516 1377 1249 1093 881 754 633 511 414 317 254 209 188 156 107 53 22 -24 -56 -137 -287 -344 -566 -807 -868 -944 -1015 -1063 -1080 -1152 -1254 -1337 -1402 -1415 -1474 -1520 -1563 -1606 -1675 -1727 -1750 -1820 -1848 -1882 -1912 -1958 -1971 -2001 -2026 -2046 -2058 -2072 -2115 -2145 -2178 -2192 -2227 -2264 -2303 -2328 -2370 -2405 -2437 -2469 -2502 -2536 -2583 -2623
1484 1583 1629 1520 1488 1467 1405 1236 1127 1285 1567 1779 1803 1667 1515 1389 1256 1114 971 833 683 539 438 363 289 208 143 104 70 37 17 -28 -17 -47 -123 -429 -764 -857 -887 -942 -1011 -1051 -1117 -1156 -1209 -1239 -1343 -1382 -1439 -1480 -1560 -1614 -1692 -1735 -1771 -1808 -1845 -1879 -1908 -1955 -1974 -1997 -2007 -2005 -2014 -2037 -2079 -2143 -2167 -2174 -2200 -2233 -2257 -2267 -2341 -2384 -2413 -2440 -2477 -2526 -2569 -2597
1302 1348 1414 1388 1363 1341 1310 1264 1104 1161 1380 1626 1769 1636 1452 1295 1174 1043 923 785 643 529 435 359 288 261 184 101 46 24 18 -29 -79 -202 -418 -659 -799 -861 -918 -973 -1022 -1072 -1144 -1189 -1246 -1284 -1317 -1417 -1466 -1521 -1584 -1627 -1660 -1711 -1763 -1808 -1836 -1860 -1906 -1942 -1957 -1973 -1968 -1972 -2031 -2081 -2112 -2133 -2182 -2199 -2211 -2245 -2283 -2310 -2351 -2378 -2415 -2434 -2465 -2495 -2527 -2554
1135 1162 1222 1239 1232 1217 1218 1195 1096 1063 1201 1401 1631 1626 1449 1302 1132 938 797 715 602 503 423 368 344 255 133 57 19 12 -118 -42 -210 -331 -574 -695 -796 -889 -956 -1018 -1064 -1112 -1166 -1220 -1263 -1284 -1328 -1377 -1425 -1487 -1545 -1589 -1639 -1716 -1781 -1826 -1862 -1874 -1889 -1905 -1916 -1919 -1940 -1988 -2058 -2089 -2120 -2135 -2175 -2200 -2219 -2248 -2280 -2306 -2332 -2378 -2404 -2417 -2456 -2494 -2530 -2558
1011 1027 1080 1109 1109 1108 1117 1093 1040 993 1093 1290 1523 1511 1325 1164 1049 929 785 656 558 479 433 400 368 232 93 26 7 7 -108 -290 -391 -466 -583 -695 -814 -907 -968 -1019 -1067 -1112 -1161 -1199 -1230 -1254 -1328 -1376 -1433 -1489 -1547 -1587 -1630 -1706 -1771 -1817 -1853 -1866 -1869 -1869 -1875 -1883 -1917 -1999 -2062 -2095 -2130 -2148 -2171 -2198 -2226 -2261 -2298 -2323 -2354 -2378 -2392 -2380 -2411 -2485 -2520 -2549
894 881 982 1007 1006 1019 1019 999 969 944 989 1161 1352 1458 1284 1095 930 831 751 673 581 499 436 394 363 321 206 55 6 131 -179 -296 -464 -559 -633 -735 -830 -892 -939 -980 -1017 -1055 -1100 -1118 -1180 -1256 -1328 -1377 -1433 -1488 -1552 -1585 -1626 -1680 -1735 -1770 -1796 -1815 -1835 -1844 -1857 -1891 -1941 -2018 -2067 -2102 -2114 -2141 -2167 -2188 -2225 -2266 -2298 -2327 -2351 -2368 -2379 -2394 -2424 -2472 -2503 -2511
778 830 954 947 925 937 936 919 894 910 962 1069 1208 1364 1245 1076 933 790 680 603 555 489 416 368 328 284 197 62 9 119 -139 -316 -476 -596 -680 -739 -792 -834 -863 -872 -917 -995 -1054 -1115 -1195 -1271 -1326 -1370 -1428 -1476 -1524 -1563 -1600 -1646 -1687 -1724 -1755 -1775 -1804 -1827 -1857 -1889 -1945 -1990 -2044 -2074 -2109 -2135 -2154 -2183 -2208 -2247 -2279 -2310 -2336 -2354 -2373 -2396 -2424 -2454 -2475 -2494
713 813 860 872 852 859 860 863 861 873 941 1011 1144 1337 1261 1069 919 795 694 586 491 439 388 343 292 239 177 73 16 11 -94 -291 -369 -564 -636 -649 -670 -727 -815 -864 -933 -995 -1053 -1115 -1171 -1237 -1285 -1316 -1370 -1428 -1471 -1504 -1546 -1603 -1652 -1693 -1726 -1756 -1786 -1822 -1862 -1893 -1936 -1970 -2008 -2045 -2079 -2099 -2111 -2156 -2186 -2223 -2269 -2297 -2319 -2339 -2356 -2370 -2381 -2397 -2442 -2512
686 744 774 807 805 812 819 833 848 863 897 958 1094 1304 1283 1096 946 824 723 623 519 431 354 307 263 211 161 97 42 17 5 -237 -325 -512 -533 -532 -588 -729 -816 -867 -911 -948 -1006 -1049 -1091 -1159 -1218 -1261 -1319 -1375 -1439 -1477 -1516 -1582 -1636 -1677 -1711 -1745 -1776 -1807 -1839 -1870 -1911 -1944 -1979 -2012 -2030 -2054 -2102 -2142 -2162 -2197 -2242 -2255 -2283 -2331 -2341 -2337 -2340 -2361 -2424 -2493
642 689 729 766 792 815 831 843 853 870 884 926 1051 1254 1279 1091 931 806 695 598 505 419 357 321 285 243 204 139 73 18 4 -207 -357 -378 -475 -472 -564 -702 -768 -804 -845 -891 -945 -1003 -1063 -1112 -1170 -1227 -1286 -1360 -1421 -1468 -1520 -1577 -1619 -1662 -1696 -1724 -1741 -1772 -1798 -1831 -1872 -1919 -1948 -1980 -1999 -2036 -2069 -2093 -2113 -2142 -2164 -2134 -2203 -2279 -2312 -2323 -2325 -2352 -2399 -2458
647 680 718 754 783 810 836 862 872 884 897 925 1044 1253 1282 1079 903 771 662 562 486 431 386 346 311 278 231 150 97 31 7 -191 -333 -331 -374 -489 -596 -673 -715 -747 -802 -856 -910 -955 -1012 -1076 -1137 -1204 -1273 -1340 -1403 -1454 -1499 -1553 -1604 -1651 -1687 -1721 -1739 -1741 -1717 -1734 -1815 -1882 -1898 -1948 -1969 -1983 -2002 -2032 -2080 -2102 -2116 -2149 -2203 -2264 -2273 -2288 -2311 -2362 -2408 -2448
645 686 717 748 775 801 834 871 892 912 929 947 1081 1292 1315 1123 952 807 687 593 526 478 425 375 344 308 243 173 131 59 14 3 -237 -337 -415 -528 -578 -668 -689 -696 -731 -801 -865 -913 -976 -1045 -1117 -1184 -1244 -1310 -1379 -1433 -1476 -1536 -1588 -1639 -1672 -1713 -1730 -1739 -1750 -1782 -1833 -1866 -1890 -1918 -1953 -1965 -1971 -2034 -2055 -2085 -2112 -2148 -2199 -2240 -2246 -2263 -2318 -2375 -2408 -2423
651 686 715 746 773 801 846 895 917 939 967 976 1036 1243 1328 1155 969 815 688 608 563 515 462 413 377 333 267 203 154 83 16 3 -211 -342 -449 -583 -585 -592 -634 -620 -667 -761 -832 -894 -970 -1047 -1114 -1171 -1236 -1308 -1378 -1428 -1464 -1531 -1579 -1631 -1663 -1697 -1721 -1749 -1782 -1806 -1831 -1860 -1887 -1911 -1945 -1973 -1992 -2028 -2061 -2092 -2112 -2140 -2172 -2219 -2241 -2262 -2305 -2334 -2377 -2407
657 697 730 760 801 832 878 936 970 995 1013 1024 1050 1223 1293 1134 973 820 692 639 597 539 475 435 406 358 287 227 166 102 23 4 -219 -322 -419 -516 -556 -579 -598 -583 -620 -696 -787 -894 -989 -1066 -1120 -1180 -1245 -1319 -1386 -1429 -1467 -1529 -1575 -1618 -1659 -1683 -1714 -1747 -1778 -1802 -1825 -1859 -1887 -1909 -1944 -1971 -1995 -2021 -2061 -2091 -2112 -2143 -2175 -2208 -2232 -2239 -2235 -2232 -2256 -2281
645 695 740 778 846 916 993 1057 1056 1066 1077 1079 1103 1281 1282 1112 943 798 724 676 632 558 495 471 458 374 298 228 155 94 26 9 -164 -275 -378 -470 -533 -577 -606 -614 -623 -699 -808 -911 -1004 -1070 -1136 -1193 -1269 -1338 -1401 -1443 -1485 -1543 -1584 -1619 -1653 -1682 -1717 -1755 -1783 -1810 -1833 -1866 -1890 -1913 -1938 -1957 -1976 -2005 -2040 -2065 -2102 -2136 -2161 -2190 -2212 -2225 -2249 -2273 -2257 -2222
627 685 736 803 889 972 1061 1158 1164 1134 1135 1130 1193 1339 1263 1085 907 810 766 702 657 583 532 504 475 379 298 220 146 87 34 10 5 -251 -355 -450 -526 -588 -646 -701 -721 -785 -879 -952 -1014 -1078 -1150 -1220 -1282 -1353 -1414 -1458 -1504 -1553 -1596 -1623 -1660 -1696 -1735 -1767 -1796 -1820 -1846 -1868 -1889 -1910 -1928 -1946 -1969 -1996 -2018 -2055 -2087 -2107 -2112 -2136 -2182 -2235 -2278 -2311 -2341 -2335
604 679 735 809 910 1010 1096 1180 1209 1207 1222 1226 1327 1327 1189 1075 967 892 826 770 705 631 576 537 463 378 300 226 153 91 39 9 2 -223 -356 -452 -532 -604 -672 -732 -767 -848 -937 -1001 -1059 -1119 -1182 -1239 -1288 -1364 -1431 -1473 -1515 -1561 -1604 -1634 -1673 -1710 -1744 -1773 -1802 -1828 -1852 -1871 -1889 -1909 -1929 -1952 -1972 -1994 -2015 -2034 -2057 -2073 -2068 -2086 -2158 -2259 -2283 -2315 -2369 -2414
588 673 742 816 927 1056 1148 1202 1231 1264 1279 1316 1428 1325 1185 1093 1019 962 908 867 792 692 624 565 458 372 300 226 157 99 49 20 5 -209 -386 -465 -546 -625 -704 -780 -857 -902 -973 -1043 -1109 -1158 -1207 -1259 -1310 -1349 -1439 -1496 -1529 -1562 -1613 -1651 -1677 -1702 -1743 -1776 -1804 -1833 -1858 -1876 -1893 -1915 -1941 -1963 -1986 -2005 -2029 -2061 -2087 -2119 -2168 -2190 -2218 -2294 -2280 -2259 -2369 -2443
588 658 745 859 951 1068 1169 1250 1313 1334 1346 1408 1428 1319 1231 1158 1076 1018 964 922 848 743 669 591 486 376 283 215 168 106 47 20 8 -177 -299 -449 -557 -647 -733 -814 -881 -937 -1024 -1089 -1146 -1196 -1239 -1286 -1346 -1395 -1459 -1492 -1524 -1575 -1622 -1655 -1679 -1710 -1755 -1784 -1813 -1842 -1869 -1888 -1914 -1930 -1962 -2000 -2028 -2036 -2057 -2083 -2122 -2167 -2224 -2304 -2334 -2325 -2301 -2286 -2366 -2435
589 663 754 871 985 1092 1195 1305 1388 1417 1438 1473 1463 1416 1318 1240 1167 1094 1029 965 888 788 699 608 496 385 295 241 178 101 31 10 5 -219 -402 -502 -591 -680 -770 -857 -931 -994 -1089 -1145 -1199 -1251 -1289 -1322 -1374 -1426 -1477 -1491 -1514 -1570 -1629 -1664 -1683 -1719 -1756 -1787 -1819 -1844 -1875 -1905 -1937 -1965 -1997 -2036 -2060 -2070 -2087 -2102 -2127 -2145 -2187 -2285 -2331 -2317 -2303 -2311 -2364 -2406
594 652 739 864 991 1126 1256 1378 1469 1523 1561 1543 1487 1440 1367 1298 1240 1162 1091 1015 922 825 731 643 532 424 337 290 208 124 37 7 -184 -334 -479 -547 -625 -714 -810 -910 -1003 -1062 -1135 -1207 -1269 -1305 -1336 -1365 -1398 -1436 -1473 -1489 -1505 -1566 -1635 -1663 -1686 -1728 -1759 -1791 -1819 -1845 -1882 -1916 -1937 -1964 -1993 -2030 -2058 -2074 -2104 -2126 -2139 -2129 -2206 -2270 -2308 -2301 -2313 -2340 -2381 -2407
606 658 744 848 967 1104 1252 1437 1580 1656 1707 1619 1522 1452 1426 1358 1286 1199 1114 1026 933 842 735 660 543 449 367 299 232 146 42 9 -185 -350 -474 -560 -645 -739 -845 -960 -1073 -1114 -1172 -1250 -1305 -1335 -1358 -1384 -1406 -1452 -1481 -1498 -1507 -1565 -1638 -1665 -1690 -1736 -1768 -1794 -1817 -1850 -1864 -1874 -1902 -1948 -1993 -2033 -2067 -2075 -2099 -2127 -2161 -2210 -2241 -2279 -2295 -2310 -2331 -2356 -2380 -2398
603 667 752 842 992 1125 1227 1388 1564 1694 1740 1654 1593 1535 1481 1376 1294 1225 1125 1015 924 823 742 652 569 485 361 279 220 129 42 13 -209 -396 -486 -565 -655 -755 -867 -991 -1115 -1156 -1229 -1278 -1334 -1364 -1367 -1394 -1430 -1474 -1493 -1493 -1505 -1574 -1642 -1663 -1697 -1734 -1768 -1795 -1819 -1838 -1840 -1862 -1880 -1902 -1942 -2011 -2061 -2090 -2104 -2112 -2132 -2165 -2191 -2214 -2235 -2278 -2328 -2355 -2372 -2384
591 682 772 847 1028 1160 1255 1397 1564 1695 1736 1674 1622 1564 1489 1394 1332 1279 1154 1004 895 827 751 655 557 459 339 263 202 114 26 9 -234 -421 -491 -566 -657 -759 -874 -995 -1111 -1197 -1254 -1297 -1341 -1363 -1368 -1399 -1442 -1485 -1501 -1498 -1513 -1584 -1644 -1663 -1700 -1731 -1754 -1771 -1780 -1830 -1865 -1881 -1896 -1906 -1928 -2015 -2078 -2121 -2129 -2127 -2128 -2135 -2158 -2182 -2231 -2293 -2331 -2348 -2355 -2358
575 653 742 865 1032 1161 1281 1416 1539 1677 1757 1734 1621 1557 1498 1433 1362 1274 1119 998 937 869 772 665 566 456 345 257 190 128 42 9 4 -411 -481 -560 -654 -759 -877 -995 -1105 -1186 -1241 -1294 -1335 -1369 -1374 -1380 -1389 -1460 -1512 -1525 -1529 -1580 -1640 -1653 -1675 -1696 -1687 -1676 -1670 -1711 -1812 -1860 -1891 -1910 -1946 -1994 -2054 -2128 -2145 -2153 -2148 -2166 -2200 -2225 -2263 -2323 -2347 -2351 -2328 -2328
574 668 751 890 1048 1184 1308 1413 1513 1667 1780 1764 1660 1614 1538 1470 1342 1241 1113 1003 921 822 742 662 576 471 356 246 163 116 44 10 2 -364 -460 -552 -654 -767 -886 -1006 -1117 -1210 -1260 -1310 -1349 -1382 -1387 -1384 -1328 -1383 -1456 -1489 -1490 -1537 -1601 -1609 -1627 -1603 -1616 -1638 -1645 -1672 -1772 -1824 -1827 -1869 -1903 -1980 -2053 -2129 -2165 -2162 -2187 -2215 -2233 -2251 -2264 -2219 -2340 -2365 -2366 -2385
597 674 763 934 1092 1203 1306 1422 1540 1704 1812 1835 1753 1624 1522 1434 1338 1231 1127 1016 905 808 729 654 567 467 347 229 137 61 13 5 -227 -420 -468 -552 -659 -776 -899 -1023 -1143 -1248 -1284 -1324 -1354 -1390 -1408 -1421 -1381 -1363 -1355 -1387 -1427 -1492 -1554 -1575 -1577 -1576 -1627 -1644 -1658 -1687 -1810 -1850 -1876 -1908 -1930 -2000 -2088 -2112 -2103 -2078 -2169 -2226 -2233 -2257 -2277 -2286 -2345 -2376 -2391 -2396
580 679 791 938 1089 1213 1331 1458 1576 1724 1819 1873 1803 1620 1514 1432 1338 1216 1108 1032 930 813 717 627 531 427 314 205 114 35 10 -119 -263 -330 -429 -543 -667 -791 -918 -1042 -1164 -1275 -1300 -1337 -1365 -1400 -1429 -1451 -1443 -1407 -1356 -1372 -1403 -1471 -1545 -1551 -1586 -1608 -1602 -1640 -1723 -1761 -1851 -1897 -1918 -1941 -1976 -2046 -2096 -2120 -2114 -2112 -2190 -2244 -2244 -2258 -2277 -2321 -2359 -2361 -2365 -2392
540 637 750 902 1069 1221 1338 1459 1591 1726 1819 1805 1719 1624 1543 1438 1340 1233 1096 1004 899 781 685 606 507 400 290 178 82 16 5 -66 -281 -326 -427 -555 -688 -817 -940 -1058 -1177 -1302 -1318 -1353 -1390 -1424 -1463 -1505 -1511 -1466 -1422 -1467 -1483 -1535 -1593 -1584 -1612 -1624 -1602 -1596 -1708 -1798 -1861 -1914 -1929 -1957 -2032 -2095 -2117 -2111 -2161 -2200 -2240 -2266 -2284 -2298 -2293 -2299 -2294 -2335 -2346 -2419
