processed_DEMs/175_175_26443.asc
ncols        175
nrows        175
xllcorner    -18.225000000000
yllcorner    28.308333333333
cellsize     0.004166666667
NODATA_value -32767
[rows 37 to 73 of 175, columns 0 to 81 of 175]
-3394 -3380 -3354 -3335 -3333 -3313 -3285 -3256 -3234 -3210 -3185 -3148 -3125 -3113 -3087 -3061 -3036 -2989 -2979 -2972 -2958 -2934 -2905 -2873 -2841 -2807 -2770 -2722 -2667 -2613 -2550 -2467 -2461 -2440 -2373 -2298 -2238 -2184 -2111 -2029 -1932 -1899 -1947 -1923 -1861 -1823 -1809 -1727 -1547 -1407 -1302 -1199 -1165 -1192 -1195 -1360 -1362 -1334 -1197 -1092 -1043 -1053 -1082 -1153 -1153 -1204 -1290 -1356 -1347 -1318 -1295 -1239 -1172 -1078 -973 -883 -883 -947 -1021 -1094 -1168 -1248
-3398 -3379 -3358 -3342 -3338 -3294 -3264 -3254 -3238 -3219 -3193 -3156 -3127 -3108 -3090 -3061 -3017 -2965 -2943 -2937 -2921 -2909 -2886 -2853 -2815 -2783 -2731 -2646 -2562 -2493 -2438 -2338 -2275 -2294 -2321 -2303 -2214 -2074 -1927 -1855 -1884 -1865 -1859 -1815 -1773 -1778 -1727 -1622 -1511 -1414 -1311 -1205 -1152 -1139 -1095 -1256 -1268 -1287 -1055 -910 -865 -871 -895 -941 -996 -1068 -1147 -1213 -1191 -1159 -1133 -1108 -1075 -988 -904 -850 -844 -861 -891 -929 -975 -1018
-3426 -3405 -3388 -3363 -3352 -3322 -3296 -3284 -3258 -3233 -3201 -3164 -3133 -3115 -3082 -3048 -3002 -2959 -2934 -2919 -2893 -2875 -2860 -2828 -2788 -2751 -2677 -2579 -2402 -2262 -2220 -2185 -2134 -2190 -2207 -2248 -2211 -2044 -1856 -1731 -1678 -1673 -1706 -1707 -1677 -1686 -1631 -1508 -1325 -1265 -1153 -1080 -1127 -1107 -1011 -816 -593 -786 -753 -676 -674 -696 -715 -740 -828 -914 -970 -989 -986 -962 -938 -930 -921 -847 -781 -754 -761 -750 -746 -749 -752 -792
-3464 -3437 -3410 -3386 -3368 -3353 -3331 -3298 -3261 -3232 -3205 -3170 -3136 -3097 -3055 -3026 -3005 -2967 -2938 -2922 -2890 -2841 -2810 -2791 -2769 -2726 -2660 -2522 -2308 -2105 -2036 -2019 -2047 -2186 -2225 -2234 -2189 -2053 -1835 -1615 -1540 -1586 -1559 -1526 -1604 -1610 -1572 -1475 -1329 -1273 -1136 -1015 -1063 -1041 -1007 -593 -593 -593 -546 -472 -524 -575 -596 -592 -717 -806 -840 -803 -801 -749 -697 -696 -721 -637 -585 -586 -629 -599 -594 -601 -581 -652
-3449 -3433 -3412 -3396 -3375 -3355 -3328 -3301 -3267 -3239 -3209 -3172 -3128 -3092 -3051 -3014 -2992 -2964 -2932 -2902 -2876 -2815 -2768 -2755 -2754 -2708 -2639 -2533 -2381 -2212 -2096 -2095 -2103 -2162 -2191 -2187 -2121 -2021 -1866 -1719 -1656 -1610 -1556 -1480 -1478 -1483 -1479 -1440 -1354 -1259 -1164 -1078 -1057 -985 -913 -599 -534 -507 -471 -440 -482 -546 -614 -678 -731 -780 -820 -819 -697 -533 -397 -364 84 135 133 85 -346 -372 -430 -550 -675 -674
-3413 -3398 -3378 -3369 -3362 -3351 -3320 -3284 -3252 -3223 -3190 -3161 -3129 -3102 -3059 -3009 -2975 -2948 -2920 -2895 -2867 -2819 -2774 -2751 -2679 -2578 -2564 -2523 -2452 -2355 -2258 -2225 -2201 -2172 -2155 -2145 -2088 -1938 -1837 -1734 -1624 -1490 -1445 -1404 -1332 -1296 -1343 -1356 -1294 -1201 -1103 -1018 -1010 -978 -948 -527 -484 -470 -449 -437 -469 -532 -632 -757 -726 -723 -760 -824 -571 -290 134 403 627 623 583 530 442 152 -217 -435 -748 -664
-3382 -3371 -3356 -3358 -3350 -3328 -3316 -3292 -3248 -3202 -3157 -3127 -3117 -3099 -3080 -3030 -2983 -2901 -2836 -2835 -2850 -2810 -2773 -2731 -2675 -2615 -2588 -2533 -2470 -2386 -2284 -2236 -2212 -2173 -2130 -2097 -2075 -1993 -1815 -1599 -1473 -1325 -1251 -1214 -1232 -1193 -1201 -1242 -1204 -1165 -1060 -980 -968 -919 -819 -590 -503 -467 -446 -432 -435 -460 -511 -567 -553 -517 -463 -454 -294 175 490 773 977 1005 964 889 751 462 105 -100 -358 -388
-3373 -3361 -3357 -3356 -3313 -3291 -3278 -3263 -3242 -3215 -3178 -3143 -3096 -3068 -3052 -3024 -2990 -2924 -2825 -2775 -2801 -2795 -2767 -2726 -2685 -2640 -2582 -2516 -2431 -2351 -2280 -2224 -2176 -2141 -2101 -2060 -2027 -1982 -1869 -1708 -1554 -1413 -1281 -1112 -1119 -1115 -1157 -1141 -1077 -1117 -1050 -982 -974 -881 -748 -589 -503 -461 -435 -409 -367 -331 44 81 89 24 -84 13 269 568 862 1130 1322 1342 1291 105 1073 793 453 114 -55 -61
-3364 -3353 -3351 -3324 -3274 -3253 -3231 -3223 -3223 -3203 -3175 -3150 -3107 -3071 -3040 -3007 -2975 -2933 -2873 -2821 -2780 -2752 -2733 -2698 -2657 -2616 -2561 -2499 -2423 -2320 -2263 -2236 -2185 -2129 -2072 -2030 -1984 -1937 -1871 -1781 -1673 -1562 -1422 -1262 -1153 -1136 -1174 -1184 -1145 -1121 -1070 -1004 -995 -858 -693 -543 -471 -435 -403 -359 -267 209 424 563 632 610 553 564 775 1002 1233 1465 1658 1625 212 209 187 127 45 540 286 332
-3396 -3355 -3345 -3306 -3263 -3240 -3212 -3228 -3194 -3167 -3141 -3118 -3089 -3062 -3034 -3000 -2963 -2923 -2880 -2842 -2792 -2753 -2718 -2676 -2646 -2611 -2566 -2508 -2442 -2351 -2295 -2251 -2193 -2121 -2050 -1999 -1947 -1896 -1847 -1793 -1721 -1633 -1532 -1406 -1291 -1240 -1252 -1231 -1187 -1143 -1085 -1019 -1014 -825 -636 -487 -426 -392 -338 -234 128 487 878 1195 1274 1271 1280 1332 1371 1442 1554 1689 1795 1776 302 343 313 247 126 46 994 945
-3417 -3366 -3349 -3325 -3283 -3257 -3228 -3231 -3186 -3142 -3110 -3088 -3065 -3044 -3018 -2994 -2961 -2934 -2886 -2845 -2807 -2770 -2732 -2690 -2646 -2603 -2556 -2509 -2458 -2406 -2334 -2293 -2234 -2165 -2096 -1992 -1887 -1868 -1825 -1768 -1707 -1645 -1578 -1508 -1440 -1379 -1309 -1243 -1193 -1119 -1050 -1020 -906 -744 -555 -403 -372 -364 -299 -111 204 696 1275 1808 1843 1833 1889 2009 1874 1798 1797 1844 391 439 451 474 428 363 306 244 191 1469
-3420 -3386 -3353 -3331 -3292 -3278 -3251 -3230 -3214 -3171 -3119 -3110 -3065 -3038 -3018 -2985 -2959 -2928 -2888 -2847 -2806 -2768 -2739 -2704 -2659 -2615 -2575 -2524 -2472 -2429 -2383 -2328 -2269 -2206 -2138 -2057 -1965 -1887 -1822 -1757 -1687 -1628 -1569 -1505 -1438 -1347 -1264 -1183 -1141 -1098 -1013 -964 -939 -705 -488 -341 -338 -390 -422 -360 85 732 1409 1955 2105 2134 2167 2198 2089 1985 410 428 522 606 599 588 570 495 441 437 400 350
-3414 -3376 -3338 -3345 -3316 -3294 -3272 -3248 -3230 -3191 -3143 -3122 -3074 -3049 -3028 -2987 -2951 -2914 -2879 -2841 -2805 -2777 -2755 -2713 -2655 -2614 -2568 -2478 -2391 -2363 -2343 -2299 -2245 -2185 -2125 -2071 -1979 -1874 -1797 -1742 -1673 -1606 -1541 -1462 -1397 -1303 -1205 -1093 -1026 -1004 -995 -944 -884 -633 -408 -243 -274 -373 -478 -533 -252 725 1465 27 2217 2251 2258 2246 421 479 519 541 618 732 721 708 699 590 570 567 507 372
-3400 -3369 -3346 -3339 -3333 -3307 -3280 -3263 -3222 -3193 -3151 -3125 -3081 -3058 -3034 -2971 -2930 -2892 -2862 -2831 -2798 -2787 -2766 -2735 -2691 -2646 -2587 -2505 -2405 -2356 -2342 -2278 -2216 -2167 -2118 -2054 -1960 -1831 -1720 -1646 -1603 -1533 -1462 -1394 -1337 -1281 -1165 -1051 -948 -857 -920 -934 -749 -541 -358 -222 -187 -245 -250 -61 78 802 1487 2007 2200 2242 2232 418 483 555 608 626 722 805 792 797 769 700 644 681 536 410
-3387 -3371 -3351 -3314 -3309 -3306 -3279 -3251 -3210 -3195 -3154 -3117 -3091 -3067 -3024 -2963 -2914 -2878 -2850 -2826 -2790 -2768 -2741 -2729 -2700 -2649 -2594 -2530 -2466 -2419 -2371 -2277 -2214 -2166 -2110 -1979 -1854 -1756 -1653 -1561 -1531 -1466 -1391 -1324 -1247 -1155 -1074 -1001 -863 -759 -835 -898 -631 -463 -319 -186 -60 -118 -136 -52 329 973 1560 234 324 397 454 507 570 665 695 715 798 859 854 851 854 794 780 718 552 665
-3384 -3362 -3329 -3299 -3296 -3301 -3275 -3246 -3213 -3169 -3127 -3105 -3064 -3030 -2995 -2943 -2909 -2875 -2842 -2819 -2792 -2764 -2737 -2716 -2691 -2588 -2533 -2492 -2453 -2426 -2380 -2318 -2219 -2153 -2110 -1993 -1832 -1695 -1597 -1508 -1472 -1390 -1315 -1242 -1164 -1048 -977 -1024 -956 -857 -815 -739 -557 -421 -310 -207 -108 -63 -55 321 785 1244 240 304 352 459 531 599 681 749 785 828 904 925 914 918 903 870 856 791 690 796
-3370 -3352 -3321 -3297 -3283 -3279 -3257 -3233 -3218 -3180 -3136 -3104 -3068 -3041 -3018 -2980 -2942 -2895 -2850 -2831 -2799 -2759 -2726 -2718 -2684 -2566 -2490 -2447 -2418 -2398 -2367 -2283 -2195 -2135 -2065 -1995 -1884 -1757 -1584 -1414 -1379 -1334 -1205 -1126 -1039 -969 -896 -878 -849 -796 -722 -623 -484 -374 -276 -188 121 378 678 1089 1342 1563 248 338 420 450 511 574 675 786 836 872 931 938 941 941 922 935 917 867 765 848
-3361 -3339 -3325 -3301 -3266 -3267 -3253 -3231 -3223 -3195 -3171 -3134 -3111 -3084 -3056 -3021 -2980 -2929 -2877 -2841 -2795 -2742 -2715 -2705 -2660 -2544 -2466 -2427 -2400 -2370 -2331 -2244 -2164 -2096 -2023 -1976 -1882 -1751 -1576 -1402 -1319 -1278 -1170 -1020 -924 -878 -802 -711 -711 -664 -621 -547 -421 -313 -185 -83 341 770 1256 1779 1797 233 317 384 461 542 611 725 736 821 888 879 898 944 975 972 972 983 960 930 852 925
-3354 -3338 -3323 -3289 -3266 -3271 -3250 -3226 -3225 -3198 -3183 -3138 -3128 -3098 -3068 -3032 -2983 -2935 -2888 -2847 -2799 -2743 -2698 -2683 -2651 -2545 -2461 -2419 -2393 -2357 -2311 -2256 -2176 -2093 -2011 -1956 -1869 -1768 -1664 -1542 -1421 -1278 -1141 -997 -839 -760 -693 -614 -556 -506 -530 -528 -465 -280 -79 235 618 1031 1465 250 298 338 357 480 529 586 695 790 828 859 896 913 936 982 1018 1018 1006 1026 991 966 949 984
-3325 -3327 -3313 -3281 -3261 -3247 -3204 -3229 -3214 -3190 -3162 -3126 -3101 -3077 -3058 -3013 -2978 -2939 -2893 -2847 -2802 -2755 -2708 -2683 -2641 -2564 -2480 -2436 -2385 -2338 -2279 -2216 -2161 -2098 -2018 -1940 -1874 -1791 -1670 -1535 -1402 -1245 -1082 -971 -836 -692 -560 -490 -418 -390 -440 -490 -504 -239 8 521 850 1174 1503 1775 382 426 437 526 631 679 716 796 863 906 935 967 999 1031 1081 1061 1048 1055 1034 1029 1021 1042
-3316 -3317 -3295 -3258 -3252 -3240 -3214 -3209 -3199 -3178 -3144 -3118 -3099 -3074 -3051 -3009 -2972 -2933 -2887 -2844 -2804 -2769 -2713 -2680 -2624 -2574 -2515 -2460 -2403 -2336 -2258 -2190 -2122 -2053 -1982 -1917 -1845 -1755 -1627 -1483 -1344 -1183 -1022 -923 -760 -621 -533 -414 -315 -295 -304 -298 -262 -52 35 601 937 1192 1419 1588 448 506 548 581 636 722 812 895 942 976 1014 1042 1073 1086 1102 1093 1095 1103 1091 1100 1092 1109
-3313 -3307 -3275 -3258 -3231 -3211 -3198 -3183 -3190 -3168 -3133 -3124 -3085 -3058 -3044 -3008 -2959 -2922 -2880 -2840 -2804 -2759 -2710 -2663 -2620 -2565 -2521 -2472 -2411 -2327 -2215 -2130 -2074 -2018 -1958 -1886 -1801 -1711 -1612 -1499 -1363 -1211 -1067 -943 -801 -654 -512 -376 -268 -199 -142 -57 -51 -46 -35 667 949 1136 1288 420 501 555 613 666 748 829 844 925 981 1025 1068 1100 1120 1142 1147 1154 1164 1169 1174 1177 1162 1216
-3307 -3267 -3249 -3235 -3219 -3207 -3191 -3157 -3169 -3161 -3130 -3118 -3083 -3046 -3025 -2987 -2947 -2905 -2862 -2830 -2773 -2728 -2699 -2655 -2606 -2557 -2516 -2454 -2374 -2270 -2184 -2099 -2045 -2000 -1925 -1840 -1768 -1681 -1579 -1473 -1359 -1242 -1125 -1038 -921 -780 -505 -381 -271 -141 -58 -51 -43 -38 193 610 864 396 388 469 565 621 668 748 828 893 937 951 1019 1083 1120 1154 1187 1232 1236 1241 1265 1271 1299 1292 1272 1289
-3284 -3260 -3247 -3229 -3205 -3191 -3184 -3144 -3132 -3141 -3123 -3110 -3083 -3038 -3028 -2964 -2944 -2903 -2860 -2819 -2764 -2716 -2677 -2638 -2585 -2530 -2477 -2414 -2340 -2234 -2172 -2117 -2060 -1987 -1905 -1818 -1740 -1647 -1548 -1441 -1312 -1202 -1082 -914 -833 -734 -472 -304 20 41 36 38 4 92 294 555 760 480 526 525 571 682 735 796 878 961 1020 1045 1076 1116 1191 1232 1278 1332 1351 1373 1398 1378 1438 1437 1379 1372
-3286 -3260 -3235 -3210 -3184 -3165 -3149 -3128 -3104 -3116 -3108 -3097 -3075 -3051 -3023 -2951 -2936 -2883 -2857 -2823 -2772 -2726 -2677 -2629 -2554 -2490 -2451 -2404 -2333 -2252 -2202 -2145 -2063 -1978 -1894 -1808 -1718 -1618 -1509 -1395 -1295 -1198 -1063 -883 -761 -674 -454 -275 78 79 65 68 93 174 322 501 486 540 595 635 603 670 763 826 908 1002 1062 1089 1143 1190 1224 1292 1369 1441 1478 1521 1569 1491 1569 1618 1514 1520
-3282 -3251 -3215 -3180 -3164 -3135 -3111 -3087 -3072 -3065 -3060 -3075 -3066 -3039 -2987 -2950 -2939 -2884 -2859 -2816 -2774 -2732 -2682 -2626 -2546 -2492 -2452 -2400 -2326 -2281 -2223 -2153 -2074 -1992 -1913 -1834 -1742 -1639 -1507 -1426 -1332 -1231 -1132 -1001 -830 -659 -485 -302 8 40 46 60 99 188 419 461 510 570 629 678 719 738 776 854 931 1042 1114 1123 1186 1240 1298 1351 1426 1524 1607 1670 1708 1645 1699 1758 1673 1740
-3253 -3224 -3195 -3170 -3148 -3110 -3081 -3066 -3047 -3015 -3010 -3027 -3011 -3012 -2995 -2952 -2904 -2883 -2842 -2787 -2772 -2732 -2681 -2632 -2581 -2524 -2463 -2393 -2345 -2294 -2209 -2117 -2032 -1951 -1883 -1814 -1738 -1656 -1578 -1491 -1392 -1288 -1168 -1037 -892 -683 -505 -341 -256 -169 7 30 71 172 425 492 541 603 657 698 753 807 842 865 943 1063 1148 1166 1217 1267 1350 1456 1542 1598 1704 1789 1854 1832 1876 1934 1863 1909
-3256 -3226 -3191 -3175 -3122 -3099 -3086 -3058 -3025 -2997 -2998 -2995 -2944 -2939 -2931 -2936 -2907 -2866 -2823 -2785 -2766 -2730 -2691 -2643 -2593 -2525 -2469 -2416 -2355 -2290 -2201 -2115 -2053 -1999 -1932 -1853 -1763 -1681 -1596 -1494 -1396 -1284 -1162 -1040 -895 -703 -503 -345 -265 -195 -53 6 54 157 409 499 600 680 707 733 787 853 920 972 983 1024 1103 1167 1226 1299 1374 1499 1626 1711 1781 1859 1938 1998 2016 2066 2079 2094
-3250 -3223 -3204 -3196 -3121 -3072 -3053 -3038 -3012 -2978 -2951 -2933 -2897 -2856 -2824 -2847 -2867 -2843 -2812 -2780 -2753 -2722 -2685 -2631 -2570 -2522 -2466 -2406 -2347 -2290 -2230 -2158 -2101 -2041 -1964 -1867 -1759 -1682 -1609 -1528 -1430 -1315 -1192 -1072 -951 -805 -646 -466 -317 -246 -89 -25 36 149 421 544 648 710 749 772 821 879 954 1025 1077 1112 1147 1201 1251 1295 1382 1518 1661 1757 1833 1903 1962 2030 2099 2143 2175 2207
-3232 -3219 -3206 -3176 -3114 -3044 -3007 -2994 -2979 -2945 -2909 -2908 -2852 -2787 -2772 -2771 -2777 -2776 -2778 -2761 -2735 -2708 -2678 -2638 -2592 -2543 -2488 -2439 -2363 -2316 -2259 -2200 -2142 -2070 -1994 -1889 -1756 -1678 -1623 -1563 -1466 -1354 -1243 -1149 -1035 -906 -750 -583 -403 -324 -181 1 60 162 396 541 620 670 743 808 873 918 971 1039 1097 1153 1214 1271 1333 1396 1412 1485 1645 1766 1859 1950 2008 2067 2125 2185 2224 2269
-3188 -3184 -3189 -3140 -3039 -2999 -2972 -2919 -2929 -2917 -2892 -2877 -2838 -2769 -2732 -2714 -2721 -2697 -2695 -2717 -2707 -2683 -2657 -2628 -2592 -2557 -2518 -2473 -2422 -2373 -2318 -2232 -2161 -2098 -2033 -1924 -1797 -1736 -1679 -1599 -1504 -1407 -1312 -1217 -1108 -980 -845 -681 -475 -405 -293 -81 64 166 318 421 532 609 708 778 839 898 966 1043 1090 1150 1223 1294 1364 1446 1540 1577 1618 1756 1885 1959 2022 2083 2154 2234 2299 2351
-3145 -3087 -3085 -3098 -3063 -3011 -2975 -2945 -2911 -2886 -2854 -2804 -2760 -2710 -2664 -2673 -2689 -2654 -2638 -2635 -2637 -2636 -2623 -2596 -2562 -2525 -2491 -2447 -2410 -2357 -2311 -2258 -2199 -2125 -2051 -1975 -1894 -1811 -1725 -1634 -1547 -1458 -1378 -1289 -1178 -1068 -908 -732 -562 -477 -413 -190 -55 127 317 342 432 517 615 733 840 911 970 1019 1072 1136 1229 1299 1375 1472 1576 1674 1734 1768 1853 1969 2027 2088 2181 2268 2328 2272
-3198 -3130 -3082 -3069 -3045 -3012 -2935 -2907 -2892 -2863 -2851 -2778 -2684 -2592 -2562 -2625 -2617 -2577 -2571 -2540 -2495 -2512 -2529 -2557 -2532 -2493 -2464 -2426 -2385 -2328 -2289 -2251 -2202 -2145 -2086 -2022 -1950 -1873 -1770 -1670 -1583 -1530 -1460 -1359 -1232 -1090 -928 -819 -684 -572 -520 -332 -133 18 311 257 350 432 500 595 737 866 960 1037 1098 1151 1226 1295 1366 1466 1574 1677 1781 1875 1933 1995 2074 2121 2207 2258 2196 1979
-3218 -3195 -3165 -3118 -3068 -3017 -2940 -2886 -2860 -2850 -2849 -2797 -2743 -2640 -2561 -2541 -2454 -2439 -2439 -2418 -2348 -2379 -2385 -2489 -2469 -2425 -2399 -2375 -2356 -2324 -2284 -2222 -2182 -2137 -2082 -2029 -1972 -1910 -1824 -1736 -1676 -1600 -1509 -1398 -1270 -1157 -1043 -915 -750 -628 -593 -472 -244 -85 273 671 243 362 502 621 755 874 959 1037 1114 1183 1247 1318 1387 1470 1575 1690 1788 1873 1944 2029 2112 2168 2200 2086 1990 1873
-3130 -3083 -3101 -3094 -3048 -3010 -2950 -2901 -2872 -2859 -2840 -2807 -2777 -2746 -2669 -2521 -2353 -2310 -2321 -2310 -2289 -2296 -2366 -2441 -2420 -2369 -2317 -2281 -2278 -2270 -2245 -2155 -2117 -2103 -2062 -2014 -1961 -1905 -1842 -1790 -1709 -1615 -1510 -1422 -1323 -1210 -1083 -971 -853 -713 -634 -580 -381 -178 148 581 770 875 500 634 732 815 885 979 1090 1171 1252 1334 1426 1524 1615 1701 1789 1887 1975 2052 2117 2188 2185 1933 1639 1597
-3104 -3058 -3055 -3001 -2941 -2953 -2936 -2908 -2873 -2855 -2826 -2802 -2780 -2759 -2731 -2630 -2535 -2453 -2361 -2307 -2286 -2284 -2333 -2391 -2385 -2343 -2294 -2255 -2219 -2186 -2169 -2122 -2061 -2021 -1995 -1972 -1898 -1834 -1772 -1679 -1667 -1608 -1531 -1448 -1356 -1253 -1125 -988 -886 -779 -672 -637 -508 -304 -125 481 674 833 385 528 664 764 856 952 1052 1133 1206 1298 1413 1498 1589 1680 1778 1890 1963 1992 2052 2167 2118 1959 1530 1214
-3086 -3061 -3033 -2944 -2907 -2904 -2888 -2822 -2806 -2780 -2756 -2744 -2739 -2714 -2723 -2708 -2638 -2558 -2452 -2358 -2307 -2268 -2282 -2332 -2350 -2326 -2298 -2247 -2190 -2139 -2097 -2073 -2038 -1953 -1850 -1838 -1815 -1745 -1683 -1581 -1554 -1543 -1499 -1434 -1354 -1251 -1125 -1002 -917 -831 -728 -675 -619 -452 -249 187 442 723 988 502 603 689 779 880 971 1051 1106 1198 1308 1455 1532 1616 1715 1803 1748 1768 1946 2099 1886 1661 1295 1054
