processed_DEMs/175_175_26443.asc
ncols        175
nrows        175
xllcorner    -18.225000000000
yllcorner    28.308333333333
cellsize     0.004166666667
NODATA_value -32767
[rows 111 to 147 of 175, columns 82 to 163 of 175]
497 563 696 884 1044 1211 1316 1420 1553 1697 1839 1814 1699 1626 1542 1417 1298 1164 1030 929 815 733 658 602 484 376 276 169 80 15 6 -51 -251 -317 -448 -589 -727 -855 -969 -1069 -1150 -1203 -1356 -1384 -1414 -1448 -1492 -1521 -1540 -1537 -1549 -1588 -1608 -1611 -1651 -1675 -1652 -1573 -1629 -1596 -1699 -1839 -1895 -1938 -1959 -1999 -2061 -2122 -2143 -2158 -2155 -2157 -2223 -2274 -2316 -2350 -2346 -2328 -2255 -2339 -2422 -2471
489 563 670 845 1020 1138 1256 1358 1494 1672 1850 1846 1716 1586 1489 1376 1260 1134 1004 888 766 682 602 521 420 335 231 140 55 8 4 -66 -269 -387 -517 -652 -786 -909 -1013 -1102 -1177 -1248 -1389 -1419 -1443 -1485 -1531 -1565 -1585 -1584 -1625 -1662 -1688 -1688 -1698 -1752 -1719 -1645 -1725 -1758 -1784 -1863 -1906 -1943 -1980 -2013 -2052 -2126 -2157 -2187 -2153 -2082 -2139 -2195 -2276 -2352 -2399 -2398 -2344 -2404 -2441 -2434
455 547 685 851 993 1099 1203 1322 1482 1660 1776 1819 1698 1544 1443 1337 1215 1090 958 827 700 626 533 435 362 276 199 145 47 3 -140 -232 -389 -491 -606 -732 -858 -976 -1068 -1147 -1217 -1288 -1433 -1466 -1484 -1511 -1559 -1607 -1629 -1666 -1690 -1730 -1759 -1795 -1794 -1808 -1790 -1731 -1705 -1807 -1852 -1859 -1933 -1976 -2003 -2030 -2064 -2137 -2165 -2191 -2211 -2215 -2235 -2258 -2329 -2363 -2403 -2427 -2437 -2455 -2471 -2435
382 537 664 795 930 1053 1171 1301 1483 1667 1767 1826 1725 1553 1388 1257 1142 1025 892 773 664 583 495 413 329 234 150 86 32 -26 -171 -381 -482 -582 -695 -815 -933 -1040 -1125 -1197 -1262 -1339 -1477 -1513 -1544 -1562 -1594 -1636 -1660 -1710 -1726 -1762 -1804 -1843 -1846 -1857 -1844 -1812 -1762 -1842 -1896 -1944 -1984 -2005 -2029 -2072 -2108 -2136 -2157 -2179 -2208 -2256 -2305 -2346 -2366 -2383 -2406 -2430 -2452 -2470 -2497 -2499
272 488 605 727 855 985 1118 1255 1437 1616 1724 1796 1722 1520 1301 1138 1029 929 829 740 653 566 479 396 297 170 59 15 -15 -99 -279 -414 -534 -656 -778 -898 -1012 -1112 -1186 -1245 -1298 -1370 -1523 -1550 -1587 -1604 -1638 -1670 -1690 -1709 -1745 -1793 -1844 -1889 -1895 -1928 -1936 -1874 -1797 -1901 -1991 -2009 -2007 -2039 -2082 -2092 -2126 -2122 -2110 -2170 -2204 -2252 -2314 -2342 -2359 -2384 -2423 -2433 -2455 -2452 -2480 -2518
380 453 580 694 818 973 1112 1236 1391 1571 1669 1698 1621 1431 1212 1036 912 792 712 647 577 500 424 348 195 57 12 4 -70 -193 -277 -425 -579 -727 -860 -982 -1094 -1191 -1248 -1290 -1324 -1366 -1542 -1569 -1604 -1643 -1677 -1705 -1729 -1737 -1778 -1821 -1884 -1934 -1955 -1991 -2011 -1934 -1802 -1916 -2016 -2046 -2049 -2065 -2102 -2124 -2136 -2148 -2172 -2206 -2217 -2229 -2284 -2346 -2383 -2408 -2440 -2468 -2483 -2469 -2490 -2521
307 426 573 697 839 1003 1140 1258 1391 1546 1623 1573 1464 1331 1151 964 816 707 627 551 482 393 306 191 75 14 -17 -75 -162 -295 -336 -474 -643 -807 -945 -1066 -1171 -1257 -1307 -1338 -1361 -1396 -1528 -1577 -1621 -1668 -1708 -1738 -1763 -1780 -1812 -1813 -1864 -1963 -1982 -1999 -2019 -2018 -1984 -2009 -2052 -2072 -2084 -2095 -2117 -2143 -2155 -2161 -2185 -2223 -2246 -2266 -2285 -2301 -2340 -2408 -2459 -2486 -2498 -2512 -2518 -2521
231 360 533 691 856 1009 1138 1247 1388 1542 1599 1508 1368 1241 1078 907 768 663 565 462 401 316 197 71 17 -25 -95 -163 -270 -334 -376 -543 -731 -906 -1039 -1152 -1250 -1329 -1365 -1385 -1401 -1432 -1547 -1597 -1641 -1690 -1728 -1763 -1791 -1810 -1838 -1854 -1873 -1960 -1991 -2000 -2016 -2038 -2058 -2066 -2079 -2095 -2103 -2103 -2100 -2154 -2190 -2187 -2182 -2236 -2269 -2304 -2326 -2320 -2313 -2411 -2474 -2488 -2497 -2519 -2524 -2519
174 284 513 675 838 1004 1130 1231 1381 1531 1547 1447 1300 1187 1023 852 737 630 515 404 327 246 132 37 15 -136 -243 -293 -365 -432 -512 -667 -846 -1013 -1137 -1237 -1321 -1384 -1414 -1426 -1437 -1461 -1557 -1603 -1615 -1686 -1753 -1788 -1817 -1846 -1880 -1915 -1933 -1956 -1986 -2002 -2029 -2064 -2083 -2093 -2109 -2127 -2136 -2117 -2060 -2129 -2218 -2233 -2240 -2265 -2296 -2331 -2358 -2389 -2427 -2463 -2487 -2489 -2500 -2525 -2534 -2529
123 236 451 645 801 941 1070 1217 1357 1450 1490 1399 1255 1139 1009 849 714 595 489 367 262 147 79 24 -74 -226 -324 -393 -469 -552 -654 -807 -976 -1134 -1239 -1322 -1390 -1443 -1458 -1462 -1465 -1484 -1566 -1663 -1619 -1677 -1765 -1813 -1833 -1857 -1884 -1909 -1952 -1988 -2002 -2017 -2048 -2081 -2101 -2110 -2133 -2152 -2170 -2171 -2160 -2196 -2245 -2275 -2299 -2325 -2346 -2369 -2397 -2430 -2467 -2486 -2484 -2479 -2497 -2525 -2542 -2548
75 101 318 556 745 895 1019 1179 1326 1382 1367 1295 1194 1101 990 848 723 605 485 355 222 99 23 5 -105 -275 -385 -477 -574 -678 -799 -946 -1101 -1242 -1334 -1400 -1452 -1488 -1494 -1488 -1481 -1492 -1574 -1741 -1749 -1795 -1823 -1843 -1856 -1871 -1855 -1819 -1902 -2005 -2033 -2050 -2068 -2098 -2127 -2140 -2163 -2180 -2203 -2219 -2231 -2250 -2274 -2291 -2327 -2362 -2380 -2401 -2422 -2444 -2465 -2480 -2480 -2468 -2494 -2522 -2549 -2574
29 130 252 449 708 878 963 1089 1225 1308 1286 1209 1146 1048 931 799 674 561 450 310 141 31 6 -71 -158 -320 -444 -558 -674 -798 -932 -1076 -1221 -1352 -1423 -1473 -1510 -1534 -1529 -1510 -1483 -1459 -1525 -1824 -1832 -1864 -1864 -1862 -1879 -1893 -1804 -1673 -1782 -1976 -2044 -2079 -2094 -2114 -2142 -2159 -2187 -2219 -2244 -2258 -2273 -2283 -2281 -2298 -2344 -2381 -2406 -2421 -2427 -2437 -2451 -2474 -2479 -2482 -2520 -2526 -2518 -2566
-198 90 126 363 644 812 919 1066 1182 1226 1219 1208 1128 1008 892 758 637 515 385 211 70 26 10 -163 -324 -423 -524 -640 -769 -908 -1051 -1191 -1323 -1434 -1498 -1538 -1563 -1573 -1562 -1538 -1511 -1519 -1847 -1871 -1882 -1892 -1863 -1859 -1906 -1937 -1876 -1783 -1830 -1959 -1994 -2084 -2112 -2139 -2162 -2185 -2221 -2250 -2269 -2280 -2290 -2303 -2310 -2337 -2362 -2377 -2404 -2426 -2432 -2442 -2465 -2479 -2484 -2507 -2542 -2545 -2539 -2571
-226 50 99 305 574 746 864 1021 1119 1141 1171 1165 1054 942 836 706 570 447 317 121 23 12 -117 -289 -456 -516 -596 -713 -855 -1008 -1161 -1297 -1420 -1519 -1571 -1599 -1613 -1614 -1597 -1573 -1556 -1583 -1732 -1911 -1919 -1920 -1912 -1913 -1942 -1956 -1954 -1889 -1861 -1993 -2053 -2098 -2125 -2148 -2173 -2196 -2228 -2242 -2273 -2282 -2289 -2299 -2325 -2348 -2352 -2351 -2340 -2358 -2420 -2464 -2485 -2489 -2503 -2534 -2544 -2551 -2569 -2591
-328 15 111 231 457 652 805 941 1026 1056 1082 1054 956 866 767 648 514 365 200 56 10 -57 -196 -429 -519 -569 -642 -771 -929 -1098 -1264 -1393 -1510 -1607 -1641 -1656 -1662 -1657 -1631 -1601 -1577 -1592 -1788 -1878 -1951 -1949 -1945 -1949 -1965 -1980 -1990 -1985 -1995 -2011 -2065 -2107 -2129 -2157 -2189 -2208 -2234 -2252 -2286 -2291 -2300 -2312 -2327 -2340 -2337 -2336 -2269 -2210 -2328 -2465 -2500 -2503 -2525 -2547 -2550 -2551 -2568 -2586
-429 2 92 213 375 570 726 861 974 1008 1015 963 878 798 700 576 419 251 90 23 -28 -99 -282 -532 -569 -604 -676 -820 -992 -1171 -1336 -1467 -1574 -1655 -1690 -1703 -1703 -1691 -1660 -1622 -1589 -1597 -1712 -1872 -2002 -1975 -1975 -1978 -1985 -2001 -2016 -2036 -2058 -2070 -2100 -2111 -2123 -2170 -2208 -2231 -2249 -2269 -2291 -2301 -2318 -2330 -2334 -2347 -2356 -2368 -2309 -2207 -2301 -2481 -2509 -2510 -2536 -2539 -2548 -2556 -2571 -2581
-493 3 71 167 341 489 638 782 884 930 925 862 793 711 601 472 287 104 34 8 -124 -264 -386 -516 -575 -626 -698 -870 -1059 -1245 -1411 -1535 -1632 -1703 -1734 -1744 -1742 -1727 -1689 -1640 -1597 -1635 -1739 -1897 -2018 -2016 -2006 -2000 -2005 -2041 -2050 -2060 -2072 -2075 -2089 -2108 -2137 -2200 -2225 -2241 -2269 -2295 -2301 -2318 -2337 -2345 -2345 -2365 -2385 -2413 -2427 -2414 -2461 -2512 -2520 -2526 -2537 -2534 -2547 -2562 -2580 -2582
-502 24 51 110 295 427 570 747 806 845 833 765 688 581 480 359 167 48 30 -148 -320 -466 -460 -523 -599 -682 -787 -956 -1143 -1327 -1488 -1603 -1688 -1749 -1777 -1785 -1780 -1760 -1719 -1669 -1629 -1692 -1894 -1944 -1970 -2014 -2025 -2020 -2020 -2072 -2077 -2074 -2070 -2016 -1972 -2070 -2156 -2221 -2236 -2256 -2279 -2301 -2319 -2332 -2342 -2348 -2359 -2383 -2409 -2458 -2493 -2508 -2504 -2512 -2525 -2530 -2537 -2554 -2557 -2573 -2579 -2587
-526 42 112 78 232 376 543 707 773 784 746 670 586 470 370 231 78 17 5 -200 -402 -456 -448 -532 -639 -753 -883 -1055 -1239 -1418 -1576 -1675 -1747 -1800 -1822 -1827 -1820 -1799 -1754 -1701 -1665 -1745 -1900 -1949 -1981 -2049 -2045 -2054 -2073 -2096 -2100 -2107 -2111 -2099 -2017 -2050 -2163 -2232 -2258 -2270 -2289 -2316 -2340 -2339 -2348 -2362 -2376 -2403 -2443 -2471 -2480 -2512 -2507 -2507 -2523 -2525 -2541 -2554 -2564 -2576 -2579 -2591
-576 53 128 57 185 348 469 602 701 708 671 587 493 388 283 122 31 56 -196 -350 -471 -472 -483 -574 -703 -844 -997 -1166 -1339 -1504 -1644 -1738 -1803 -1846 -1865 -1869 -1859 -1834 -1789 -1736 -1701 -1808 -1927 -1963 -1993 -2072 -2062 -2074 -2102 -2123 -2129 -2133 -2137 -2153 -2120 -2060 -2149 -2248 -2276 -2284 -2302 -2335 -2351 -2354 -2373 -2394 -2405 -2429 -2455 -2462 -2486 -2502 -2496 -2500 -2516 -2527 -2550 -2560 -2572 -2576 -2584 -2598
-645 56 19 42 161 326 409 529 635 651 599 516 433 328 195 65 16 23 -317 -460 -482 -478 -505 -623 -780 -948 -1117 -1282 -1444 -1596 -1726 -1808 -1863 -1898 -1913 -1916 -1905 -1877 -1830 -1777 -1751 -1838 -1958 -1986 -2008 -2080 -2081 -2110 -2128 -2145 -2154 -2159 -2151 -2176 -2182 -2203 -2244 -2279 -2287 -2298 -2325 -2347 -2361 -2372 -2393 -2407 -2413 -2425 -2441 -2459 -2485 -2494 -2498 -2494 -2508 -2536 -2562 -2576 -2572 -2576 -2590 -2603
-736 54 142 26 116 279 374 530 615 601 520 466 381 253 97 27 -26 -242 -343 -433 -473 -493 -526 -690 -875 -1060 -1239 -1397 -1548 -1691 -1816 -1881 -1925 -1954 -1965 -1966 -1956 -1929 -1873 -1805 -1757 -1881 -1994 -2032 -2055 -2124 -2128 -2147 -2162 -2170 -2176 -2180 -2181 -2177 -2187 -2229 -2289 -2313 -2318 -2327 -2342 -2354 -2365 -2382 -2396 -2395 -2421 -2432 -2446 -2471 -2492 -2503 -2495 -2493 -2522 -2550 -2565 -2566 -2570 -2582 -2595 -2604
-824 30 119 175 55 195 365 492 528 471 425 392 308 166 54 20 -115 -314 -357 -432 -506 -575 -663 -818 -999 -1182 -1354 -1504 -1644 -1773 -1881 -1942 -1980 -2005 -2017 -2019 -2009 -1980 -1920 -1848 -1799 -1928 -2024 -2087 -2105 -2148 -2152 -2160 -2174 -2183 -2195 -2198 -2183 -2126 -2177 -2237 -2296 -2320 -2335 -2350 -2359 -2372 -2382 -2390 -2399 -2410 -2434 -2443 -2459 -2485 -2498 -2497 -2495 -2514 -2535 -2536 -2550 -2570 -2568 -2579 -2592 -2602
-847 -714 83 136 181 110 305 391 391 409 365 309 227 100 33 7 -275 -417 -379 -469 -580 -693 -815 -969 -1138 -1310 -1473 -1609 -1734 -1850 -1948 -1999 -2031 -2055 -2067 -2074 -2067 -2042 -1977 -1893 -1832 -1953 -2048 -2107 -2131 -2170 -2163 -2152 -2175 -2193 -2210 -2216 -2203 -2131 -2157 -2228 -2286 -2313 -2337 -2360 -2374 -2386 -2402 -2410 -2413 -2431 -2442 -2454 -2468 -2492 -2500 -2501 -2511 -2528 -2525 -2524 -2545 -2565 -2564 -2576 -2584 -2577
-801 -759 -469 73 137 77 230 354 348 340 281 233 172 75 27 -110 -372 -457 -470 -567 -697 -834 -975 -1125 -1282 -1439 -1586 -1706 -1814 -1913 -1996 -2044 -2074 -2098 -2116 -2128 -2130 -2110 -2044 -1947 -1868 -1963 -2083 -2129 -2201 -2193 -2203 -2212 -2206 -2186 -2215 -2231 -2236 -2176 -2020 -2094 -2232 -2317 -2339 -2363 -2378 -2384 -2402 -2424 -2441 -2445 -2453 -2465 -2483 -2501 -2504 -2509 -2515 -2516 -2524 -2539 -2553 -2565 -2569 -2578 -2581 -2571
-844 -829 -585 -160 75 44 119 262 282 248 203 156 71 17 3 -239 -496 -554 -580 -702 -844 -991 -1138 -1280 -1425 -1568 -1700 -1799 -1888 -1971 -2043 -2082 -2110 -2136 -2159 -2179 -2193 -2191 -2124 -2011 -1910 -1999 -2114 -2165 -2222 -2223 -2223 -2228 -2228 -2232 -2220 -2231 -2249 -2228 -2114 -2101 -2237 -2329 -2339 -2354 -2379 -2386 -2406 -2429 -2445 -2454 -2467 -2479 -2502 -2504 -2506 -2511 -2518 -2525 -2542 -2548 -2560 -2576 -2576 -2578 -2589 -2601
-927 -858 -723 -350 -76 72 38 126 201 179 136 72 16 4 -297 -370 -597 -699 -775 -885 -1017 -1156 -1295 -1428 -1562 -1692 -1800 -1879 -1950 -2012 -2071 -2108 -2132 -2158 -2193 -2218 -2241 -2251 -2218 -2087 -1949 -2021 -2090 -2166 -2221 -2229 -2231 -2237 -2227 -2242 -2218 -2221 -2249 -2269 -2251 -2251 -2302 -2338 -2348 -2362 -2380 -2388 -2409 -2430 -2456 -2479 -2489 -2501 -2511 -2503 -2505 -2521 -2528 -2534 -2547 -2550 -2561 -2569 -2576 -2585 -2599 -2625
-1009 -892 -800 -612 -289 -88 13 26 71 103 69 35 13 4 -284 -472 -680 -865 -982 -1077 -1201 -1322 -1452 -1568 -1691 -1817 -1905 -1951 -2006 -2042 -2099 -2127 -2142 -2163 -2221 -2243 -2270 -2305 -2344 -2180 -1979 -2065 -2116 -2167 -2226 -2231 -2239 -2259 -2261 -2259 -2249 -2219 -2204 -2255 -2283 -2290 -2305 -2350 -2367 -2379 -2387 -2390 -2410 -2437 -2451 -2479 -2501 -2511 -2515 -2512 -2520 -2535 -2532 -2536 -2549 -2555 -2565 -2572 -2596 -2608 -2620 -2643
-1075 -965 -847 -770 -615 -263 -1 -1 -1 28 26 20 10 -128 -395 -145 -699 -1035 -1178 -1236 -1379 -1467 -1601 -1685 -1798 -1934 -1997 -1997 -2055 -2049 -2136 -2138 -2138 -2130 -2241 -2235 -2255 -2283 -2344 -2274 -2009 -2087 -2186 -2211 -2224 -2226 -2246 -2264 -2281 -2273 -2274 -2257 -2193 -2138 -2249 -2295 -2263 -2319 -2378 -2388 -2398 -2409 -2420 -2436 -2434 -2445 -2495 -2526 -2532 -2529 -2544 -2548 -2545 -2554 -2556 -2558 -2565 -2587 -2614 -2617 -2621 -2638
-1122 -1032 -918 -803 -708 -545 -318 -153 -48 -23 11 -158 -147 -228 -71 -265 -906 -1035 -1178 -1237 -1535 -1549 -1714 -1738 -1832 -1934 -1911 -1997 -2055 -2049 -2206 -2087 -2124 -2077 -2120 -2123 -2178 -2238 -2388 -2362 -2041 -2126 -2199 -2219 -2213 -2231 -2251 -2272 -2291 -2289 -2301 -2310 -2270 -2192 -2258 -2325 -2331 -2327 -2388 -2395 -2408 -2443 -2446 -2440 -2410 -2419 -2493 -2514 -2526 -2537 -2551 -2551 -2553 -2561 -2561 -2567 -2583 -2611 -2609 -2607 -2620 -2637
-1205 -1110 -1018 -884 -766 -686 -587 -462 -330 -145 -62 -38 -37 -70 -185 -394 -587 -825 -937 -1209 -1535 -1549 -1641 -1667 -1789 -1845 -1840 -1907 -2068 -2065 -2125 -2108 -2128 -2064 -2024 -2043 -2108 -2152 -2208 -2356 -2226 -2164 -2205 -2225 -2219 -2219 -2232 -2281 -2302 -2305 -2315 -2334 -2333 -2330 -2342 -2359 -2379 -2383 -2394 -2404 -2431 -2445 -2457 -2466 -2459 -2466 -2499 -2517 -2528 -2538 -2554 -2554 -2559 -2562 -2563 -2568 -2583 -2597 -2596 -2608 -2623 -2633
-1297 -1162 -1074 -980 -870 -753 -677 -618 -503 -334 -194 -133 -152 -241 -375 -564 -760 -932 -1058 -1177 -1429 -1498 -1631 -1652 -1749 -1786 -1802 -1855 -1973 -2026 -2016 -2053 -2128 -2063 -2111 -2105 -2109 -2124 -2155 -2320 -2204 -2184 -2213 -2240 -2243 -2238 -2212 -2276 -2313 -2317 -2331 -2348 -2362 -2367 -2369 -2375 -2398 -2410 -2402 -2419 -2448 -2449 -2453 -2471 -2487 -2501 -2500 -2521 -2533 -2548 -2552 -2558 -2557 -2560 -2566 -2568 -2588 -2617 -2600 -2615 -2623 -2629
-1365 -1227 -1162 -1071 -951 -842 -745 -658 -587 -533 -452 -403 -409 -462 -581 -749 -933 -1100 -1199 -1267 -1329 -1387 -1705 -1689 -1759 -1856 -1902 -1882 -1923 -1968 -1992 -2014 -2134 -2038 -2179 -2163 -2136 -2149 -2210 -2286 -2218 -2200 -2256 -2258 -2264 -2280 -2292 -2316 -2325 -2334 -2350 -2357 -2370 -2368 -2378 -2383 -2402 -2429 -2428 -2405 -2440 -2454 -2459 -2491 -2502 -2505 -2500 -2525 -2536 -2537 -2552 -2562 -2564 -2567 -2575 -2585 -2591 -2600 -2599 -2622 -2627 -2633
-1481 -1374 -1257 -1145 -1039 -943 -827 -695 -628 -612 -602 -616 -622 -628 -714 -861 -1011 -1181 -1276 -1336 -1397 -1456 -1502 -1712 -1757 -1871 -1956 -1959 -1950 -1975 -1999 -2021 -2074 -2033 -2153 -2156 -2156 -2167 -2201 -2231 -2229 -2215 -2267 -2275 -2287 -2298 -2308 -2318 -2328 -2338 -2347 -2349 -2358 -2374 -2388 -2399 -2424 -2452 -2450 -2439 -2431 -2467 -2487 -2514 -2521 -2518 -2517 -2525 -2528 -2530 -2546 -2560 -2566 -2576 -2586 -2594 -2591 -2599 -2607 -2614 -2623 -2630
-1522 -1416 -1314 -1223 -1133 -1002 -840 -754 -718 -657 -642 -674 -683 -655 -731 -872 -1023 -1184 -1288 -1362 -1447 -1507 -1554 -1605 -1658 -1924 -1970 -1978 -1981 -2087 -2023 -2048 -2074 -2084 -2192 -2189 -2172 -2183 -2193 -2266 -2237 -2265 -2270 -2281 -2292 -2302 -2313 -2326 -2336 -2345 -2353 -2351 -2361 -2381 -2404 -2410 -2422 -2452 -2464 -2461 -2469 -2477 -2500 -2521 -2527 -2521 -2526 -2523 -2528 -2539 -2548 -2556 -2567 -2578 -2586 -2591 -2593 -2596 -2613 -2621 -2627 -2634
-1567 -1469 -1379 -1288 -1165 -995 -838 -777 -797 -773 -744 -742 -765 -779 -788 -919 -1090 -1220 -1292 -1405 -1487 -1532 -1593 -1650 -1699 -1906 -1969 -1958 -2002 -2154 -2073 -2079 -2082 -2129 -2180 -2189 -2174 -2191 -2232 -2258 -2276 -2267 -2267 -2285 -2298 -2311 -2322 -2336 -2348 -2356 -2363 -2367 -2366 -2387 -2415 -2423 -2445 -2474 -2472 -2484 -2496 -2500 -2512 -2523 -2525 -2525 -2530 -2532 -2538 -2536 -2547 -2550 -2566 -2582 -2586 -2594 -2594 -2599 -2614 -2629 -2642 -2643
-1591 -1516 -1430 -1309 -1197 -1088 -939 -865 -846 -847 -833 -793 -840 -899 -907 -993 -1158 -1250 -1360 -1447 -1519 -1577 -1639 -1702 -1742 -1778 -1923 -1975 -2023 -2098 -2064 -2087 -1991 -2019 -2135 -2161 -2191 -2206 -2289 -2290 -2295 -2290 -2295 -2304 -2313 -2320 -2330 -2345 -2361 -2371 -2376 -2384 -2387 -2399 -2420 -2434 -2471 -2495 -2488 -2496 -2505 -2514 -2520 -2524 -2527 -2538 -2546 -2548 -2540 -2527 -2547 -2561 -2570 -2581 -2585 -2595 -2603 -2607 -2618 -2631 -2641 -2641
