processed_DEMs/25_25_336.asc
ncols        25
nrows        25
xllcorner    15.608333333333
yllcorner    38.187500000000
cellsize     0.004166666667
NODATA_value -32767
 -72 -78 -84 -88 -95 -137 -162 -169 -177 -182 -189 -194 -194 -182 -176 -174 -175 -178 -181 -182 -186 -198 -202 -214 -227
 -60 -69 -76 -82 -82 -78 -126 -139 -155 -167 -179 -182 -185 -181 -177 -177 -180 -185 -189 -188 -193 -199 -209 -220 -234
 -40 -53 -61 -67 -73 -78 -83 -106 -130 -143 -171 -178 -182 -181 -183 -186 -189 -194 -199 -202 -203 -210 -218 -231 -247
 -8 -29 -33 -36 -42 -46 -52 -57 -88 -92 -158 -176 -181 -182 -189 -197 -204 -215 -216 -221 -228 -231 -234 -248 -266
 14 -5 -8 -10 -9 -10 -17 6 -12 -22 -143 -151 -165 -177 -197 -218 -231 -235 -240 -254 -256 -257 -256 -271 -288
 86 81 76 71 50 32 6 2 5 6 -220 -134 -124 -155 -205 -240 -253 -264 -276 -286 -278 -280 -281 -295 -306
 66 53 35 24 14 7 5 6 7 8 8 -141 -115 -125 -185 -228 -272 -284 -290 -290 -291 -290 -294 -299 -300
 14 7 5 4 5 7 6 6 -243 -142 -172 -169 -167 -188 -223 -250 -269 -282 -289 -293 -293 -286 -276 -279 -263
 9 7 -73 -95 -142 -172 -64 -69 -84 -211 -231 -236 -237 -238 -246 -260 -270 -274 -272 -271 -263 -254 -243 -211 -186
 -48 -42 -77 -105 -119 -130 -121 -145 -175 -211 -257 -253 -247 -236 -232 -221 -202 -198 -187 -171 -153 52 72 63 38
 -67 -94 -109 -114 -107 -122 -125 -138 -180 -209 -226 -218 -199 -188 -166 -102 -69 61 63 98 188 241 272 254 195
 -96 -107 -110 -93 -89 -109 -130 -152 -181 -207 -193 -173 -173 -154 -64 -54 57 115 188 203 275 432 480 436 362
 -111 -106 -112 -99 -109 -107 -133 -137 -157 -178 -162 -154 -152 -115 18 39 76 132 219 283 325 415 463 512 447
 -133 -130 -99 -83 -103 -106 -123 -119 -128 -146 14 15 27 52 79 113 158 243 274 259 252 295 367 501 597
 -162 -141 -102 -77 -71 -94 7 12 37 63 66 75 96 130 165 215 262 309 378 386 330 358 368 408 496
 -182 -172 -133 -81 -64 -52 12 33 72 112 135 157 185 239 284 294 336 380 425 467 451 471 480 504 489
 -196 -168 -151 -122 -68 -22 13 38 67 99 131 158 191 238 283 311 345 382 404 428 443 442 502 556 547
 -206 -177 -154 -128 -58 -28 13 34 64 96 116 138 163 191 215 228 246 272 295 314 348 386 431 454 473
 -218 -209 -181 -151 -72 -36 11 36 63 92 111 129 148 166 175 168 188 211 211 218 238 272 277 328 381
 -245 -235 -202 -160 -104 -48 15 39 72 100 116 130 141 149 146 150 167 177 165 170 170 182 199 210 221
 -272 -269 -237 -196 -130 -65 16 41 73 101 109 116 122 119 106 110 115 124 137 165 223 268 327 320 337
 -303 -290 -257 -217 -146 -77 15 44 71 80 72 70 69 73 83 103 124 154 175 197 242 276 307 331 364
 -314 -296 -255 -218 -159 -93 13 44 53 45 45 53 67 88 117 141 151 160 177 196 248 304 343 385 412
 -318 -287 -257 -223 -175 -116 11 33 32 33 41 66 107 133 149 168 192 208 223 231 232 277 333 383 389
 -318 -295 -266 -232 -184 -125 7 13 20 28 54 99 129 141 148 142 135 144 170 191 225 247 254 280 285
