processed_DEMs/25_25_419.asc
ncols        25
nrows        25
xllcorner    3.879166666667
yllcorner    40.025000000000
cellsize     0.004166666667
NODATA_value -32767
 -129 -126 -123 -121 -118 -116 -115 -102 -98 -85 -80 -86 -85 -78 -73 -70 -69 -70 -76 -84 -83 -80 -77 -75 -74
 -118 -115 -112 -109 -108 -106 -102 -83 -77 -76 -76 -78 -71 -65 -63 -64 -72 -75 -76 -76 -73 -71 -69 -68 -68
 -106 -103 -100 -98 -90 -87 -82 -79 -78 -75 -73 -68 -63 -60 -61 -67 -73 -71 -69 -66 -65 -64 -63 -62 -62
 -94 -92 -82 -79 -72 -69 -71 -75 -77 -71 -66 -62 -61 -60 -64 -68 -66 -63 -60 -59 -59 -59 -58 -58 -58
 -78 -75 -65 -62 -64 -65 -69 -73 -72 -67 -66 -64 -63 -65 -67 -64 -61 -58 -56 -56 -56 -56 -56 -56 -57
 -66 -61 -61 -60 -62 -64 -68 -71 -70 -69 -69 -68 -67 -67 -65 -62 -59 -57 -55 -55 -55 -56 -56 -56 -57
 -66 -61 -60 -60 -61 -62 -65 -68 -68 -68 -68 -68 -67 -65 -63 -60 -58 -57 -55 -55 -55 -55 -56 -56 -56
 -64 -60 -59 -59 -59 -60 -62 -64 -65 -64 -64 -64 -63 -62 -60 -59 -57 -56 -55 -55 -55 -56 -55 -55 -56
 -62 -58 -57 -57 -57 -58 -59 -60 -61 -61 -60 -60 -60 -59 -58 -57 -56 -56 -55 -55 -55 -56 -55 -55 -55
 -62 -57 -55 -55 -55 -55 -56 -57 -57 -57 -56 -56 -56 -55 -55 -55 -55 -55 -55 -55 -55 -55 -53 -53 -55
 -61 -55 -54 -54 -53 -53 -54 -54 -54 -54 -53 -53 -53 -53 -52 -52 -53 -54 -55 -55 -55 -54 -55 -53 -52
 -63 -60 -54 -53 -53 -53 -53 -53 -53 -54 -53 -52 -52 -52 -52 -51 -51 -52 -52 -52 -52 -51 -50 -49 -49
 -60 -59 -53 -51 -50 -51 -50 -50 -50 -51 -50 -49 -50 -50 -49 -48 -49 -49 -49 -49 -48 -48 -47 -46 -46
 -52 -55 -55 -51 -48 -47 -47 -46 -46 -46 -46 -45 -46 -46 -45 -45 -45 -46 -46 -45 -45 -45 -44 -43 -44
 -41 -42 -46 -48 -47 -44 -43 -43 -42 -42 -42 -41 -42 -42 -41 -39 -39 -40 -42 -42 -41 -40 -40 -40 -40
 -37 -35 -35 -38 -40 -40 -40 -41 -40 -38 -38 -37 -35 -34 -33 -30 -28 1 1 -35 -34 -33 -32 -32 -32
 -33 -30 -29 -29 -30 -32 -33 -34 -34 -31 -31 -27 30 50 33 3 13 22 58 90 98 -22 -23 -22 -23
 -24 39 59 55 61 64 48 -25 1 4 55 72 77 69 66 82 90 88 113 151 138 50 -12 -13 -15
 41 56 76 68 66 67 49 19 9 18 45 60 63 92 101 122 142 162 161 137 83 22 35 27 21
 56 64 68 58 56 54 52 44 24 22 8 10 12 30 45 47 72 114 98 79 52 32 52 60 64
 78 72 66 61 61 68 73 69 42 30 10 3 4 11 18 25 28 39 53 94 63 58 72 102 129
 76 62 63 69 73 85 91 86 70 43 19 11 8 7 7 6 14 42 65 81 48 41 63 99 123
 61 52 53 58 68 85 98 99 91 67 38 29 45 53 55 30 20 29 29 32 30 39 50 72 89
 54 51 47 48 59 84 103 106 98 83 63 62 70 96 93 63 50 33 30 35 34 46 56 81 105
 50 48 48 55 66 87 101 106 107 90 64 72 82 99 113 100 70 53 39 43 48 43 49 82 128
